0 	-32.0979 	0 	0 	0
0.000571357 	-32.5098 	1.21638 	-0.113852 	0
0.00114271 	-33.1662 	1.93499 	-0.248778 	0
0.00171407 	-33.7715 	2.61082 	-0.384968 	0
0.00228543 	-34.2817 	3.30853 	-0.520993 	0
0.00285678 	-34.6989 	4.05279 	-0.656452 	0
0.00342814 	-35.0347 	4.86029 	-0.791037 	0
0.0039995 	-35.3075 	5.73991 	-0.924288 	0
0.00457085 	-35.5334 	6.70074 	-1.05621 	0
0.00514221 	-35.7266 	7.74779 	-1.18586 	0
0.00571357 	-35.9018 	8.88704 	-1.31368 	0
0.00628492 	-36.0361 	10.1215 	-1.43882 	0
0.00685628 	-36.0586 	11.4824 	-1.5601 	0
0.00742764 	-36.077 	13.0093 	-1.67743 	0
0.00799899 	-36.18 	14.6785 	-1.78831 	0
0.00857035 	-36.3348 	16.4449 	-1.89426 	0
0.00914171 	-36.5346 	18.3022 	-1.99498 	0
0.00971307 	-36.782 	20.2044 	-2.09025 	0
0.0102844 	-37.0976 	22.0972 	-2.17742 	0
0.0108558 	-37.4641 	23.9407 	-2.25781 	0
0.0114271 	-37.8539 	25.7318 	-2.33015 	0
0.0119985 	-38.2556 	27.5554 	-2.39557 	0
0.0125698 	-38.6026 	29.1417 	-2.44502 	0
0.0131412 	-39.1676 	31.5838 	-2.50559 	0
0.0137126 	-39.7336 	33.8202 	-2.54898 	0
0.0142839 	-40.3312 	34.8449 	-2.56269 	0
0.0148553 	-40.9238 	35.3435 	-2.56401 	0
0.0154266 	-41.5133 	35.7656 	-2.56019 	0
0.015998 	-42.0928 	36.1846 	-2.55648 	0
0.0165693 	-42.6676 	36.5872 	-2.5517 	0
0.0171407 	-43.2368 	36.963 	-2.54535 	0
0.0177121 	-43.8002 	37.3201 	-2.53808 	0
0.0182834 	-44.3588 	37.6627 	-2.53007 	0
0.0188548 	-44.8971 	37.9887 	-2.52057 	0
0.0194261 	-45.44 	38.2995 	-2.51107 	0
0.0199975 	-45.9698 	38.6048 	-2.50088 	0
0.0205688 	-46.4921 	38.8903 	-2.49009 	0
0.0211402 	-47.0138 	39.1732 	-2.47923 	0
0.0217116 	-47.5139 	39.4389 	-2.46744 	0
0.0222829 	-48.0077 	39.7049 	-2.45539 	0
0.0228543 	-48.506 	39.9512 	-2.44357 	0
0.0234256 	-48.9801 	40.1972 	-2.43084 	0
0.023997 	-49.4721 	40.4319 	-2.41875 	0
0.0245683 	-49.9241 	40.6541 	-2.40533 	0
0.0251397 	-50.376 	40.8763 	-2.39191 	0
0.0257111 	-50.8464 	41.0774 	-2.37875 	0
0.0262824 	-51.273 	41.2644 	-2.36399 	0
0.0268538 	-51.6996 	41.4513 	-2.34923 	0
0.0274251 	-52.1423 	41.6238 	-2.33458 	0
0.0279965 	-52.554 	41.7514 	-2.31783 	0
0.0285678 	-52.9513 	41.8806 	-2.30068 	0
0.0291392 	-53.3487 	42.0098 	-2.28354 	0
0.0297106 	-53.7728 	42.1036 	-2.26604 	0
0.0302819 	-54.1349 	42.1553 	-2.24521 	0
0.0308533 	-54.497 	42.207 	-2.22438 	0
0.0314246 	-54.859 	42.2588 	-2.20355 	0
0.031996 	-55.2244 	42.3073 	-2.18278 	0
0.0325673 	-55.5857 	42.3017 	-2.16122 	0
0.0331387 	-55.9071 	42.2964 	-2.13841 	0
0.0337101 	-56.2286 	42.2912 	-2.11561 	0
0.0342814 	-56.5501 	42.2859 	-2.09281 	0
0.0348528 	-56.8748 	42.2811 	-2.07027 	0
0.0354241 	-57.1979 	42.2805 	-2.05027 	0
0.0359955 	-57.4776 	42.2783 	-2.02891 	0
0.0365668 	-57.7573 	42.2762 	-2.00756 	0
0.0371382 	-58.0369 	42.2741 	-1.98621 	0
0.0377095 	-58.3166 	42.2719 	-1.96486 	0
0.0382809 	-58.6128 	42.2743 	-1.94487 	0
0.0388523 	-58.8756 	42.284 	-1.92576 	0
0.0394236 	-59.1153 	42.2931 	-1.906 	0
0.039995 	-59.355 	42.3022 	-1.88623 	0
0.0405663 	-59.5946 	42.3112 	-1.86647 	0
0.0411377 	-59.8343 	42.3203 	-1.84671 	0
0.041709 	-60.074 	42.3293 	-1.82695 	0
0.0422804 	-60.3405 	42.3361 	-1.80934 	0
0.0428518 	-60.5421 	42.3407 	-1.79052 	0
0.0434231 	-60.7438 	42.3453 	-1.77171 	0
0.0439945 	-60.9455 	42.3498 	-1.7529 	0
0.0445658 	-61.1471 	42.3544 	-1.73408 	0
0.0451372 	-61.3488 	42.359 	-1.71527 	0
0.0457085 	-61.5504 	42.3635 	-1.69646 	0
0.0462799 	-61.7615 	42.3685 	-1.67837 	0
0.0468513 	-61.9668 	42.3739 	-1.6617 	0
0.0474226 	-62.1323 	42.3784 	-1.6441 	0
0.047994 	-62.2979 	42.3828 	-1.62651 	0
0.0485653 	-62.4634 	42.3873 	-1.60891 	0
0.0491367 	-62.629 	42.3918 	-1.59131 	0
0.049708 	-62.7945 	42.3962 	-1.57371 	0
0.0502794 	-62.9601 	42.4007 	-1.55611 	0
0.0508508 	-63.1256 	42.4052 	-1.53852 	0
0.0514221 	-63.3112 	42.4102 	-1.52251 	0
0.0519935 	-63.462 	42.4145 	-1.50649 	0
0.0525648 	-63.5947 	42.4183 	-1.49008 	0
0.0531362 	-63.7274 	42.4222 	-1.47367 	0
0.0537075 	-63.86 	42.4261 	-1.45726 	0
0.0542789 	-63.9927 	42.4299 	-1.44085 	0
0.0548503 	-64.1253 	42.4338 	-1.42444 	0
0.0554216 	-64.258 	42.4377 	-1.40803 	0
0.055993 	-64.3906 	42.4415 	-1.39162 	0
0.0565643 	-64.5233 	42.4454 	-1.37521 	0
0.0571357 	-64.6723 	42.4498 	-1.36074 	0
0.057707 	-64.7895 	42.4535 	-1.34624 	0
0.0582784 	-64.8903 	42.4568 	-1.33142 	0
0.0588497 	-64.9911 	42.4601 	-1.3166 	0
0.0594211 	-65.0919 	42.4634 	-1.30179 	0
0.0599925 	-65.1928 	42.4667 	-1.28697 	0
0.0605638 	-65.2936 	42.47 	-1.27215 	0
0.0611352 	-65.3944 	42.4734 	-1.25733 	0
0.0617065 	-65.4952 	42.4767 	-1.24251 	0
0.0622779 	-65.596 	42.48 	-1.22769 	0
0.0628492 	-65.6968 	42.4833 	-1.21287 	0
0.0634206 	-65.8065 	42.4869 	-1.19877 	0
0.063992 	-65.914 	42.4906 	-1.1855 	0
0.0645633 	-65.992 	42.4937 	-1.17168 	0
0.0651347 	-66.07 	42.4967 	-1.15786 	0
0.065706 	-66.1481 	42.4997 	-1.14403 	0
0.0662774 	-66.2261 	42.5028 	-1.13021 	0
0.0668487 	-66.3041 	42.5058 	-1.11639 	0
0.0674201 	-66.3822 	42.5088 	-1.10257 	0
0.0679915 	-66.4602 	42.5119 	-1.08875 	0
0.0685628 	-66.5383 	42.5149 	-1.07493 	0
0.0691342 	-66.6163 	42.5179 	-1.06111 	0
0.0697055 	-66.6955 	42.521 	-1.04733 	0
0.0702769 	-66.7921 	42.5248 	-1.03451 	0
0.0708482 	-66.8551 	42.5279 	-1.02106 	0
0.0714196 	-66.918 	42.5309 	-1.00762 	0
0.071991 	-66.9809 	42.5339 	-0.994182 	0
0.0725623 	-67.0439 	42.5369 	-0.980741 	0
0.0731337 	-67.1068 	42.5399 	-0.9673 	0
0.073705 	-67.1698 	42.543 	-0.953859 	0
0.0742764 	-67.2327 	42.546 	-0.940418 	0
0.0748477 	-67.2956 	42.549 	-0.926977 	0
0.0754191 	-67.3619 	42.5522 	-0.913722 	0
0.0759905 	-67.4334 	42.5558 	-0.901258 	0
0.0765618 	-67.4839 	42.5589 	-0.888414 	0
0.0771332 	-67.5344 	42.562 	-0.87557 	0
0.0777045 	-67.5849 	42.5651 	-0.862726 	0
0.0782759 	-67.6353 	42.5682 	-0.849882 	0
0.0788472 	-67.6858 	42.5713 	-0.837038 	0
0.0794186 	-67.7363 	42.5744 	-0.824195 	0
0.0799899 	-67.7868 	42.5775 	-0.811351 	0
0.0805613 	-67.8476 	42.5811 	-0.799012 	0
0.0811327 	-67.8934 	42.5846 	-0.786682 	0
0.081704 	-67.9348 	42.588 	-0.77427 	0
0.0822754 	-67.9762 	42.5913 	-0.761857 	0
0.0828467 	-68.0176 	42.5947 	-0.749445 	0
0.0834181 	-68.059 	42.5981 	-0.737033 	0
0.0839894 	-68.1004 	42.6014 	-0.724621 	0
0.0845608 	-68.1418 	42.6048 	-0.712211 	0
0.0851322 	-68.191 	42.6089 	-0.700414 	0
0.0857035 	-68.2254 	42.6127 	-0.688338 	0
0.0862749 	-68.2599 	42.6165 	-0.676262 	0
0.0868462 	-68.2944 	42.6203 	-0.664186 	0
0.0874176 	-68.3289 	42.6241 	-0.65211 	0
0.0879889 	-68.3634 	42.6279 	-0.640034 	0
0.0885603 	-68.4049 	42.6322 	-0.628256 	0
0.0891317 	-68.4358 	42.6367 	-0.616462 	0
0.089703 	-68.4649 	42.6411 	-0.604634 	0
0.0902744 	-68.4941 	42.6456 	-0.592806 	0
0.0908457 	-68.5232 	42.65 	-0.580978 	0
0.0914171 	-68.5524 	42.6545 	-0.569149 	0
0.0919884 	-68.5869 	42.6597 	-0.557644 	0
0.0925598 	-68.6118 	42.665 	-0.546014 	0
0.0931312 	-68.6366 	42.6704 	-0.534384 	0
0.0937025 	-68.6615 	42.6757 	-0.522755 	0
0.0942739 	-68.6864 	42.681 	-0.511125 	0
0.0948452 	-68.7152 	42.6873 	-0.499753 	0
0.0954166 	-68.7366 	42.6938 	-0.488273 	0
0.0959879 	-68.7581 	42.7003 	-0.476794 	0
0.0965593 	-68.7795 	42.7067 	-0.465314 	0
0.0971307 	-68.8048 	42.7139 	-0.454005 	0
0.097702 	-68.8234 	42.7218 	-0.44265 	0
0.0982734 	-68.842 	42.7298 	-0.431295 	0
0.0988447 	-68.8605 	42.7378 	-0.41994 	0
0.0994161 	-68.8816 	42.7469 	-0.408745 	0
0.0999874 	-68.8978 	42.7567 	-0.397488 	0
0.100559 	-68.914 	42.7665 	-0.38623 	0
0.10113 	-68.9325 	42.7769 	-0.375078 	0
0.101702 	-68.9468 	42.7889 	-0.363908 	0
0.102273 	-68.961 	42.8009 	-0.352733 	0
0.102844 	-68.9768 	42.8139 	-0.341661 	0
0.103416 	-68.9893 	42.8284 	-0.330558 	0
0.103987 	-69.0018 	42.8429 	-0.319454 	0
0.104558 	-69.0149 	42.8599 	-0.308459 	0
0.10513 	-69.0259 	42.8773 	-0.297405 	0
0.105701 	-69.0375 	42.8967 	-0.286451 	0
0.106272 	-69.0473 	42.9171 	-0.275466 	0
0.106844 	-69.0574 	42.9401 	-0.264553 	0
0.107415 	-69.0663 	42.9641 	-0.253621 	0
0.107986 	-69.0745 	42.9916 	-0.242818 	0
0.108558 	-69.0819 	42.9983 	-0.232003 	0
0.109129 	-69.0871 	42.8867 	-0.219432 	0
0.109701 	-69.0889 	42.4134 	-0.200808 	0
0.110272 	-69.0914 	41.194 	-0.170252 	0
0.110843 	-69.0984 	39.3278 	-0.13331 	0
0.111415 	-69.1077 	37.1594 	-0.0979588 	0
0.111986 	-69.1217 	34.7853 	-0.0667665 	0
0.112557 	-69.1424 	32.0266 	-0.0398883 	0
0.113129 	-69.1684 	27.9014 	-0.0167625 	0
0.1137 	-69.1883 	1.17401e-10 	-3.94121e-15 	0
