0 	-9.53697 	0 	0 	0
0.000571357 	-9.89181 	4.06507 	-0.102324 	0
0.00114271 	-10.4688 	4.84352 	-0.225057 	0
0.00171407 	-11.0108 	5.52527 	-0.349565 	0
0.00228543 	-11.4708 	6.2106 	-0.473233 	0
0.00285678 	-11.8534 	6.93228 	-0.596502 	0
0.00342814 	-12.1651 	7.70695 	-0.717843 	0
0.0039995 	-12.4243 	8.54683 	-0.837788 	0
0.00457085 	-12.6447 	9.45889 	-0.955422 	0
0.00514221 	-12.8395 	10.4504 	-1.07046 	0
0.00571357 	-13.0211 	11.5229 	-1.1821 	0
0.00628492 	-13.1988 	12.6802 	-1.29072 	0
0.00685628 	-13.3151 	13.9328 	-1.39522 	0
0.00742764 	-13.3673 	15.3192 	-1.4942 	0
0.00799899 	-13.477 	16.8453 	-1.58441 	0
0.00857035 	-13.6587 	18.4915 	-1.67113 	0
0.00914171 	-13.9044 	20.1975 	-1.74814 	0
0.00971307 	-14.1998 	21.9547 	-1.82176 	0
0.0102844 	-14.5605 	23.6968 	-1.88787 	0
0.0108558 	-14.9745 	25.3746 	-1.94604 	0
0.0114271 	-15.4164 	27.011 	-1.99795 	0
0.0119985 	-15.8794 	28.6867 	-2.04462 	0
0.0125698 	-16.28 	30.1535 	-2.07983 	0
0.0131412 	-16.9185 	32.4244 	-2.12087 	0
0.0137126 	-17.5509 	34.3066 	-2.14634 	0
0.0142839 	-18.2181 	34.9172 	-2.15424 	0
0.0148553 	-18.8854 	35.3468 	-2.15793 	0
0.0154266 	-19.5495 	35.7587 	-2.16011 	0
0.015998 	-20.214 	36.1511 	-2.16184 	0
0.0165693 	-20.8753 	36.5212 	-2.16209 	0
0.0171407 	-21.5325 	36.8742 	-2.16121 	0
0.0177121 	-22.1847 	37.213 	-2.15933 	0
0.0182834 	-22.8314 	37.5392 	-2.15649 	0
0.0188548 	-23.4781 	37.8487 	-2.15361 	0
0.0194261 	-24.119 	38.1467 	-2.14998 	0
0.0199975 	-24.7475 	38.4415 	-2.14498 	0
0.0205688 	-25.3854 	38.7146 	-2.1411 	0
0.0211402 	-25.9997 	38.9898 	-2.13477 	0
0.0217116 	-26.6271 	39.2452 	-2.13006 	0
0.0222829 	-27.2287 	39.5046 	-2.1229 	0
0.0228543 	-27.8417 	39.7422 	-2.1171 	0
0.0234256 	-28.4441 	39.9798 	-2.11046 	0
0.023997 	-29.0288 	40.2081 	-2.1024 	0
0.0245683 	-29.6278 	40.4176 	-2.09563 	0
0.0251397 	-30.203 	40.631 	-2.08715 	0
0.0257111 	-30.7708 	40.8224 	-2.0779 	0
0.0262824 	-31.3503 	40.9909 	-2.06925 	0
0.0268538 	-31.9118 	41.1631 	-2.05949 	0
0.0274251 	-32.4483 	41.3263 	-2.04795 	0
0.0279965 	-33.0023 	41.4324 	-2.0365 	0
0.0285678 	-33.5562 	41.5386 	-2.02505 	0
0.0291392 	-34.0722 	41.6535 	-2.0115 	0
0.0297106 	-34.5819 	41.7369 	-1.99697 	0
0.0302819 	-35.1006 	41.7711 	-1.98203 	0
0.0308533 	-35.6194 	41.8052 	-1.96709 	0
0.0314246 	-36.1071 	41.8444 	-1.95039 	0
0.031996 	-36.5739 	41.8843 	-1.93255 	0
0.0325673 	-37.0484 	41.8769 	-1.91604 	0
0.0331387 	-37.5229 	41.8695 	-1.89954 	0
0.0337101 	-37.9974 	41.8621 	-1.88303 	0
0.0342814 	-38.4282 	41.8556 	-1.8639 	0
0.0348528 	-38.8501 	41.8499 	-1.84446 	0
0.0354241 	-39.2779 	41.8535 	-1.82905 	0
0.0359955 	-39.7058 	41.8572 	-1.81364 	0
0.0365668 	-40.1336 	41.8608 	-1.79823 	0
0.0371382 	-40.5425 	41.8636 	-1.78175 	0
0.0377095 	-40.9169 	41.8648 	-1.76333 	0
0.0382809 	-41.294 	41.8699 	-1.74616 	0
0.0388523 	-41.6763 	41.8828 	-1.73145 	0
0.0394236 	-42.0585 	41.8956 	-1.71673 	0
0.039995 	-42.4408 	41.9085 	-1.70202 	0
0.0405663 	-42.8183 	41.9212 	-1.68708 	0
0.0411377 	-43.1472 	41.9327 	-1.66979 	0
0.041709 	-43.4762 	41.9441 	-1.6525 	0
0.0422804 	-43.8104 	41.9524 	-1.63735 	0
0.0428518 	-44.1462 	41.9597 	-1.62283 	0
0.0434231 	-44.482 	41.9671 	-1.60832 	0
0.0439945 	-44.8178 	41.9744 	-1.5938 	0
0.0445658 	-45.1535 	41.9818 	-1.57928 	0
0.0451372 	-45.4426 	41.9882 	-1.56276 	0
0.0457085 	-45.7266 	41.9945 	-1.54601 	0
0.0462799 	-46.0117 	42.001 	-1.52996 	0
0.0468513 	-46.3006 	42.0084 	-1.516 	0
0.0474226 	-46.5894 	42.0157 	-1.50205 	0
0.047994 	-46.8783 	42.023 	-1.48809 	0
0.0485653 	-47.1671 	42.0303 	-1.47413 	0
0.0491367 	-47.456 	42.0376 	-1.46018 	0
0.049708 	-47.7123 	42.0442 	-1.44495 	0
0.0502794 	-47.952 	42.0504 	-1.42908 	0
0.0508508 	-48.1917 	42.0566 	-1.41322 	0
0.0514221 	-48.4337 	42.0629 	-1.39886 	0
0.0519935 	-48.6769 	42.0693 	-1.38543 	0
0.0525648 	-48.9202 	42.0757 	-1.372 	0
0.0531362 	-49.1635 	42.0821 	-1.35858 	0
0.0537075 	-49.4068 	42.0885 	-1.34515 	0
0.0542789 	-49.6501 	42.0949 	-1.33172 	0
0.0548503 	-49.8835 	42.1011 	-1.31795 	0
0.0554216 	-50.0815 	42.1064 	-1.30293 	0
0.055993 	-50.2794 	42.1118 	-1.28791 	0
0.0565643 	-50.4773 	42.1172 	-1.2729 	0
0.0571357 	-50.6728 	42.1226 	-1.25973 	0
0.057707 	-50.8673 	42.1281 	-1.24726 	0
0.0582784 	-51.0619 	42.1336 	-1.23479 	0
0.0588497 	-51.2564 	42.139 	-1.22232 	0
0.0594211 	-51.4509 	42.1445 	-1.20985 	0
0.0599925 	-51.6455 	42.15 	-1.19738 	0
0.0605638 	-51.84 	42.1555 	-1.18491 	0
0.0611352 	-52.0192 	42.1606 	-1.17195 	0
0.0617065 	-52.1744 	42.1652 	-1.1582 	0
0.0622779 	-52.3295 	42.1697 	-1.14446 	0
0.0628492 	-52.4847 	42.1743 	-1.13072 	0
0.0634206 	-52.6411 	42.179 	-1.11768 	0
0.063992 	-52.7993 	42.1839 	-1.10577 	0
0.0645633 	-52.9575 	42.1888 	-1.09385 	0
0.0651347 	-53.1157 	42.1937 	-1.08193 	0
0.065706 	-53.2739 	42.1986 	-1.07002 	0
0.0662774 	-53.4321 	42.2035 	-1.0581 	0
0.0668487 	-53.5903 	42.2084 	-1.04618 	0
0.0674201 	-53.7468 	42.2132 	-1.03421 	0
0.0679915 	-53.8706 	42.2173 	-1.02125 	0
0.0685628 	-53.9945 	42.2214 	-1.00829 	0
0.0691342 	-54.1183 	42.2255 	-0.995326 	0
0.0697055 	-54.2426 	42.2296 	-0.982416 	0
0.0702769 	-54.3757 	42.2343 	-0.970597 	0
0.0708482 	-54.5089 	42.2389 	-0.958778 	0
0.0714196 	-54.642 	42.2436 	-0.946959 	0
0.071991 	-54.7751 	42.2483 	-0.93514 	0
0.0725623 	-54.9083 	42.2529 	-0.92332 	0
0.0731337 	-55.0414 	42.2576 	-0.911501 	0
0.073705 	-55.1548 	42.2618 	-0.899099 	0
0.0742764 	-55.2574 	42.2657 	-0.886377 	0
0.0748477 	-55.36 	42.2697 	-0.873656 	0
0.0754191 	-55.4638 	42.2737 	-0.86113 	0
0.0759905 	-55.5742 	42.2782 	-0.849671 	0
0.0765618 	-55.6847 	42.2828 	-0.838212 	0
0.0771332 	-55.7952 	42.2873 	-0.826753 	0
0.0777045 	-55.9056 	42.2918 	-0.815295 	0
0.0782759 	-56.0161 	42.2963 	-0.803836 	0
0.0788472 	-56.1114 	42.3005 	-0.79193 	0
0.0794186 	-56.1955 	42.3044 	-0.779692 	0
0.0799899 	-56.2796 	42.3083 	-0.767453 	0
0.0805613 	-56.3683 	42.3125 	-0.755767 	0
0.0811327 	-56.4613 	42.3171 	-0.744574 	0
0.081704 	-56.5542 	42.3217 	-0.733381 	0
0.0822754 	-56.6472 	42.3263 	-0.722188 	0
0.0828467 	-56.7401 	42.3309 	-0.710996 	0
0.0834181 	-56.818 	42.3351 	-0.699347 	0
0.0839894 	-56.888 	42.3392 	-0.687461 	0
0.0845608 	-56.9581 	42.3432 	-0.675578 	0
0.0851322 	-57.0372 	42.3481 	-0.664602 	0
0.0857035 	-57.1163 	42.353 	-0.653627 	0
0.0862749 	-57.1954 	42.3578 	-0.642651 	0
0.0868462 	-57.2744 	42.3627 	-0.631676 	0
0.0874176 	-57.3385 	42.3672 	-0.620225 	0
0.0879889 	-57.3976 	42.3716 	-0.60862 	0
0.0885603 	-57.4606 	42.3764 	-0.597361 	0
0.0891317 	-57.5285 	42.3818 	-0.586547 	0
0.089703 	-57.5964 	42.3872 	-0.575733 	0
0.0902744 	-57.6643 	42.3926 	-0.564918 	0
0.0908457 	-57.7194 	42.3977 	-0.553676 	0
0.0914171 	-57.7699 	42.4026 	-0.542278 	0
0.0919884 	-57.8263 	42.4085 	-0.531392 	0
0.0925598 	-57.885 	42.4146 	-0.520713 	0
0.0931312 	-57.9437 	42.4208 	-0.510034 	0
0.0937025 	-57.9951 	42.4268 	-0.49909 	0
0.0942739 	-58.0386 	42.4326 	-0.487861 	0
0.0948452 	-58.0876 	42.4394 	-0.477101 	0
0.0954166 	-58.1387 	42.4467 	-0.466525 	0
0.0959879 	-58.1898 	42.454 	-0.455949 	0
0.0965593 	-58.2288 	42.4609 	-0.4449 	0
0.0971307 	-58.269 	42.4685 	-0.434023 	0
0.097702 	-58.3138 	42.4772 	-0.423536 	0
0.0982734 	-58.3585 	42.4858 	-0.413048 	0
0.0988447 	-58.3925 	42.4942 	-0.402104 	0
0.0994161 	-58.429 	42.5038 	-0.391437 	0
0.0999874 	-58.4683 	42.5143 	-0.381021 	0
0.100559 	-58.5032 	42.5247 	-0.370398 	0
0.10113 	-58.5335 	42.5354 	-0.35963 	0
0.101702 	-58.5683 	42.5481 	-0.349276 	0
0.102273 	-58.5994 	42.5607 	-0.338739 	0
0.102844 	-58.6267 	42.574 	-0.328099 	0
0.103416 	-58.6576 	42.5892 	-0.317801 	0
0.103987 	-58.6822 	42.6042 	-0.307161 	0
0.104558 	-58.7089 	42.6217 	-0.296819 	0
0.10513 	-58.7331 	42.6396 	-0.286367 	0
0.105701 	-58.756 	42.6595 	-0.275975 	0
0.106272 	-58.7778 	42.6805 	-0.265587 	0
0.106844 	-58.7986 	42.7042 	-0.255293 	0
0.107415 	-58.8169 	42.7287 	-0.24487 	0
0.107986 	-58.8359 	42.7535 	-0.234827 	0
0.108558 	-58.851 	42.7193 	-0.22396 	0
0.109129 	-58.8637 	42.5047 	-0.210318 	0
0.109701 	-58.8736 	41.828 	-0.189056 	0
0.110272 	-58.8842 	40.4313 	-0.156935 	0
0.110843 	-58.8969 	38.5565 	-0.122016 	0
0.111415 	-58.911 	36.452 	-0.0890671 	0
0.111986 	-58.9288 	34.1717 	-0.060558 	0
0.112557 	-58.9512 	31.5005 	-0.0360344 	0
0.113129 	-58.9767 	27.4616 	-0.0150238 	0
0.1137 	-58.9947 	1.15627e-10 	-3.64872e-15 	0
