0 	7.9951 	0 	0 	0
0.000571357 	7.9606 	15.238 	-0.0164939 	0
0.00114271 	7.87484 	16.6024 	-0.0439311 	0
0.00171407 	7.77902 	17.3857 	-0.0733884 	0
0.00228543 	7.68668 	18.0137 	-0.103302 	0
0.00285678 	7.60193 	18.5866 	-0.133154 	0
0.00342814 	7.52601 	19.1418 	-0.162615 	0
0.0039995 	7.45851 	19.6987 	-0.191363 	0
0.00457085 	7.39808 	20.2689 	-0.219279 	0
0.00514221 	7.34382 	20.8588 	-0.245954 	0
0.00571357 	7.29371 	21.4746 	-0.271407 	0
0.00628492 	7.24654 	22.1188 	-0.295374 	0
0.00685628 	7.20109 	22.7935 	-0.317692 	0
0.00742764 	7.15593 	23.5015 	-0.338314 	0
0.00799899 	7.11073 	24.2429 	-0.356731 	0
0.00857035 	7.06392 	25.0148 	-0.373226 	0
0.00914171 	7.01674 	25.8238 	-0.387356 	0
0.00971307 	6.97684 	26.6735 	-0.399015 	0
0.0102844 	6.94112 	27.5912 	-0.407347 	0
0.0108558 	6.89384 	28.5833 	-0.412248 	0
0.0114271 	6.83208 	29.6075 	-0.414346 	0
0.0119985 	6.76005 	30.6195 	-0.414356 	0
0.0125698 	6.69884 	31.4277 	-0.413054 	0
0.0131412 	6.61296 	32.5453 	-0.40811 	0
0.0137126 	6.53733 	33.5527 	-0.400183 	0
0.0142839 	6.45725 	34.6387 	-0.388056 	0
0.0148553 	6.37076 	35.815 	-0.370424 	0
0.0154266 	6.26165 	36.6932 	-0.359555 	0
0.015998 	6.13639 	37.0669 	-0.361406 	0
0.0165693 	6.00833 	37.3571 	-0.364756 	0
0.0171407 	5.87832 	37.6344 	-0.368015 	0
0.0177121 	5.74675 	37.9027 	-0.371166 	0
0.0182834 	5.61392 	38.1633 	-0.374215 	0
0.0188548 	5.47627 	38.4142 	-0.377162 	0
0.0194261 	5.33998 	38.6553 	-0.37992 	0
0.0199975 	5.20061 	38.8923 	-0.382648 	0
0.0205688 	5.06025 	39.1156 	-0.385159 	0
0.0211402 	4.9195 	39.3365 	-0.387639 	0
0.0217116 	4.77509 	39.5415 	-0.389909 	0
0.0222829 	4.62901 	39.7466 	-0.392198 	0
0.0228543 	4.48532 	39.9262 	-0.394095 	0
0.0234256 	4.33629 	40.1045 	-0.396014 	0
0.023997 	4.19212 	40.2659 	-0.3977 	0
0.0245683 	4.04039 	40.4052 	-0.399142 	0
0.0251397 	3.88867 	40.5445 	-0.400584 	0
0.0257111 	3.74289 	40.6551 	-0.401648 	0
0.0262824 	3.58936 	40.7412 	-0.402393 	0
0.0268538 	3.43583 	40.8274 	-0.403138 	0
0.0274251 	3.28668 	40.9008 	-0.403741 	0
0.0279965 	3.13633 	40.9278 	-0.403762 	0
0.0285678 	2.98255 	40.9553 	-0.403773 	0
0.0291392 	2.82876 	40.9827 	-0.403785 	0
0.0297106 	2.68419 	40.9929 	-0.403604 	0
0.0302819 	2.53255 	40.9795 	-0.403001 	0
0.0308533 	2.38055 	40.966 	-0.402395 	0
0.0314246 	2.22856 	40.9526 	-0.401789 	0
0.031996 	2.07784 	40.939 	-0.401184 	0
0.0325673 	1.938 	40.9236 	-0.400488 	0
0.0331387 	1.78947 	40.9083 	-0.399714 	0
0.0337101 	1.64095 	40.8929 	-0.39894 	0
0.0342814 	1.49243 	40.8776 	-0.398165 	0
0.0348528 	1.34525 	40.8635 	-0.397409 	0
0.0354241 	1.20939 	40.8686 	-0.396847 	0
0.0359955 	1.0639 	40.8739 	-0.3962 	0
0.0365668 	0.918412 	40.8792 	-0.395554 	0
0.0371382 	0.772924 	40.8845 	-0.394907 	0
0.0377095 	0.627435 	40.8898 	-0.39426 	0
0.0382809 	0.489252 	40.8954 	-0.393578 	0
0.0388523 	0.35277 	40.9018 	-0.392688 	0
0.0394236 	0.210599 	40.9084 	-0.391736 	0
0.039995 	0.0684287 	40.915 	-0.390784 	0
0.0405663 	-0.0737419 	40.9216 	-0.389832 	0
0.0411377 	-0.215913 	40.9282 	-0.38888 	0
0.041709 	-0.358083 	40.9348 	-0.387928 	0
0.0422804 	-0.483258 	40.9372 	-0.386946 	0
0.0428518 	-0.620075 	40.9387 	-0.385728 	0
0.0434231 	-0.756891 	40.9402 	-0.384511 	0
0.0439945 	-0.893708 	40.9417 	-0.383293 	0
0.0445658 	-1.03052 	40.9432 	-0.382075 	0
0.0451372 	-1.16734 	40.9447 	-0.380857 	0
0.0457085 	-1.30416 	40.9462 	-0.37964 	0
0.0462799 	-1.43542 	40.9481 	-0.378437 	0
0.0468513 	-1.55618 	40.9514 	-0.377179 	0
0.0474226 	-1.68667 	40.955 	-0.375766 	0
0.047994 	-1.81716 	40.9585 	-0.374353 	0
0.0485653 	-1.94766 	40.9621 	-0.372939 	0
0.0491367 	-2.07815 	40.9656 	-0.371526 	0
0.049708 	-2.20864 	40.9692 	-0.370113 	0
0.0502794 	-2.33914 	40.9727 	-0.368699 	0
0.0508508 	-2.46963 	40.9763 	-0.367286 	0
0.0514221 	-2.58595 	40.9794 	-0.365865 	0
0.0519935 	-2.70314 	40.9826 	-0.364252 	0
0.0525648 	-2.82555 	40.9859 	-0.362537 	0
0.0531362 	-2.94797 	40.9892 	-0.360822 	0
0.0537075 	-3.07039 	40.9925 	-0.359107 	0
0.0542789 	-3.1928 	40.9958 	-0.357391 	0
0.0548503 	-3.31522 	40.9991 	-0.355676 	0
0.0554216 	-3.43763 	41.0024 	-0.353961 	0
0.055993 	-3.56005 	41.0057 	-0.352246 	0
0.0565643 	-3.68247 	41.009 	-0.35053 	0
0.0571357 	-3.78589 	41.012 	-0.348906 	0
0.057707 	-3.89008 	41.0152 	-0.347128 	0
0.0582784 	-3.99923 	41.0185 	-0.345232 	0
0.0588497 	-4.10837 	41.0218 	-0.343336 	0
0.0594211 	-4.21752 	41.0251 	-0.34144 	0
0.0599925 	-4.32667 	41.0284 	-0.339543 	0
0.0605638 	-4.43582 	41.0317 	-0.337647 	0
0.0611352 	-4.54497 	41.035 	-0.335751 	0
0.0617065 	-4.65412 	41.0383 	-0.333855 	0
0.0622779 	-4.76327 	41.0416 	-0.331958 	0
0.0628492 	-4.87242 	41.0449 	-0.330062 	0
0.0634206 	-4.97305 	41.0481 	-0.328195 	0
0.063992 	-5.06325 	41.0513 	-0.326283 	0
0.0645633 	-5.16163 	41.0546 	-0.324135 	0
0.0651347 	-5.26001 	41.058 	-0.321987 	0
0.065706 	-5.35839 	41.0614 	-0.319838 	0
0.0662774 	-5.45677 	41.0647 	-0.31769 	0
0.0668487 	-5.55515 	41.0681 	-0.315541 	0
0.0674201 	-5.65352 	41.0715 	-0.313393 	0
0.0679915 	-5.7519 	41.0748 	-0.311245 	0
0.0685628 	-5.85028 	41.0782 	-0.309096 	0
0.0691342 	-5.94866 	41.0815 	-0.306948 	0
0.0697055 	-6.04619 	41.0849 	-0.304804 	0
0.0702769 	-6.12692 	41.0883 	-0.302724 	0
0.0708482 	-6.21696 	41.0918 	-0.300318 	0
0.0714196 	-6.30699 	41.0954 	-0.297912 	0
0.071991 	-6.39703 	41.099 	-0.295505 	0
0.0725623 	-6.48707 	41.1026 	-0.293099 	0
0.0731337 	-6.57711 	41.1061 	-0.290693 	0
0.073705 	-6.66715 	41.1097 	-0.288286 	0
0.0742764 	-6.75719 	41.1133 	-0.28588 	0
0.0748477 	-6.84723 	41.1169 	-0.283474 	0
0.0754191 	-6.93433 	41.1204 	-0.281101 	0
0.0759905 	-7.00814 	41.1241 	-0.278796 	0
0.0765618 	-7.088 	41.1278 	-0.27624 	0
0.0771332 	-7.16786 	41.1316 	-0.273684 	0
0.0777045 	-7.24773 	41.1354 	-0.271128 	0
0.0782759 	-7.32759 	41.1392 	-0.268571 	0
0.0788472 	-7.40745 	41.1429 	-0.266015 	0
0.0794186 	-7.48731 	41.1467 	-0.263459 	0
0.0799899 	-7.56717 	41.1505 	-0.260903 	0
0.0805613 	-7.63819 	41.1543 	-0.25848 	0
0.0811327 	-7.70733 	41.1584 	-0.255883 	0
0.081704 	-7.77808 	41.1625 	-0.253208 	0
0.0822754 	-7.84883 	41.1666 	-0.250533 	0
0.0828467 	-7.91958 	41.1707 	-0.247857 	0
0.0834181 	-7.99033 	41.1748 	-0.245182 	0
0.0839894 	-8.06108 	41.1789 	-0.242506 	0
0.0845608 	-8.1318 	41.183 	-0.239832 	0
0.0851322 	-8.19019 	41.1875 	-0.237319 	0
0.0857035 	-8.25286 	41.192 	-0.234563 	0
0.0862749 	-8.31553 	41.1966 	-0.231807 	0
0.0868462 	-8.37821 	41.2012 	-0.229052 	0
0.0874176 	-8.44088 	41.2058 	-0.226296 	0
0.0879889 	-8.50355 	41.2103 	-0.22354 	0
0.0885603 	-8.56053 	41.2152 	-0.220922 	0
0.0891317 	-8.61538 	41.2204 	-0.218145 	0
0.089703 	-8.67094 	41.2257 	-0.21532 	0
0.0902744 	-8.7265 	41.231 	-0.212496 	0
0.0908457 	-8.78206 	41.2362 	-0.209671 	0
0.0914171 	-8.83762 	41.2415 	-0.206846 	0
0.0919884 	-8.88619 	41.2474 	-0.20418 	0
0.0925598 	-8.93549 	41.2536 	-0.201313 	0
0.0931312 	-8.98479 	41.2598 	-0.198446 	0
0.0937025 	-9.0341 	41.266 	-0.195578 	0
0.0942739 	-9.0834 	41.2722 	-0.192711 	0
0.0948452 	-9.12681 	41.2793 	-0.189983 	0
0.0954166 	-9.17063 	41.2868 	-0.187078 	0
0.0959879 	-9.21445 	41.2942 	-0.184174 	0
0.0965593 	-9.25827 	41.3017 	-0.181269 	0
0.0971307 	-9.29888 	41.3097 	-0.178498 	0
0.097702 	-9.33786 	41.3188 	-0.175576 	0
0.0982734 	-9.37688 	41.3279 	-0.172651 	0
0.0988447 	-9.4159 	41.3369 	-0.169725 	0
0.0994161 	-9.45139 	41.3471 	-0.166917 	0
0.0999874 	-9.48622 	41.3582 	-0.163975 	0
0.100559 	-9.52105 	41.3692 	-0.161034 	0
0.10113 	-9.55416 	41.3809 	-0.158187 	0
0.101702 	-9.58521 	41.3943 	-0.155249 	0
0.102273 	-9.61637 	41.4077 	-0.152297 	0
0.102844 	-9.64567 	41.4221 	-0.149439 	0
0.103416 	-9.67362 	41.4383 	-0.14648 	0
0.103987 	-9.70157 	41.4544 	-0.143521 	0
0.104558 	-9.72667 	41.4734 	-0.140666 	0
0.10513 	-9.75189 	41.493 	-0.137732 	0
0.105701 	-9.77508 	41.5109 	-0.134937 	0
0.106272 	-9.7978 	41.529 	-0.132094 	0
0.106844 	-9.81749 	41.4643 	-0.128341 	0
0.107415 	-9.83639 	41.3524 	-0.123942 	0
0.107986 	-9.85329 	40.8323 	-0.113534 	0
0.108558 	-9.87104 	40.0056 	-0.099025 	0
0.109129 	-9.88895 	38.8835 	-0.0814151 	0
0.109701 	-9.90569 	37.5551 	-0.0636929 	0
0.110272 	-9.92099 	36.1205 	-0.0480049 	0
0.110843 	-9.93625 	34.6269 	-0.0345041 	0
0.111415 	-9.95073 	33.0732 	-0.0234614 	0
0.111986 	-9.96362 	31.3448 	-0.0149023 	0
0.112557 	-9.97424 	29.1592 	-0.00824547 	0
0.113129 	-9.98189 	25.6287 	-0.00327128 	0
0.1137 	-9.9854 	1.01363e-10 	-7.99324e-16 	0
