0 	10.2694 	0 	0 	0
0.000571357 	10.2085 	13.8799 	-0.0259382 	0
0.00114271 	10.0725 	15.0797 	-0.065494 	0
0.00171407 	9.92781 	15.8228 	-0.106897 	0
0.00228543 	9.79164 	16.4485 	-0.148626 	0
0.00285678 	9.66885 	17.0388 	-0.190046 	0
0.00342814 	9.56018 	17.6254 	-0.230747 	0
0.0039995 	9.46378 	18.2252 	-0.270454 	0
0.00457085 	9.37745 	18.8482 	-0.308867 	0
0.00514221 	9.29855 	19.5017 	-0.345757 	0
0.00571357 	9.22464 	20.1899 	-0.380833 	0
0.00628492 	9.15334 	20.9155 	-0.4139 	0
0.00685628 	9.08267 	21.6805 	-0.444743 	0
0.00742764 	9.01111 	22.4852 	-0.47313 	0
0.00799899 	8.93594 	23.3333 	-0.498742 	0
0.00857035 	8.85843 	24.2187 	-0.521745 	0
0.00914171 	8.79137 	25.157 	-0.541044 	0
0.00971307 	8.73092 	26.1665 	-0.556596 	0
0.0102844 	8.65351 	27.2609 	-0.567524 	0
0.0108558 	8.55007 	28.3971 	-0.574518 	0
0.0114271 	8.4267 	29.5248 	-0.578947 	0
0.0119985 	8.29446 	30.6218 	-0.581327 	0
0.0125698 	8.18706 	31.5186 	-0.581586 	0
0.0131412 	8.03427 	32.8266 	-0.577394 	0
0.0137126 	7.89318 	34.0381 	-0.568121 	0
0.0142839 	7.739 	35.3662 	-0.552216 	0
0.0148553 	7.55118 	36.216 	-0.545954 	0
0.0154266 	7.3471 	36.5742 	-0.550421 	0
0.015998 	7.13866 	36.8828 	-0.555435 	0
0.0165693 	6.9273 	37.1789 	-0.560286 	0
0.0171407 	6.71307 	37.4638 	-0.564899 	0
0.0177121 	6.49614 	37.7393 	-0.569309 	0
0.0182834 	6.27686 	38.0069 	-0.573547 	0
0.0188548 	6.0556 	38.2646 	-0.577551 	0
0.0194261 	5.83097 	38.5125 	-0.581339 	0
0.0199975 	5.60506 	38.756 	-0.585025 	0
0.0205688 	5.37662 	38.9861 	-0.588401 	0
0.0211402 	5.14658 	39.2138 	-0.591731 	0
0.0217116 	4.91434 	39.4263 	-0.594721 	0
0.0222829 	4.68209 	39.6388 	-0.59771 	0
0.0228543 	4.44518 	39.8277 	-0.600205 	0
0.0234256 	4.20929 	40.0148 	-0.60266 	0
0.023997 	3.97066 	40.1866 	-0.604826 	0
0.0245683 	3.73162 	40.3363 	-0.606575 	0
0.0251397 	3.49259 	40.486 	-0.608324 	0
0.0257111 	3.25105 	40.6085 	-0.609537 	0
0.0262824 	3.01036 	40.7059 	-0.610259 	0
0.0268538 	2.76967 	40.8033 	-0.610981 	0
0.0274251 	2.5273 	40.8882 	-0.61146 	0
0.0279965 	2.28748 	40.9251 	-0.611048 	0
0.0285678 	2.04767 	40.962 	-0.610636 	0
0.0291392 	1.80785 	40.9988 	-0.610225 	0
0.0297106 	1.56777 	41.0173 	-0.609381 	0
0.0302819 	1.33239 	41.0087 	-0.607958 	0
0.0308533 	1.09701 	41.0002 	-0.606534 	0
0.0314246 	0.861627 	40.9916 	-0.605111 	0
0.031996 	0.624353 	40.9829 	-0.60364 	0
0.0325673 	0.396339 	40.9684 	-0.60191 	0
0.0331387 	0.168325 	40.9539 	-0.600181 	0
0.0337101 	-0.0596893 	40.9394 	-0.598451 	0
0.0342814 	-0.287703 	40.925 	-0.596721 	0
0.0348528 	-0.517762 	40.9118 	-0.594963 	0
0.0354241 	-0.738704 	40.9179 	-0.593413 	0
0.0359955 	-0.959646 	40.924 	-0.591863 	0
0.0365668 	-1.18059 	40.9301 	-0.590313 	0
0.0371382 	-1.40153 	40.9362 	-0.588763 	0
0.0377095 	-1.62247 	40.9423 	-0.587213 	0
0.0382809 	-1.84355 	40.9493 	-0.585487 	0
0.0388523 	-2.057 	40.9578 	-0.58354 	0
0.0394236 	-2.27044 	40.9664 	-0.581594 	0
0.039995 	-2.48389 	40.9749 	-0.579648 	0
0.0405663 	-2.69734 	40.9834 	-0.577702 	0
0.0411377 	-2.91079 	40.992 	-0.575755 	0
0.041709 	-3.12424 	41.0005 	-0.573809 	0
0.0422804 	-3.33242 	41.005 	-0.571509 	0
0.0428518 	-3.53539 	41.0082 	-0.569172 	0
0.0434231 	-3.73837 	41.0114 	-0.566834 	0
0.0439945 	-3.94135 	41.0146 	-0.564496 	0
0.0445658 	-4.14432 	41.0178 	-0.562158 	0
0.0451372 	-4.3473 	41.021 	-0.55982 	0
0.0457085 	-4.55027 	41.0242 	-0.557483 	0
0.0462799 	-4.75319 	41.0279 	-0.555018 	0
0.0468513 	-4.94405 	41.0329 	-0.552421 	0
0.0474226 	-5.1349 	41.0379 	-0.549825 	0
0.047994 	-5.32575 	41.0428 	-0.547229 	0
0.0485653 	-5.5166 	41.0478 	-0.544633 	0
0.0491367 	-5.70745 	41.0528 	-0.542036 	0
0.049708 	-5.89831 	41.0578 	-0.53944 	0
0.0502794 	-6.08916 	41.0628 	-0.536844 	0
0.0508508 	-6.28001 	41.0677 	-0.534247 	0
0.0514221 	-6.46494 	41.0726 	-0.531336 	0
0.0519935 	-6.64138 	41.0772 	-0.528351 	0
0.0525648 	-6.81782 	41.0818 	-0.525366 	0
0.0531362 	-6.99426 	41.0864 	-0.52238 	0
0.0537075 	-7.1707 	41.091 	-0.519395 	0
0.0542789 	-7.34715 	41.0956 	-0.51641 	0
0.0548503 	-7.52359 	41.1003 	-0.513424 	0
0.0554216 	-7.70003 	41.1049 	-0.510439 	0
0.055993 	-7.87647 	41.1095 	-0.507454 	0
0.0565643 	-8.05291 	41.1141 	-0.504468 	0
0.0571357 	-8.21667 	41.1186 	-0.501244 	0
0.057707 	-8.37155 	41.123 	-0.49805 	0
0.0582784 	-8.52644 	41.1274 	-0.494856 	0
0.0588497 	-8.68132 	41.1319 	-0.491663 	0
0.0594211 	-8.83621 	41.1363 	-0.488469 	0
0.0599925 	-8.99109 	41.1407 	-0.485275 	0
0.0605638 	-9.14597 	41.1451 	-0.482082 	0
0.0611352 	-9.30086 	41.1495 	-0.478888 	0
0.0617065 	-9.45574 	41.1539 	-0.475694 	0
0.0622779 	-9.61063 	41.1583 	-0.472501 	0
0.0628492 	-9.76551 	41.1627 	-0.469307 	0
0.0634206 	-9.91651 	41.1672 	-0.465901 	0
0.063992 	-10.054 	41.1715 	-0.462414 	0
0.0645633 	-10.1916 	41.1758 	-0.458927 	0
0.0651347 	-10.3291 	41.1801 	-0.45544 	0
0.065706 	-10.4667 	41.1844 	-0.451953 	0
0.0662774 	-10.6042 	41.1887 	-0.448466 	0
0.0668487 	-10.7417 	41.193 	-0.444979 	0
0.0674201 	-10.8793 	41.1973 	-0.441492 	0
0.0679915 	-11.0168 	41.2017 	-0.438005 	0
0.0685628 	-11.1543 	41.206 	-0.434518 	0
0.0691342 	-11.2919 	41.2103 	-0.431031 	0
0.0697055 	-11.4311 	41.2147 	-0.42743 	0
0.0702769 	-11.5555 	41.2191 	-0.423609 	0
0.0708482 	-11.6799 	41.2235 	-0.419789 	0
0.0714196 	-11.8043 	41.2279 	-0.415968 	0
0.071991 	-11.9287 	41.2323 	-0.412148 	0
0.0725623 	-12.0531 	41.2367 	-0.408327 	0
0.0731337 	-12.1775 	41.2411 	-0.404507 	0
0.073705 	-12.3019 	41.2455 	-0.400686 	0
0.0742764 	-12.4263 	41.2499 	-0.396866 	0
0.0748477 	-12.5507 	41.2543 	-0.393045 	0
0.0754191 	-12.6744 	41.2587 	-0.38911 	0
0.0759905 	-12.7837 	41.2632 	-0.385124 	0
0.0765618 	-12.8929 	41.2677 	-0.381138 	0
0.0771332 	-13.0022 	41.2722 	-0.377152 	0
0.0777045 	-13.1114 	41.2766 	-0.373165 	0
0.0782759 	-13.2206 	41.2811 	-0.369179 	0
0.0788472 	-13.3299 	41.2856 	-0.365193 	0
0.0794186 	-13.4391 	41.2901 	-0.361207 	0
0.0799899 	-13.5483 	41.2946 	-0.357221 	0
0.0805613 	-13.6519 	41.2992 	-0.353088 	0
0.0811327 	-13.7479 	41.3039 	-0.34897 	0
0.081704 	-13.844 	41.3086 	-0.344852 	0
0.0822754 	-13.94 	41.3133 	-0.340734 	0
0.0828467 	-14.0361 	41.318 	-0.336616 	0
0.0834181 	-14.1322 	41.3227 	-0.332498 	0
0.0839894 	-14.2282 	41.3274 	-0.32838 	0
0.0845608 	-14.3252 	41.3321 	-0.324195 	0
0.0851322 	-14.4098 	41.3372 	-0.319991 	0
0.0857035 	-14.4943 	41.3422 	-0.315787 	0
0.0862749 	-14.5789 	41.3473 	-0.311583 	0
0.0868462 	-14.6635 	41.3524 	-0.307379 	0
0.0874176 	-14.7481 	41.3575 	-0.303175 	0
0.0879889 	-14.8327 	41.3626 	-0.298971 	0
0.0885603 	-14.9136 	41.3679 	-0.294678 	0
0.0891317 	-14.9882 	41.3736 	-0.290402 	0
0.089703 	-15.0629 	41.3793 	-0.286126 	0
0.0902744 	-15.1375 	41.385 	-0.28185 	0
0.0908457 	-15.2121 	41.3907 	-0.277574 	0
0.0914171 	-15.2867 	41.3964 	-0.273298 	0
0.0919884 	-15.3557 	41.4027 	-0.26894 	0
0.0925598 	-15.4217 	41.4093 	-0.26462 	0
0.0931312 	-15.4877 	41.4159 	-0.2603 	0
0.0937025 	-15.5537 	41.4224 	-0.25598 	0
0.0942739 	-15.6196 	41.429 	-0.251659 	0
0.0948452 	-15.6806 	41.4364 	-0.247269 	0
0.0954166 	-15.7391 	41.4442 	-0.242912 	0
0.0959879 	-15.7975 	41.4519 	-0.238555 	0
0.0965593 	-15.856 	41.4597 	-0.234197 	0
0.0971307 	-15.9124 	41.468 	-0.229795 	0
0.097702 	-15.9643 	41.4773 	-0.225417 	0
0.0982734 	-16.0162 	41.4865 	-0.22104 	0
0.0988447 	-16.0682 	41.4958 	-0.216662 	0
0.0994161 	-16.1171 	41.5062 	-0.212243 	0
0.0999874 	-16.1634 	41.5174 	-0.20785 	0
0.100559 	-16.2096 	41.5286 	-0.203456 	0
0.10113 	-16.2548 	41.5404 	-0.199033 	0
0.101702 	-16.2961 	41.5539 	-0.194632 	0
0.102273 	-16.3374 	41.5674 	-0.190232 	0
0.102844 	-16.3773 	41.5819 	-0.185807 	0
0.103416 	-16.4144 	41.598 	-0.181409 	0
0.103987 	-16.4514 	41.6142 	-0.177011 	0
0.104558 	-16.4854 	41.633 	-0.172589 	0
0.10513 	-16.5187 	41.6523 	-0.168188 	0
0.105701 	-16.5499 	41.6737 	-0.163787 	0
0.106272 	-16.5798 	41.6963 	-0.159416 	0
0.106844 	-16.6076 	41.694 	-0.155037 	0
0.107415 	-16.6342 	41.6685 	-0.150455 	0
0.107986 	-16.6563 	41.3679 	-0.141721 	0
0.108558 	-16.6772 	40.7319 	-0.127649 	0
0.109129 	-16.6973 	39.7225 	-0.108581 	0
0.109701 	-16.7175 	38.3752 	-0.0870433 	0
0.110272 	-16.7366 	36.8579 	-0.067043 	0
0.110843 	-16.7551 	35.2492 	-0.0492632 	0
0.111415 	-16.7729 	33.5773 	-0.0341973 	0
0.111986 	-16.7895 	31.747 	-0.0221338 	0
0.112557 	-16.8042 	29.4719 	-0.0124236 	0
0.113129 	-16.8157 	25.8555 	-0.00493066 	0
0.1137 	-16.8214 	1.1046e-10 	-1.38081e-15 	0
