0 	-199.769 	0 	0 	0
0.000571357 	-199.659 	-5.7981 	0.123747 	0
0.00114271 	-199.508 	-5.64316 	0.229956 	0
0.00171407 	-199.415 	-5.30515 	0.324098 	0
0.00228543 	-199.38 	-4.90676 	0.407302 	0
0.00285678 	-199.393 	-4.47395 	0.480824 	0
0.00342814 	-199.445 	-4.01126 	0.543514 	0
0.0039995 	-199.527 	-3.52235 	0.59528 	0
0.00457085 	-199.628 	-3.0051 	0.634605 	0
0.00514221 	-199.739 	-2.45816 	0.660285 	0
0.00571357 	-199.847 	-1.87385 	0.670061 	0
0.00628492 	-199.937 	-1.24484 	0.662219 	0
0.00685628 	-199.985 	-0.555678 	0.634251 	0
0.00742764 	-199.959 	0.220449 	0.583578 	0
0.00799899 	-199.814 	1.14126 	0.506821 	0
0.00857035 	-199.605 	2.24198 	0.403529 	0
0.00914171 	-199.418 	3.67132 	0.255962 	0
0.00971307 	-199.198 	5.35689 	0.0696428 	0
0.0102844 	-198.725 	7.32298 	-0.142312 	0
0.0108558 	-198.057 	9.63685 	-0.360385 	0
0.0114271 	-197.328 	12.3065 	-0.568358 	0
0.0119985 	-196.563 	15.3369 	-0.756433 	0
0.0125698 	-195.894 	18.0937 	-0.891175 	0
0.0131412 	-194.855 	22.4447 	-1.02966 	0
0.0137126 	-193.898 	26.4275 	-1.08988 	0
0.0142839 	-192.927 	30.1739 	-1.11156 	0
0.0148553 	-191.998 	32.9971 	-1.14834 	0
0.0154266 	-191.024 	35.1117 	-1.1959 	0
0.015998 	-189.982 	36.3303 	-1.22866 	0
0.0165693 	-188.928 	37.0509 	-1.25035 	0
0.0171407 	-187.87 	37.6421 	-1.26793 	0
0.0177121 	-186.809 	38.1781 	-1.28324 	0
0.0182834 	-185.749 	38.6668 	-1.29659 	0
0.0188548 	-184.681 	39.1076 	-1.30766 	0
0.0194261 	-183.624 	39.5124 	-1.31725 	0
0.0199975 	-182.572 	39.901 	-1.3262 	0
0.0205688 	-181.516 	40.2462 	-1.33277 	0
0.0211402 	-180.475 	40.5871 	-1.33944 	0
0.0217116 	-179.433 	40.8929 	-1.3441 	0
0.0222829 	-178.403 	41.1994 	-1.34911 	0
0.0228543 	-177.38 	41.4726 	-1.3521 	0
0.0234256 	-176.356 	41.7435 	-1.35491 	0
0.023997 	-175.356 	42.0025 	-1.35752 	0
0.0245683 	-174.356 	42.2427 	-1.35878 	0
0.0251397 	-173.359 	42.4831 	-1.36018 	0
0.0257111 	-172.383 	42.7097 	-1.36098 	0
0.0262824 	-171.41 	42.9227 	-1.36072 	0
0.0268538 	-170.438 	43.1358 	-1.36045 	0
0.0274251 	-169.485 	43.3433 	-1.36043 	0
0.0279965 	-168.546 	43.5264 	-1.35887 	0
0.0285678 	-167.607 	43.7095 	-1.3573 	0
0.0291392 	-166.672 	43.8928 	-1.35593 	0
0.0297106 	-165.757 	44.0516 	-1.35369 	0
0.0302819 	-164.856 	44.1742 	-1.34955 	0
0.0308533 	-163.956 	44.2967 	-1.34541 	0
0.0314246 	-163.056 	44.4193 	-1.34131 	0
0.031996 	-162.169 	44.5377 	-1.3376 	0
0.0325673 	-161.327 	44.5596 	-1.32992 	0
0.0331387 	-160.485 	44.5815 	-1.32224 	0
0.0337101 	-159.644 	44.6034 	-1.31456 	0
0.0342814 	-158.804 	44.6256 	-1.30704 	0
0.0348528 	-157.974 	44.6458 	-1.2999 	0
0.0354241 	-157.212 	44.6218 	-1.29071 	0
0.0359955 	-156.45 	44.5979 	-1.28152 	0
0.0365668 	-155.688 	44.5739 	-1.27234 	0
0.0371382 	-154.927 	44.55 	-1.26315 	0
0.0377095 	-154.168 	44.5262 	-1.25438 	0
0.0382809 	-153.436 	44.5052 	-1.2456 	0
0.0388523 	-152.754 	44.4893 	-1.23638 	0
0.0394236 	-152.072 	44.4734 	-1.22717 	0
0.039995 	-151.39 	44.4575 	-1.21795 	0
0.0405663 	-150.708 	44.4416 	-1.20874 	0
0.0411377 	-150.027 	44.4257 	-1.19969 	0
0.041709 	-149.348 	44.4098 	-1.19102 	0
0.0422804 	-148.728 	44.3954 	-1.18189 	0
0.0428518 	-148.126 	44.3814 	-1.17263 	0
0.0434231 	-147.524 	44.3675 	-1.16337 	0
0.0439945 	-146.922 	44.3535 	-1.15411 	0
0.0445658 	-146.32 	44.3395 	-1.14485 	0
0.0451372 	-145.718 	44.3256 	-1.13558 	0
0.0457085 	-145.117 	44.3116 	-1.1268 	0
0.0462799 	-144.536 	44.2982 	-1.1179 	0
0.0468513 	-144.013 	44.2863 	-1.10865 	0
0.0474226 	-143.491 	44.2745 	-1.09939 	0
0.047994 	-142.968 	44.2626 	-1.09014 	0
0.0485653 	-142.446 	44.2508 	-1.08089 	0
0.0491367 	-141.924 	44.239 	-1.07163 	0
0.049708 	-141.401 	44.2271 	-1.06238 	0
0.0502794 	-140.879 	44.2153 	-1.05338 	0
0.0508508 	-140.357 	44.2034 	-1.04454 	0
0.0514221 	-139.882 	44.1928 	-1.03552 	0
0.0519935 	-139.438 	44.1831 	-1.02637 	0
0.0525648 	-138.993 	44.1733 	-1.01723 	0
0.0531362 	-138.548 	44.1635 	-1.00808 	0
0.0537075 	-138.104 	44.1537 	-0.998941 	0
0.0542789 	-137.659 	44.1439 	-0.989797 	0
0.0548503 	-137.214 	44.1341 	-0.980653 	0
0.0554216 	-136.77 	44.1244 	-0.971519 	0
0.055993 	-136.325 	44.1146 	-0.96273 	0
0.0565643 	-135.879 	44.1048 	-0.95394 	0
0.0571357 	-135.495 	44.0966 	-0.945166 	0
0.057707 	-135.134 	44.089 	-0.936399 	0
0.0582784 	-134.773 	44.0813 	-0.927631 	0
0.0588497 	-134.412 	44.0737 	-0.918864 	0
0.0594211 	-134.051 	44.0661 	-0.910096 	0
0.0599925 	-133.69 	44.0585 	-0.901328 	0
0.0605638 	-133.329 	44.0509 	-0.892561 	0
0.0611352 	-132.967 	44.0433 	-0.883793 	0
0.0617065 	-132.606 	44.0357 	-0.875033 	0
0.0622779 	-132.244 	44.0281 	-0.866557 	0
0.0628492 	-131.882 	44.0205 	-0.858081 	0
0.0634206 	-131.545 	44.0135 	-0.849564 	0
0.063992 	-131.248 	44.0077 	-0.840983 	0
0.0645633 	-130.95 	44.0018 	-0.832402 	0
0.0651347 	-130.653 	43.996 	-0.82382 	0
0.065706 	-130.355 	43.9901 	-0.815239 	0
0.0662774 	-130.058 	43.9843 	-0.806658 	0
0.0668487 	-129.76 	43.9784 	-0.798077 	0
0.0674201 	-129.463 	43.9726 	-0.789495 	0
0.0679915 	-129.165 	43.9667 	-0.780914 	0
0.0685628 	-128.867 	43.9609 	-0.772502 	0
0.0691342 	-128.569 	43.955 	-0.764168 	0
0.0697055 	-128.272 	43.9492 	-0.755821 	0
0.0702769 	-128.02 	43.9447 	-0.74719 	0
0.0708482 	-127.768 	43.9403 	-0.73856 	0
0.0714196 	-127.516 	43.9358 	-0.72993 	0
0.071991 	-127.264 	43.9314 	-0.7213 	0
0.0725623 	-127.012 	43.9269 	-0.71267 	0
0.0731337 	-126.76 	43.9225 	-0.70404 	0
0.073705 	-126.508 	43.918 	-0.695409 	0
0.0742764 	-126.255 	43.9136 	-0.68688 	0
0.0748477 	-126.002 	43.9091 	-0.67847 	0
0.0754191 	-125.755 	43.9048 	-0.670049 	0
0.0759905 	-125.544 	43.9017 	-0.661569 	0
0.0765618 	-125.333 	43.8986 	-0.653088 	0
0.0771332 	-125.122 	43.8954 	-0.644607 	0
0.0777045 	-124.911 	43.8923 	-0.636127 	0
0.0782759 	-124.7 	43.8892 	-0.627646 	0
0.0788472 	-124.489 	43.8861 	-0.619166 	0
0.0794186 	-124.277 	43.8829 	-0.61079 	0
0.0799899 	-124.065 	43.8798 	-0.602506 	0
0.0805613 	-123.87 	43.8773 	-0.594178 	0
0.0811327 	-123.692 	43.8753 	-0.585809 	0
0.081704 	-123.513 	43.8734 	-0.57744 	0
0.0822754 	-123.334 	43.8715 	-0.569072 	0
0.0828467 	-123.156 	43.8696 	-0.560703 	0
0.0834181 	-122.977 	43.8677 	-0.552334 	0
0.0839894 	-122.798 	43.8657 	-0.544101 	0
0.0845608 	-122.618 	43.8638 	-0.535912 	0
0.0851322 	-122.466 	43.863 	-0.527638 	0
0.0857035 	-122.313 	43.8623 	-0.519364 	0
0.0862749 	-122.16 	43.8615 	-0.51109 	0
0.0868462 	-122.008 	43.8608 	-0.502816 	0
0.0874176 	-121.855 	43.86 	-0.494543 	0
0.0879889 	-121.702 	43.8593 	-0.48643 	0
0.0885603 	-121.558 	43.859 	-0.478282 	0
0.0891317 	-121.427 	43.8595 	-0.470079 	0
0.089703 	-121.295 	43.86 	-0.461876 	0
0.0902744 	-121.164 	43.8604 	-0.453673 	0
0.0908457 	-121.033 	43.8609 	-0.445478 	0
0.0914171 	-120.901 	43.8614 	-0.437434 	0
0.0919884 	-120.782 	43.8628 	-0.429319 	0
0.0925598 	-120.669 	43.8646 	-0.421177 	0
0.0931312 	-120.555 	43.8664 	-0.413035 	0
0.0937025 	-120.442 	43.8682 	-0.404892 	0
0.0942739 	-120.328 	43.8699 	-0.396884 	0
0.0948452 	-120.225 	43.8728 	-0.388818 	0
0.0954166 	-120.126 	43.8761 	-0.380724 	0
0.0959879 	-120.027 	43.8794 	-0.37263 	0
0.0965593 	-119.929 	43.8827 	-0.36459 	0
0.0971307 	-119.834 	43.8867 	-0.356604 	0
0.097702 	-119.748 	43.8917 	-0.34855 	0
0.0982734 	-119.662 	43.8968 	-0.340496 	0
0.0988447 	-119.576 	43.9018 	-0.332506 	0
0.0994161 	-119.496 	43.908 	-0.324536 	0
0.0999874 	-119.421 	43.9151 	-0.316519 	0
0.100559 	-119.345 	43.9222 	-0.308505 	0
0.10113 	-119.272 	43.9298 	-0.3006 	0
0.101702 	-119.206 	43.9392 	-0.29261 	0
0.102273 	-119.14 	43.9486 	-0.284624 	0
0.102844 	-119.077 	43.9589 	-0.276736 	0
0.103416 	-119.018 	43.971 	-0.268783 	0
0.103987 	-118.96 	43.983 	-0.260887 	0
0.104558 	-118.908 	43.9975 	-0.252966 	0
0.10513 	-118.856 	44.0124 	-0.245044 	0
0.105701 	-118.809 	44.0293 	-0.237179 	0
0.106272 	-118.763 	44.0473 	-0.229305 	0
0.106844 	-118.721 	44.0677 	-0.221445 	0
0.107415 	-118.681 	44.0892 	-0.2136 	0
0.107986 	-118.645 	44.1138 	-0.205729 	0
0.108558 	-118.612 	44.1405 	-0.197947 	0
0.109129 	-118.581 	44.1697 	-0.190136 	0
0.109701 	-118.552 	44.1943 	-0.182315 	0
0.110272 	-118.526 	44.1019 	-0.173535 	0
0.110843 	-118.498 	43.3338 	-0.154057 	0
0.111415 	-118.483 	41.3423 	-0.117194 	0
0.111986 	-118.478 	38.4565 	-0.0783988 	0
0.112557 	-118.486 	35.1204 	-0.045596 	0
0.113129 	-118.506 	30.4949 	-0.0191855 	0
0.1137 	-118.527 	1.40065e-10 	-5.21561e-15 	0
