0 	12.1851 	0 	0 	0
0.000571357 	12.0719 	11.8267 	-0.0424325 	0
0.00114271 	11.8475 	12.8709 	-0.101198 	0
0.00171407 	11.6187 	13.5831 	-0.161775 	0
0.00228543 	11.4103 	14.2172 	-0.222236 	0
0.00285678 	11.2259 	14.8378 	-0.282231 	0
0.00342814 	11.0657 	15.4709 	-0.34101 	0
0.0039995 	10.9247 	16.1317 	-0.398474 	0
0.00457085 	10.7991 	16.828 	-0.453914 	0
0.00514221 	10.6828 	17.5694 	-0.507671 	0
0.00571357 	10.5729 	18.3567 	-0.558678 	0
0.00628492 	10.4647 	19.1936 	-0.607013 	0
0.00685628 	10.3549 	20.0816 	-0.652384 	0
0.00742764 	10.2403 	21.0192 	-0.694373 	0
0.00799899 	10.1222 	22.0104 	-0.73255 	0
0.00857035 	10.0221 	23.0642 	-0.766856 	0
0.00914171 	9.93103 	24.2146 	-0.79507 	0
0.00971307 	9.81119 	25.452 	-0.81794 	0
0.0102844 	9.64401 	26.7449 	-0.835828 	0
0.0108558 	9.44529 	28.0193 	-0.849501 	0
0.0114271 	9.2276 	29.2539 	-0.860288 	0
0.0119985 	9.00442 	30.4755 	-0.868119 	0
0.0125698 	8.81752 	31.5122 	-0.872045 	0
0.0131412 	8.53082 	33.0904 	-0.871155 	0
0.0137126 	8.26609 	34.6093 	-0.862357 	0
0.0142839 	7.95213 	35.602 	-0.859454 	0
0.0148553 	7.61524 	35.9676 	-0.866479 	0
0.0154266 	7.2712 	36.3043 	-0.873521 	0
0.015998 	6.92655 	36.6268 	-0.880128 	0
0.0165693 	6.57772 	36.937 	-0.886346 	0
0.0171407 	6.22475 	37.2348 	-0.892151 	0
0.0177121 	5.86782 	37.5221 	-0.897604 	0
0.0182834 	5.50724 	37.8011 	-0.902773 	0
0.0188548 	5.15292 	38.0694 	-0.907586 	0
0.0194261 	4.78548 	38.3285 	-0.912041 	0
0.0199975 	4.41542 	38.583 	-0.916318 	0
0.0205688 	4.05388 	38.8228 	-0.92014 	0
0.0211402 	3.67834 	39.0614 	-0.92385 	0
0.0217116 	3.31332 	39.2846 	-0.927109 	0
0.0222829 	2.93654 	39.5088 	-0.930322 	0
0.0228543 	2.56519 	39.7104 	-0.932862 	0
0.0234256 	2.19718 	39.9102 	-0.935368 	0
0.023997 	1.81113 	40.0973 	-0.937364 	0
0.0245683 	1.44119 	40.2622 	-0.938867 	0
0.0251397 	1.07126 	40.4272 	-0.940371 	0
0.0257111 	0.682252 	40.568 	-0.940959 	0
0.0262824 	0.312798 	40.6822 	-0.940991 	0
0.0268538 	-0.0566562 	40.7965 	-0.941024 	0
0.0274251 	-0.446631 	40.9007 	-0.940459 	0
0.0279965 	-0.811531 	40.9525 	-0.938761 	0
0.0285678 	-1.17643 	41.0042 	-0.937064 	0
0.0291392 	-1.54133 	41.056 	-0.935366 	0
0.0297106 	-1.92545 	41.0896 	-0.932607 	0
0.0302819 	-2.27978 	41.0893 	-0.929258 	0
0.0308533 	-2.63411 	41.0889 	-0.92591 	0
0.0314246 	-2.98844 	41.0886 	-0.922561 	0
0.031996 	-3.36714 	41.0897 	-0.918587 	0
0.0325673 	-3.70581 	41.0768 	-0.914684 	0
0.0331387 	-4.04448 	41.0638 	-0.910781 	0
0.0337101 	-4.38315 	41.0509 	-0.906878 	0
0.0342814 	-4.72182 	41.038 	-0.902975 	0
0.0348528 	-5.08579 	41.0267 	-0.898332 	0
0.0354241 	-5.40853 	41.0337 	-0.89473 	0
0.0359955 	-5.73128 	41.0407 	-0.891128 	0
0.0365668 	-6.05402 	41.0477 	-0.887526 	0
0.0371382 	-6.37677 	41.0546 	-0.883924 	0
0.0377095 	-6.70191 	41.0616 	-0.880249 	0
0.0382809 	-7.04362 	41.0701 	-0.875763 	0
0.0388523 	-7.34999 	41.0811 	-0.871745 	0
0.0394236 	-7.65635 	41.0921 	-0.867728 	0
0.039995 	-7.96272 	41.1031 	-0.86371 	0
0.0405663 	-8.26909 	41.1141 	-0.859693 	0
0.0411377 	-8.57546 	41.1252 	-0.855675 	0
0.041709 	-8.90153 	41.1367 	-0.851 	0
0.0422804 	-9.19968 	41.1435 	-0.846354 	0
0.0428518 	-9.48579 	41.1489 	-0.841842 	0
0.0434231 	-9.77191 	41.1543 	-0.83733 	0
0.0439945 	-10.058 	41.1597 	-0.832817 	0
0.0445658 	-10.3441 	41.165 	-0.828305 	0
0.0451372 	-10.6302 	41.1704 	-0.823793 	0
0.0457085 	-10.9221 	41.1759 	-0.819058 	0
0.0462799 	-11.2236 	41.1822 	-0.813662 	0
0.0468513 	-11.4871 	41.1889 	-0.808886 	0
0.0474226 	-11.7505 	41.1956 	-0.804111 	0
0.047994 	-12.014 	41.2023 	-0.799335 	0
0.0485653 	-12.2774 	41.209 	-0.794559 	0
0.0491367 	-12.5409 	41.2157 	-0.789784 	0
0.049708 	-12.8043 	41.2224 	-0.785008 	0
0.0502794 	-13.0678 	41.2291 	-0.780232 	0
0.0508508 	-13.3479 	41.2362 	-0.774701 	0
0.0514221 	-13.6047 	41.2427 	-0.769277 	0
0.0519935 	-13.843 	41.2489 	-0.764104 	0
0.0525648 	-14.0813 	41.255 	-0.758931 	0
0.0531362 	-14.3197 	41.2611 	-0.753757 	0
0.0537075 	-14.558 	41.2673 	-0.748584 	0
0.0542789 	-14.7963 	41.2734 	-0.743411 	0
0.0548503 	-15.0347 	41.2795 	-0.738237 	0
0.0554216 	-15.273 	41.2857 	-0.733064 	0
0.055993 	-15.5114 	41.2918 	-0.727891 	0
0.0565643 	-15.7681 	41.2984 	-0.721719 	0
0.0571357 	-15.987 	41.3043 	-0.716174 	0
0.057707 	-16.1916 	41.3099 	-0.71087 	0
0.0582784 	-16.3962 	41.3155 	-0.705566 	0
0.0588497 	-16.6008 	41.3212 	-0.700262 	0
0.0594211 	-16.8055 	41.3268 	-0.694958 	0
0.0599925 	-17.0101 	41.3324 	-0.689654 	0
0.0605638 	-17.2147 	41.338 	-0.68435 	0
0.0611352 	-17.4193 	41.3436 	-0.679046 	0
0.0617065 	-17.6239 	41.3493 	-0.673742 	0
0.0622779 	-17.8285 	41.3549 	-0.668438 	0
0.0628492 	-18.0448 	41.3608 	-0.662355 	0
0.0634206 	-18.2477 	41.3665 	-0.656382 	0
0.063992 	-18.4256 	41.3718 	-0.650832 	0
0.0645633 	-18.6035 	41.3771 	-0.645282 	0
0.0651347 	-18.7813 	41.3824 	-0.639733 	0
0.065706 	-18.9592 	41.3877 	-0.634183 	0
0.0662774 	-19.1371 	41.393 	-0.628634 	0
0.0668487 	-19.315 	41.3983 	-0.623084 	0
0.0674201 	-19.4929 	41.4036 	-0.617535 	0
0.0679915 	-19.6708 	41.4089 	-0.611985 	0
0.0685628 	-19.8487 	41.4141 	-0.606435 	0
0.0691342 	-20.0318 	41.4196 	-0.600452 	0
0.0697055 	-20.2189 	41.4251 	-0.594045 	0
0.0702769 	-20.3771 	41.4303 	-0.588141 	0
0.0708482 	-20.5352 	41.4355 	-0.582237 	0
0.0714196 	-20.6934 	41.4408 	-0.576333 	0
0.071991 	-20.8516 	41.446 	-0.570428 	0
0.0725623 	-21.0098 	41.4512 	-0.564524 	0
0.0731337 	-21.168 	41.4564 	-0.55862 	0
0.073705 	-21.3261 	41.4616 	-0.552715 	0
0.0742764 	-21.4843 	41.4669 	-0.546811 	0
0.0748477 	-21.6459 	41.4722 	-0.540548 	0
0.0754191 	-21.8077 	41.4775 	-0.533897 	0
0.0759905 	-21.9448 	41.4827 	-0.527871 	0
0.0765618 	-22.0818 	41.4878 	-0.521844 	0
0.0771332 	-22.2188 	41.493 	-0.515818 	0
0.0777045 	-22.3558 	41.4981 	-0.509791 	0
0.0782759 	-22.4928 	41.5033 	-0.503765 	0
0.0788472 	-22.6298 	41.5084 	-0.497739 	0
0.0794186 	-22.7668 	41.5135 	-0.491712 	0
0.0799899 	-22.9078 	41.5188 	-0.48517 	0
0.0805613 	-23.0384 	41.524 	-0.478704 	0
0.0811327 	-23.1576 	41.5293 	-0.472582 	0
0.081704 	-23.2768 	41.5345 	-0.46646 	0
0.0822754 	-23.396 	41.5398 	-0.460338 	0
0.0828467 	-23.5152 	41.545 	-0.454216 	0
0.0834181 	-23.6344 	41.5502 	-0.448094 	0
0.0839894 	-23.7536 	41.5555 	-0.441972 	0
0.0845608 	-23.8776 	41.5608 	-0.43509 	0
0.0851322 	-23.9817 	41.5663 	-0.428913 	0
0.0857035 	-24.0858 	41.5719 	-0.422736 	0
0.0862749 	-24.1899 	41.5774 	-0.416559 	0
0.0868462 	-24.294 	41.5829 	-0.410382 	0
0.0874176 	-24.3981 	41.5885 	-0.404204 	0
0.0879889 	-24.5033 	41.594 	-0.397816 	0
0.0885603 	-24.604 	41.5998 	-0.391187 	0
0.0891317 	-24.6952 	41.6059 	-0.384964 	0
0.089703 	-24.7865 	41.6119 	-0.378741 	0
0.0902744 	-24.8777 	41.618 	-0.372518 	0
0.0908457 	-24.969 	41.624 	-0.366294 	0
0.0914171 	-25.0617 	41.6301 	-0.359739 	0
0.0919884 	-25.146 	41.6367 	-0.353285 	0
0.0925598 	-25.2262 	41.6436 	-0.347039 	0
0.0931312 	-25.3065 	41.6504 	-0.340793 	0
0.0937025 	-25.3867 	41.6573 	-0.334547 	0
0.0942739 	-25.4679 	41.6641 	-0.328039 	0
0.0948452 	-25.5421 	41.6718 	-0.321573 	0
0.0954166 	-25.6129 	41.6797 	-0.315308 	0
0.0959879 	-25.6837 	41.6877 	-0.309042 	0
0.0965593 	-25.7545 	41.6957 	-0.302777 	0
0.0971307 	-25.8236 	41.7042 	-0.296108 	0
0.097702 	-25.8863 	41.7136 	-0.289837 	0
0.0982734 	-25.9489 	41.723 	-0.283566 	0
0.0988447 	-26.0117 	41.7324 	-0.27726 	0
0.0994161 	-26.0712 	41.7429 	-0.270677 	0
0.0999874 	-26.1268 	41.7542 	-0.264403 	0
0.100559 	-26.1825 	41.7655 	-0.258129 	0
0.10113 	-26.2373 	41.7773 	-0.251558 	0
0.101702 	-26.2868 	41.7908 	-0.245288 	0
0.102273 	-26.3364 	41.8043 	-0.239017 	0
0.102844 	-26.3846 	41.8187 	-0.232491 	0
0.103416 	-26.4289 	41.8348 	-0.226227 	0
0.103987 	-26.4734 	41.8509 	-0.219852 	0
0.104558 	-26.5141 	41.8695 	-0.213481 	0
0.10513 	-26.5538 	41.8886 	-0.207224 	0
0.105701 	-26.5913 	41.9099 	-0.200805 	0
0.106272 	-26.6272 	41.9326 	-0.194595 	0
0.106844 	-26.6606 	41.9525 	-0.188307 	0
0.107415 	-26.6927 	41.9659 	-0.181987 	0
0.107986 	-26.7197 	41.8529 	-0.174168 	0
0.108558 	-26.745 	41.4544 	-0.161716 	0
0.109129 	-26.7689 	40.6657 	-0.143358 	0
0.109701 	-26.7928 	39.3867 	-0.118504 	0
0.110272 	-26.815 	37.8098 	-0.0930216 	0
0.110843 	-26.8355 	36.0901 	-0.0699465 	0
0.111415 	-26.856 	34.28 	-0.049482 	0
0.111986 	-26.8761 	32.3228 	-0.0327158 	0
0.112557 	-26.8952 	29.9368 	-0.0187629 	0
0.113129 	-26.9117 	26.2059 	-0.00754063 	0
0.1137 	-26.9206 	1.12815e-10 	-2.00925e-15 	0
