0 	9.72499 	0 	0 	0
0.000571357 	9.51329 	8.69351 	-0.0691428 	0
0.00114271 	9.13881 	9.59715 	-0.156974 	0
0.00171407 	8.77239 	10.2897 	-0.246719 	0
0.00228543 	8.45074 	10.945 	-0.335744 	0
0.00285678 	8.17367 	11.6112 	-0.424241 	0
0.00342814 	7.93959 	12.3093 	-0.510898 	0
0.0039995 	7.73734 	13.053 	-0.595988 	0
0.00457085 	7.55935 	13.8491 	-0.678511 	0
0.00514221 	7.39599 	14.7068 	-0.758706 	0
0.00571357 	7.24071 	15.6261 	-0.83534 	0
0.00628492 	7.086 	16.6111 	-0.908648 	0
0.00685628 	6.92498 	17.6626 	-0.97834 	0
0.00742764 	6.77317 	18.7806 	-1.04354 	0
0.00799899 	6.66352 	19.9892 	-1.10204 	0
0.00857035 	6.5433 	21.3234 	-1.15542 	0
0.00914171 	6.36265 	22.7518 	-1.20013 	0
0.00971307 	6.12429 	24.238 	-1.24008 	0
0.0102844 	5.8333 	25.7298 	-1.27491 	0
0.0108558 	5.50749 	27.1723 	-1.30436 	0
0.0114271 	5.16177 	28.5726 	-1.32936 	0
0.0119985 	4.80035 	29.9907 	-1.34988 	0
0.0125698 	4.48568 	31.2212 	-1.36336 	0
0.0131412 	3.98688 	33.1329 	-1.37474 	0
0.0137126 	3.5095 	34.7589 	-1.37745 	0
0.0142839 	2.98105 	35.2353 	-1.38605 	0
0.0148553 	2.44727 	35.6222 	-1.39434 	0
0.0154266 	1.90566 	35.9873 	-1.40161 	0
0.015998 	1.36854 	36.3327 	-1.40808 	0
0.0165693 	0.827529 	36.6656 	-1.41394 	0
0.0171407 	0.282784 	36.9854 	-1.41913 	0
0.0177121 	-0.265394 	37.2928 	-1.42367 	0
0.0182834 	-0.816701 	37.5902 	-1.42766 	0
0.0188548 	-1.35521 	37.8754 	-1.43142 	0
0.0194261 	-1.90604 	38.1511 	-1.43441 	0
0.0199975 	-2.46377 	38.4228 	-1.43696 	0
0.0205688 	-2.99909 	38.677 	-1.43934 	0
0.0211402 	-3.55919 	38.9317 	-1.44097 	0
0.0217116 	-4.09394 	39.1697 	-1.44259 	0
0.0222829 	-4.65238 	39.4103 	-1.44354 	0
0.0228543 	-5.18876 	39.629 	-1.44417 	0
0.0234256 	-5.72263 	39.846 	-1.44481 	0
0.023997 	-6.28211 	40.0538 	-1.44409 	0
0.0245683 	-6.81127 	40.2396 	-1.44349 	0
0.0251397 	-7.35011 	40.4272 	-1.44257 	0
0.0257111 	-7.89661 	40.592 	-1.44026 	0
0.0262824 	-8.41842 	40.7306 	-1.43776 	0
0.0268538 	-8.94046 	40.8692 	-1.43525 	0
0.0274251 	-9.49165 	41.0019 	-1.431 	0
0.0279965 	-10.0003 	41.0765 	-1.42605 	0
0.0285678 	-10.5089 	41.1511 	-1.4211 	0
0.0291392 	-11.0294 	41.2289 	-1.41557 	0
0.0297106 	-11.5504 	41.284 	-1.40852 	0
0.0302819 	-12.0369 	41.2973 	-1.401 	0
0.0308533 	-12.5234 	41.3105 	-1.39348 	0
0.0314246 	-13.0131 	41.3244 	-1.38575 	0
0.031996 	-13.5278 	41.3422 	-1.37617 	0
0.0325673 	-13.9841 	41.3317 	-1.36768 	0
0.0331387 	-14.4404 	41.3212 	-1.35918 	0
0.0337101 	-14.8967 	41.3107 	-1.35069 	0
0.0342814 	-15.3597 	41.3004 	-1.34159 	0
0.0348528 	-15.8385 	41.2919 	-1.33098 	0
0.0354241 	-16.2632 	41.2988 	-1.32306 	0
0.0359955 	-16.6879 	41.3058 	-1.31515 	0
0.0365668 	-17.1126 	41.3128 	-1.30723 	0
0.0371382 	-17.5372 	41.3197 	-1.29932 	0
0.0377095 	-17.976 	41.3263 	-1.28988 	0
0.0382809 	-18.4033 	41.335 	-1.28049 	0
0.0388523 	-18.7964 	41.3482 	-1.27241 	0
0.0394236 	-19.1895 	41.3615 	-1.26434 	0
0.039995 	-19.5826 	41.3748 	-1.25627 	0
0.0405663 	-19.9757 	41.388 	-1.2482 	0
0.0411377 	-20.3737 	41.4014 	-1.23945 	0
0.041709 	-20.7808 	41.415 	-1.22944 	0
0.0422804 	-21.1499 	41.4239 	-1.22061 	0
0.0428518 	-21.5078 	41.4312 	-1.21213 	0
0.0434231 	-21.8656 	41.4386 	-1.20366 	0
0.0439945 	-22.2234 	41.446 	-1.19518 	0
0.0445658 	-22.5813 	41.4534 	-1.18671 	0
0.0451372 	-22.9396 	41.4608 	-1.17813 	0
0.0457085 	-23.3064 	41.4686 	-1.16784 	0
0.0462799 	-23.6617 	41.4764 	-1.15798 	0
0.0468513 	-23.9818 	41.4844 	-1.14944 	0
0.0474226 	-24.3019 	41.4925 	-1.1409 	0
0.047994 	-24.6221 	41.5005 	-1.13236 	0
0.0485653 	-24.9422 	41.5086 	-1.12382 	0
0.0491367 	-25.2624 	41.5166 	-1.11528 	0
0.049708 	-25.5825 	41.5247 	-1.10675 	0
0.0502794 	-25.9056 	41.5328 	-1.09706 	0
0.0508508 	-26.2299 	41.5409 	-1.08686 	0
0.0514221 	-26.5275 	41.5485 	-1.07759 	0
0.0519935 	-26.8085 	41.5557 	-1.06889 	0
0.0525648 	-27.0896 	41.5629 	-1.06019 	0
0.0531362 	-27.3706 	41.5701 	-1.0515 	0
0.0537075 	-27.6517 	41.5773 	-1.0428 	0
0.0542789 	-27.9327 	41.5845 	-1.0341 	0
0.0548503 	-28.2138 	41.5917 	-1.0254 	0
0.0554216 	-28.4948 	41.599 	-1.01655 	0
0.055993 	-28.7761 	41.6062 	-1.00637 	0
0.0565643 	-29.0575 	41.6134 	-0.996186 	0
0.0571357 	-29.3045 	41.6201 	-0.987235 	0
0.057707 	-29.5386 	41.6264 	-0.978748 	0
0.0582784 	-29.7727 	41.6328 	-0.97026 	0
0.0588497 	-30.0069 	41.6391 	-0.961773 	0
0.0594211 	-30.241 	41.6455 	-0.953285 	0
0.0599925 	-30.4751 	41.6519 	-0.944798 	0
0.0605638 	-30.7093 	41.6582 	-0.93631 	0
0.0611352 	-30.9434 	41.6646 	-0.927823 	0
0.0617065 	-31.1772 	41.6709 	-0.919194 	0
0.0622779 	-31.4088 	41.6773 	-0.909423 	0
0.0628492 	-31.6404 	41.6836 	-0.899651 	0
0.0634206 	-31.8589 	41.6897 	-0.890379 	0
0.063992 	-32.0568 	41.6955 	-0.881899 	0
0.0645633 	-32.2547 	41.7013 	-0.87342 	0
0.0651347 	-32.4526 	41.7071 	-0.86494 	0
0.065706 	-32.6505 	41.7129 	-0.856461 	0
0.0662774 	-32.8484 	41.7187 	-0.847982 	0
0.0668487 	-33.0463 	41.7245 	-0.839502 	0
0.0674201 	-33.2442 	41.7303 	-0.831023 	0
0.0679915 	-33.4421 	41.7361 	-0.822543 	0
0.0685628 	-33.6367 	41.7418 	-0.813191 	0
0.0691342 	-33.8302 	41.7475 	-0.803578 	0
0.0697055 	-34.0228 	41.7532 	-0.794006 	0
0.0702769 	-34.1947 	41.7588 	-0.785294 	0
0.0708482 	-34.3667 	41.7643 	-0.776582 	0
0.0714196 	-34.5386 	41.7699 	-0.76787 	0
0.071991 	-34.7106 	41.7754 	-0.759157 	0
0.0725623 	-34.8825 	41.781 	-0.750445 	0
0.0731337 	-35.0545 	41.7866 	-0.741733 	0
0.073705 	-35.2264 	41.7921 	-0.733021 	0
0.0742764 	-35.3956 	41.7976 	-0.723753 	0
0.0748477 	-35.5622 	41.8031 	-0.713995 	0
0.0754191 	-35.7257 	41.8085 	-0.704405 	0
0.0759905 	-35.8719 	41.8139 	-0.695737 	0
0.0765618 	-36.0182 	41.8192 	-0.687069 	0
0.0771332 	-36.1645 	41.8246 	-0.6784 	0
0.0777045 	-36.3107 	41.83 	-0.669732 	0
0.0782759 	-36.457 	41.8353 	-0.661064 	0
0.0788472 	-36.6032 	41.8407 	-0.652395 	0
0.0794186 	-36.7462 	41.846 	-0.643154 	0
0.0799899 	-36.8869 	41.8512 	-0.63353 	0
0.0805613 	-37.0196 	41.8565 	-0.624428 	0
0.0811327 	-37.1451 	41.8619 	-0.615793 	0
0.081704 	-37.2705 	41.8673 	-0.607157 	0
0.0822754 	-37.396 	41.8726 	-0.598522 	0
0.0828467 	-37.5215 	41.878 	-0.589887 	0
0.0834181 	-37.647 	41.8834 	-0.581252 	0
0.0839894 	-37.768 	41.8887 	-0.571898 	0
0.0845608 	-37.8881 	41.8939 	-0.562378 	0
0.0851322 	-37.9964 	41.8995 	-0.553787 	0
0.0857035 	-38.1048 	41.9051 	-0.545196 	0
0.0862749 	-38.2132 	41.9107 	-0.536605 	0
0.0868462 	-38.3216 	41.9163 	-0.528014 	0
0.0874176 	-38.4299 	41.9219 	-0.519411 	0
0.0879889 	-38.5331 	41.9274 	-0.509984 	0
0.0885603 	-38.6324 	41.9331 	-0.500937 	0
0.0891317 	-38.7265 	41.9392 	-0.492377 	0
0.089703 	-38.8207 	41.9452 	-0.483818 	0
0.0902744 	-38.9149 	41.9513 	-0.475258 	0
0.0908457 	-39.0086 	41.9574 	-0.466628 	0
0.0914171 	-39.098 	41.9633 	-0.457271 	0
0.0919884 	-39.1823 	41.9699 	-0.44851 	0
0.0925598 	-39.2646 	41.9767 	-0.439987 	0
0.0931312 	-39.3468 	41.9835 	-0.431465 	0
0.0937025 	-39.429 	41.9903 	-0.422942 	0
0.0942739 	-39.5073 	41.997 	-0.413714 	0
0.0948452 	-39.581 	42.0046 	-0.404997 	0
0.0954166 	-39.6532 	42.0125 	-0.396502 	0
0.0959879 	-39.7253 	42.0204 	-0.388008 	0
0.0965593 	-39.7958 	42.0282 	-0.379208 	0
0.0971307 	-39.8623 	42.0365 	-0.37025 	0
0.097702 	-39.9259 	42.0458 	-0.361788 	0
0.0982734 	-39.9894 	42.0551 	-0.353325 	0
0.0988447 	-40.0512 	42.0643 	-0.344515 	0
0.0994161 	-40.1091 	42.0746 	-0.33575 	0
0.0999874 	-40.1653 	42.0857 	-0.327313 	0
0.100559 	-40.2213 	42.0968 	-0.318844 	0
0.10113 	-40.2735 	42.1084 	-0.309879 	0
0.101702 	-40.3234 	42.1216 	-0.301469 	0
0.102273 	-40.3731 	42.1349 	-0.29302 	0
0.102844 	-40.4191 	42.149 	-0.284171 	0
0.103416 	-40.4636 	42.1649 	-0.27579 	0
0.103987 	-40.5069 	42.1806 	-0.267101 	0
0.104558 	-40.5469 	42.1988 	-0.258627 	0
0.10513 	-40.5863 	42.2175 	-0.250151 	0
0.105701 	-40.6226 	42.2382 	-0.241558 	0
0.106272 	-40.6578 	42.2602 	-0.233098 	0
0.106844 	-40.6903 	42.2846 	-0.224639 	0
0.107415 	-40.7214 	42.3085 	-0.216123 	0
0.107986 	-40.75 	42.3006 	-0.207906 	0
0.108558 	-40.7744 	42.1208 	-0.196561 	0
0.109129 	-40.7954 	41.631 	-0.180108 	0
0.109701 	-40.8149 	40.5803 	-0.154968 	0
0.110272 	-40.836 	39.0089 	-0.124636 	0
0.110843 	-40.8562 	37.1872 	-0.0954705 	0
0.111415 	-40.8759 	35.229 	-0.0688037 	0
0.111986 	-40.8971 	33.1212 	-0.0462085 	0
0.112557 	-40.9197 	30.6034 	-0.0270638 	0
0.113129 	-40.9415 	26.7292 	-0.0110735 	0
0.1137 	-40.9549 	1.13683e-10 	-2.79377e-15 	0
