0 	-111.164 	0 	0 	0
0.000571357 	-111.503 	-4.54312 	-0.0934546 	0
0.00114271 	-112.053 	-3.95206 	-0.207102 	0
0.00171407 	-112.566 	-3.31305 	-0.322738 	0
0.00228543 	-113.006 	-2.62613 	-0.439928 	0
0.00285678 	-113.37 	-1.88207 	-0.55791 	0
0.00342814 	-113.666 	-1.06887 	-0.677375 	0
0.0039995 	-113.904 	-0.179336 	-0.798071 	0
0.00457085 	-114.095 	0.794342 	-0.920114 	0
0.00514221 	-114.244 	1.86159 	-1.04428 	0
0.00571357 	-114.358 	3.02714 	-1.17026 	0
0.00628492 	-114.385 	4.30456 	-1.29792 	0
0.00685628 	-114.3 	5.74737 	-1.42803 	0
0.00742764 	-114.207 	7.38377 	-1.56043 	0
0.00799899 	-114.137 	9.1911 	-1.69299 	0
0.00857035 	-114.064 	11.1186 	-1.82446 	0
0.00914171 	-113.989 	13.1601 	-1.95337 	0
0.00971307 	-113.921 	15.2744 	-2.07961 	0
0.0102844 	-113.888 	17.423 	-2.20212 	0
0.0108558 	-113.881 	19.555 	-2.3208 	0
0.0114271 	-113.845 	21.6571 	-2.43472 	0
0.0119985 	-113.732 	23.7916 	-2.54315 	0
0.0125698 	-113.583 	25.6419 	-2.62885 	0
0.0131412 	-113.333 	28.5084 	-2.74197 	0
0.0137126 	-113.119 	31.2393 	-2.82977 	0
0.0142839 	-112.941 	34.1274 	-2.90562 	0
0.0148553 	-112.734 	35.5358 	-2.92094 	0
0.0154266 	-112.517 	36.0303 	-2.90818 	0
0.015998 	-112.293 	36.5971 	-2.90269 	0
0.0165693 	-112.057 	37.0685 	-2.89021 	0
0.0171407 	-111.82 	37.4952 	-2.87519 	0
0.0177121 	-111.582 	37.9 	-2.8593 	0
0.0182834 	-111.324 	38.2861 	-2.84245 	0
0.0188548 	-111.066 	38.6461 	-2.82446 	0
0.0194261 	-110.826 	38.9836 	-2.80565 	0
0.0199975 	-110.548 	39.312 	-2.78647 	0
0.0205688 	-110.303 	39.6144 	-2.76655 	0
0.0211402 	-110.027 	39.9137 	-2.74655 	0
0.0217116 	-109.778 	40.19 	-2.72613 	0
0.0222829 	-109.489 	40.4666 	-2.70569 	0
0.0228543 	-109.254 	40.7202 	-2.685 	0
0.0234256 	-108.962 	40.9724 	-2.66427 	0
0.023997 	-108.701 	41.2149 	-2.64358 	0
0.0245683 	-108.439 	41.4437 	-2.62296 	0
0.0251397 	-108.147 	41.6724 	-2.60232 	0
0.0257111 	-107.892 	41.8868 	-2.58163 	0
0.0262824 	-107.63 	42.0882 	-2.56089 	0
0.0268538 	-107.337 	42.2899 	-2.54018 	0
0.0274251 	-107.059 	42.4818 	-2.51928 	0
0.0279965 	-106.829 	42.6375 	-2.49769 	0
0.0285678 	-106.539 	42.7946 	-2.47624 	0
0.0291392 	-106.25 	42.9517 	-2.45478 	0
0.0297106 	-105.989 	43.0764 	-2.43205 	0
0.0302819 	-105.757 	43.155 	-2.4075 	0
0.0308533 	-105.474 	43.2354 	-2.38316 	0
0.0314246 	-105.191 	43.3158 	-2.35883 	0
0.031996 	-104.911 	43.3917 	-2.33434 	0
0.0325673 	-104.7 	43.3906 	-2.30727 	0
0.0331387 	-104.452 	43.3898 	-2.28033 	0
0.0337101 	-104.184 	43.3893 	-2.25347 	0
0.0342814 	-103.916 	43.3887 	-2.22661 	0
0.0348528 	-103.652 	43.3872 	-2.19982 	0
0.0354241 	-103.455 	43.3723 	-2.17412 	0
0.0359955 	-103.236 	43.3568 	-2.14848 	0
0.0365668 	-102.99 	43.3407 	-2.1229 	0
0.0371382 	-102.743 	43.3247 	-2.09733 	0
0.0377095 	-102.496 	43.3086 	-2.07176 	0
0.0382809 	-102.271 	43.2972 	-2.04698 	0
0.0388523 	-102.088 	43.2951 	-2.02376 	0
0.0394236 	-101.883 	43.2925 	-2.0006 	0
0.039995 	-101.657 	43.2893 	-1.9775 	0
0.0405663 	-101.431 	43.2861 	-1.9544 	0
0.0411377 	-101.204 	43.2829 	-1.93131 	0
0.041709 	-100.978 	43.2797 	-1.90821 	0
0.0422804 	-100.797 	43.2762 	-1.88642 	0
0.0428518 	-100.63 	43.2725 	-1.86501 	0
0.0434231 	-100.439 	43.2683 	-1.84369 	0
0.0439945 	-100.236 	43.2638 	-1.82241 	0
0.0445658 	-100.032 	43.2593 	-1.80114 	0
0.0451372 	-99.8282 	43.2548 	-1.77987 	0
0.0457085 	-99.6245 	43.2504 	-1.7586 	0
0.0462799 	-99.4339 	43.2463 	-1.73775 	0
0.0468513 	-99.2839 	43.2434 	-1.71817 	0
0.0474226 	-99.1339 	43.2405 	-1.6986 	0
0.047994 	-98.9591 	43.237 	-1.67914 	0
0.0485653 	-98.7784 	43.2334 	-1.6597 	0
0.0491367 	-98.5978 	43.2298 	-1.64026 	0
0.049708 	-98.4171 	43.2262 	-1.62081 	0
0.0502794 	-98.2364 	43.2226 	-1.60137 	0
0.0508508 	-98.0558 	43.2189 	-1.58193 	0
0.0514221 	-97.9054 	43.2162 	-1.5635 	0
0.0519935 	-97.7737 	43.2139 	-1.54569 	0
0.0525648 	-97.642 	43.2116 	-1.52788 	0
0.0531362 	-97.4896 	43.2088 	-1.51017 	0
0.0537075 	-97.3328 	43.2059 	-1.49248 	0
0.0542789 	-97.176 	43.2031 	-1.4748 	0
0.0548503 	-97.0191 	43.2002 	-1.45711 	0
0.0554216 	-96.8623 	43.1973 	-1.43943 	0
0.055993 	-96.7055 	43.1944 	-1.42174 	0
0.0565643 	-96.5487 	43.1916 	-1.40406 	0
0.0571357 	-96.4259 	43.1896 	-1.38773 	0
0.057707 	-96.3158 	43.188 	-1.37192 	0
0.0582784 	-96.2058 	43.1864 	-1.35611 	0
0.0588497 	-96.0855 	43.1846 	-1.34036 	0
0.0594211 	-95.9558 	43.1825 	-1.32466 	0
0.0599925 	-95.8261 	43.1804 	-1.30896 	0
0.0605638 	-95.6964 	43.1784 	-1.29326 	0
0.0611352 	-95.5668 	43.1763 	-1.27757 	0
0.0617065 	-95.4371 	43.1743 	-1.26187 	0
0.0622779 	-95.3074 	43.1722 	-1.24617 	0
0.0628492 	-95.1777 	43.1701 	-1.23047 	0
0.0634206 	-95.0622 	43.1685 	-1.21524 	0
0.063992 	-94.9692 	43.1675 	-1.20074 	0
0.0645633 	-94.8762 	43.1666 	-1.18625 	0
0.0651347 	-94.7804 	43.1655 	-1.17177 	0
0.065706 	-94.6717 	43.1642 	-1.15737 	0
0.0662774 	-94.5631 	43.1629 	-1.14298 	0
0.0668487 	-94.4544 	43.1616 	-1.12859 	0
0.0674201 	-94.3458 	43.1602 	-1.11419 	0
0.0679915 	-94.2371 	43.1589 	-1.0998 	0
0.0685628 	-94.1285 	43.1576 	-1.08541 	0
0.0691342 	-94.0198 	43.1562 	-1.07101 	0
0.0697055 	-93.9125 	43.1549 	-1.05665 	0
0.0702769 	-93.8321 	43.1546 	-1.04278 	0
0.0708482 	-93.7518 	43.1543 	-1.02891 	0
0.0714196 	-93.6682 	43.1538 	-1.01507 	0
0.071991 	-93.5749 	43.1532 	-1.0013 	0
0.0725623 	-93.4817 	43.1525 	-0.987536 	0
0.0731337 	-93.3884 	43.1519 	-0.973768 	0
0.073705 	-93.2951 	43.1513 	-0.96 	0
0.0742764 	-93.2018 	43.1506 	-0.946232 	0
0.0748477 	-93.1086 	43.15 	-0.932465 	0
0.0754191 	-93.0191 	43.1495 	-0.918796 	0
0.0759905 	-92.9508 	43.1498 	-0.905667 	0
0.0765618 	-92.8825 	43.1501 	-0.892539 	0
0.0771332 	-92.8066 	43.1502 	-0.879476 	0
0.0777045 	-92.7276 	43.1503 	-0.86644 	0
0.0782759 	-92.6487 	43.1503 	-0.853404 	0
0.0788472 	-92.5697 	43.1504 	-0.840367 	0
0.0794186 	-92.4908 	43.1504 	-0.827331 	0
0.0799899 	-92.4118 	43.1505 	-0.814295 	0
0.0805613 	-92.3437 	43.151 	-0.801486 	0
0.0811327 	-92.2853 	43.152 	-0.788882 	0
0.081704 	-92.2233 	43.1529 	-0.776312 	0
0.0822754 	-92.1559 	43.1537 	-0.763795 	0
0.0828467 	-92.0886 	43.1545 	-0.751277 	0
0.0834181 	-92.0213 	43.1552 	-0.73876 	0
0.0839894 	-91.954 	43.156 	-0.726243 	0
0.0845608 	-91.8867 	43.1568 	-0.713726 	0
0.0851322 	-91.8363 	43.1585 	-0.701519 	0
0.0857035 	-91.7848 	43.1603 	-0.689323 	0
0.0862749 	-91.7269 	43.1618 	-0.677199 	0
0.0868462 	-91.669 	43.1634 	-0.665075 	0
0.0874176 	-91.6111 	43.165 	-0.652951 	0
0.0879889 	-91.5532 	43.1666 	-0.640826 	0
0.0885603 	-91.5016 	43.1686 	-0.628793 	0
0.0891317 	-91.4579 	43.1713 	-0.616876 	0
0.089703 	-91.409 	43.1738 	-0.605025 	0
0.0902744 	-91.359 	43.1763 	-0.593188 	0
0.0908457 	-91.3089 	43.1788 	-0.581352 	0
0.0914171 	-91.2589 	43.1813 	-0.569515 	0
0.0919884 	-91.2174 	43.1847 	-0.557783 	0
0.0925598 	-91.1778 	43.1884 	-0.546117 	0
0.0931312 	-91.1342 	43.192 	-0.534504 	0
0.0937025 	-91.0907 	43.1956 	-0.522892 	0
0.0942739 	-91.0472 	43.1992 	-0.51128 	0
0.0948452 	-91.0111 	43.2038 	-0.499735 	0
0.0954166 	-90.9756 	43.2088 	-0.488255 	0
0.0959879 	-90.9376 	43.2137 	-0.476813 	0
0.0965593 	-90.8996 	43.2187 	-0.465371 	0
0.0971307 	-90.8649 	43.2242 	-0.453952 	0
0.097702 	-90.8345 	43.2309 	-0.442594 	0
0.0982734 	-90.8012 	43.2374 	-0.431288 	0
0.0988447 	-90.768 	43.244 	-0.419982 	0
0.0994161 	-90.739 	43.2517 	-0.408696 	0
0.0999874 	-90.711 	43.2602 	-0.397471 	0
0.100559 	-90.6817 	43.2687 	-0.386273 	0
0.10113 	-90.6541 	43.2778 	-0.37508 	0
0.101702 	-90.6301 	43.2886 	-0.363932 	0
0.102273 	-90.6043 	43.2993 	-0.352826 	0
0.102844 	-90.5805 	43.311 	-0.341718 	0
0.103416 	-90.5586 	43.3244 	-0.330654 	0
0.103987 	-90.5357 	43.3378 	-0.319616 	0
0.104558 	-90.5164 	43.3536 	-0.308591 	0
0.10513 	-90.4961 	43.3698 	-0.297622 	0
0.105701 	-90.4784 	43.388 	-0.286648 	0
0.106272 	-90.4603 	43.4073 	-0.275728 	0
0.106844 	-90.4443 	43.4291 	-0.264791 	0
0.107415 	-90.4281 	43.4518 	-0.2539 	0
0.107986 	-90.4144 	43.4781 	-0.243105 	0
0.108558 	-90.4011 	43.5055 	-0.232264 	0
0.109129 	-90.3879 	43.5093 	-0.221299 	0
0.109701 	-90.3743 	43.3675 	-0.20868 	0
0.110272 	-90.3595 	42.6437 	-0.186494 	0
0.110843 	-90.3494 	40.9924 	-0.150076 	0
0.111415 	-90.3458 	38.7376 	-0.110912 	0
0.111986 	-90.3515 	36.1582 	-0.0754726 	0
0.112557 	-90.3665 	33.2059 	-0.0451653 	0
0.113129 	-90.3914 	28.8984 	-0.0192024 	0
0.1137 	-90.4136 	1.23576e-10 	-4.71764e-15 	0
