0 	-192.107 	0 	0 	0
0.000571357 	-192.083 	0.00418299 	0.0756342 	0
0.00114271 	-192.002 	-1.12323 	0.419509 	0
0.00171407 	-191.988 	-1.9055 	0.81116 	0
0.00228543 	-192.072 	-2.26268 	1.11144 	0
0.00285678 	-192.22 	-2.35945 	1.31446 	0
0.00342814 	-192.397 	-2.30814 	1.4434 	0
0.0039995 	-192.57 	-2.18322 	1.52667 	0
0.00457085 	-192.721 	-2.01181 	1.57688 	0
0.00514221 	-192.841 	-1.81422 	1.60343 	0
0.00571357 	-192.925 	-1.59577 	1.60958 	0
0.00628492 	-192.975 	-1.36518 	1.59847 	0
0.00685628 	-192.991 	-1.12713 	1.57129 	0
0.00742764 	-192.974 	-0.883901 	1.52848 	0
0.00799899 	-192.919 	-0.632885 	1.46761 	0
0.00857035 	-192.821 	-0.366536 	1.38716 	0
0.00914171 	-192.653 	-0.0273797 	1.27415 	0
0.00971307 	-192.417 	0.477482 	1.11657 	0
0.0102844 	-192.129 	1.47898 	0.873388 	0
0.0108558 	-191.794 	3.37847 	0.533105 	0
0.0114271 	-191.393 	6.25621 	0.147904 	0
0.0119985 	-190.901 	10.1215 	-0.224603 	0
0.0125698 	-190.384 	14.0517 	-0.483178 	0
0.0131412 	-189.377 	20.9696 	-0.650899 	0
0.0137126 	-188.685 	26.4889 	-0.611919 	0
0.0142839 	-188.334 	29.5512 	-0.635626 	0
0.0148553 	-187.936 	32.039 	-0.675747 	0
0.0154266 	-187.471 	34.2926 	-0.707117 	0
0.015998 	-186.944 	35.7329 	-0.732476 	0
0.0165693 	-186.384 	36.5835 	-0.75306 	0
0.0171407 	-185.794 	37.2398 	-0.770524 	0
0.0177121 	-185.177 	37.8219 	-0.786153 	0
0.0182834 	-184.54 	38.3508 	-0.800403 	0
0.0188548 	-183.876 	38.8256 	-0.813276 	0
0.0194261 	-183.196 	39.2593 	-0.824848 	0
0.0199975 	-182.509 	39.6747 	-0.835909 	0
0.0205688 	-181.793 	40.0423 	-0.845572 	0
0.0211402 	-181.081 	40.4044 	-0.854979 	0
0.0217116 	-180.345 	40.7283 	-0.863235 	0
0.0222829 	-179.614 	41.0525 	-0.871462 	0
0.0228543 	-178.864 	41.3407 	-0.878398 	0
0.0234256 	-178.113 	41.6262 	-0.88525 	0
0.023997 	-177.363 	41.8983 	-0.891591 	0
0.0245683 	-176.601 	42.1503 	-0.897206 	0
0.0251397 	-175.84 	42.4023 	-0.902825 	0
0.0257111 	-175.083 	42.6393 	-0.907799 	0
0.0262824 	-174.316 	42.862 	-0.912114 	0
0.0268538 	-173.55 	43.0847 	-0.916429 	0
0.0274251 	-172.792 	43.3016 	-0.920599 	0
0.0279965 	-172.03 	43.4951 	-0.92381 	0
0.0285678 	-171.267 	43.6886 	-0.92702 	0
0.0291392 	-170.506 	43.8822 	-0.930248 	0
0.0297106 	-169.754 	44.0529 	-0.932738 	0
0.0302819 	-169.001 	44.1899 	-0.933913 	0
0.0308533 	-168.248 	44.3269 	-0.935088 	0
0.0314246 	-167.495 	44.4639 	-0.936264 	0
0.031996 	-166.753 	44.596 	-0.937476 	0
0.0325673 	-166.029 	44.6295 	-0.935682 	0
0.0331387 	-165.305 	44.663 	-0.933889 	0
0.0337101 	-164.582 	44.6966 	-0.932095 	0
0.0342814 	-163.858 	44.7301 	-0.930302 	0
0.0348528 	-163.147 	44.7611 	-0.928693 	0
0.0354241 	-162.476 	44.7411 	-0.92523 	0
0.0359955 	-161.805 	44.7211 	-0.921768 	0
0.0365668 	-161.134 	44.7011 	-0.918306 	0
0.0371382 	-160.462 	44.6811 	-0.914844 	0
0.0377095 	-159.794 	44.6613 	-0.911499 	0
0.0382809 	-159.148 	44.6433 	-0.908068 	0
0.0388523 	-158.534 	44.6285 	-0.904031 	0
0.0394236 	-157.92 	44.6138 	-0.899995 	0
0.039995 	-157.305 	44.5991 	-0.895959 	0
0.0405663 	-156.691 	44.5844 	-0.891923 	0
0.0411377 	-156.077 	44.5697 	-0.887887 	0
0.041709 	-155.469 	44.5551 	-0.884146 	0
0.0422804 	-154.903 	44.5417 	-0.879746 	0
0.0428518 	-154.349 	44.5287 	-0.875146 	0
0.0434231 	-153.796 	44.5157 	-0.870545 	0
0.0439945 	-153.242 	44.5027 	-0.865945 	0
0.0445658 	-152.688 	44.4897 	-0.861344 	0
0.0451372 	-152.135 	44.4767 	-0.856743 	0
0.0457085 	-151.584 	44.4637 	-0.852312 	0
0.0462799 	-151.05 	44.4512 	-0.847803 	0
0.0468513 	-150.56 	44.44 	-0.842675 	0
0.0474226 	-150.07 	44.4288 	-0.837547 	0
0.047994 	-149.58 	44.4176 	-0.832419 	0
0.0485653 	-149.09 	44.4063 	-0.827292 	0
0.0491367 	-148.599 	44.3951 	-0.822164 	0
0.049708 	-148.109 	44.3839 	-0.817036 	0
0.0502794 	-147.62 	44.3727 	-0.811948 	0
0.0508508 	-147.134 	44.3616 	-0.807086 	0
0.0514221 	-146.686 	44.3515 	-0.801795 	0
0.0519935 	-146.26 	44.342 	-0.796239 	0
0.0525648 	-145.835 	44.3326 	-0.790684 	0
0.0531362 	-145.41 	44.3232 	-0.785129 	0
0.0537075 	-144.985 	44.3138 	-0.779573 	0
0.0542789 	-144.559 	44.3043 	-0.774018 	0
0.0548503 	-144.134 	44.2949 	-0.768462 	0
0.0554216 	-143.709 	44.2855 	-0.762907 	0
0.055993 	-143.285 	44.2761 	-0.757465 	0
0.0565643 	-142.863 	44.2667 	-0.752146 	0
0.0571357 	-142.492 	44.2587 	-0.746507 	0
0.057707 	-142.141 	44.2513 	-0.740748 	0
0.0582784 	-141.79 	44.2438 	-0.734988 	0
0.0588497 	-141.438 	44.2364 	-0.729229 	0
0.0594211 	-141.087 	44.2289 	-0.723469 	0
0.0599925 	-140.735 	44.2215 	-0.71771 	0
0.0605638 	-140.384 	44.214 	-0.71195 	0
0.0611352 	-140.032 	44.2066 	-0.706191 	0
0.0617065 	-139.681 	44.1991 	-0.700431 	0
0.0622779 	-139.33 	44.1917 	-0.694752 	0
0.0628492 	-138.981 	44.1843 	-0.689196 	0
0.0634206 	-138.653 	44.1775 	-0.683472 	0
0.063992 	-138.359 	44.1717 	-0.677482 	0
0.0645633 	-138.065 	44.1658 	-0.671492 	0
0.0651347 	-137.772 	44.16 	-0.665502 	0
0.065706 	-137.478 	44.1542 	-0.659512 	0
0.0662774 	-137.184 	44.1484 	-0.653522 	0
0.0668487 	-136.89 	44.1426 	-0.647532 	0
0.0674201 	-136.596 	44.1367 	-0.641543 	0
0.0679915 	-136.303 	44.1309 	-0.635553 	0
0.0685628 	-136.009 	44.1251 	-0.629573 	0
0.0691342 	-135.716 	44.1193 	-0.623761 	0
0.0697055 	-135.426 	44.1136 	-0.617928 	0
0.0702769 	-135.174 	44.1091 	-0.611633 	0
0.0708482 	-134.922 	44.1046 	-0.605339 	0
0.0714196 	-134.671 	44.1001 	-0.599045 	0
0.071991 	-134.419 	44.0956 	-0.59275 	0
0.0725623 	-134.167 	44.0911 	-0.586456 	0
0.0731337 	-133.915 	44.0866 	-0.580162 	0
0.073705 	-133.664 	44.0821 	-0.573868 	0
0.0742764 	-133.412 	44.0777 	-0.567573 	0
0.0748477 	-133.161 	44.0732 	-0.561427 	0
0.0754191 	-132.916 	44.0689 	-0.555258 	0
0.0759905 	-132.704 	44.0657 	-0.54888 	0
0.0765618 	-132.491 	44.0625 	-0.542502 	0
0.0771332 	-132.279 	44.0593 	-0.536124 	0
0.0777045 	-132.066 	44.0561 	-0.529746 	0
0.0782759 	-131.853 	44.0529 	-0.523368 	0
0.0788472 	-131.641 	44.0497 	-0.51699 	0
0.0794186 	-131.428 	44.0465 	-0.510621 	0
0.0799899 	-131.217 	44.0433 	-0.504392 	0
0.0805613 	-131.021 	44.0408 	-0.498055 	0
0.0811327 	-130.84 	44.0387 	-0.491624 	0
0.081704 	-130.659 	44.0367 	-0.485192 	0
0.0822754 	-130.478 	44.0347 	-0.47876 	0
0.0828467 	-130.297 	44.0327 	-0.472328 	0
0.0834181 	-130.116 	44.0307 	-0.465896 	0
0.0839894 	-129.936 	44.0287 	-0.459511 	0
0.0845608 	-129.755 	44.0267 	-0.453217 	0
0.0851322 	-129.6 	44.0258 	-0.446756 	0
0.0857035 	-129.445 	44.025 	-0.440296 	0
0.0862749 	-129.29 	44.0241 	-0.433836 	0
0.0868462 	-129.135 	44.0233 	-0.427376 	0
0.0874176 	-128.979 	44.0224 	-0.420915 	0
0.0879889 	-128.825 	44.0216 	-0.414533 	0
0.0885603 	-128.679 	44.0213 	-0.408138 	0
0.0891317 	-128.545 	44.0216 	-0.401659 	0
0.089703 	-128.411 	44.022 	-0.39518 	0
0.0902744 	-128.278 	44.0224 	-0.388701 	0
0.0908457 	-128.144 	44.0227 	-0.382222 	0
0.0914171 	-128.01 	44.0231 	-0.375834 	0
0.0919884 	-127.889 	44.0244 	-0.369385 	0
0.0925598 	-127.774 	44.0261 	-0.362898 	0
0.0931312 	-127.658 	44.0278 	-0.356411 	0
0.0937025 	-127.542 	44.0295 	-0.349924 	0
0.0942739 	-127.426 	44.0311 	-0.34351 	0
0.0948452 	-127.321 	44.0339 	-0.337054 	0
0.0954166 	-127.22 	44.0371 	-0.330564 	0
0.0959879 	-127.12 	44.0403 	-0.324073 	0
0.0965593 	-127.019 	44.0435 	-0.317599 	0
0.0971307 	-126.923 	44.0473 	-0.311183 	0
0.097702 	-126.835 	44.0522 	-0.304695 	0
0.0982734 	-126.747 	44.0572 	-0.298206 	0
0.0988447 	-126.66 	44.0621 	-0.291745 	0
0.0994161 	-126.578 	44.0682 	-0.285308 	0
0.0999874 	-126.501 	44.0751 	-0.278824 	0
0.100559 	-126.424 	44.082 	-0.27234 	0
0.10113 	-126.35 	44.0896 	-0.265924 	0
0.101702 	-126.283 	44.0988 	-0.259447 	0
0.102273 	-126.215 	44.1081 	-0.25297 	0
0.102844 	-126.151 	44.1183 	-0.246554 	0
0.103416 	-126.092 	44.1301 	-0.240089 	0
0.103987 	-126.033 	44.142 	-0.233654 	0
0.104558 	-125.979 	44.1563 	-0.22721 	0
0.10513 	-125.927 	44.171 	-0.220753 	0
0.105701 	-125.879 	44.1877 	-0.214349 	0
0.106272 	-125.833 	44.2056 	-0.207923 	0
0.106844 	-125.791 	44.2257 	-0.201504 	0
0.107415 	-125.75 	44.247 	-0.195085 	0
0.107986 	-125.714 	44.2714 	-0.188706 	0
0.108558 	-125.68 	44.2977 	-0.182304 	0
0.109129 	-125.649 	44.3266 	-0.175904 	0
0.109701 	-125.621 	44.3574 	-0.169596 	0
0.110272 	-125.596 	44.3471 	-0.162962 	0
0.110843 	-125.57 	43.9065 	-0.150651 	0
0.111415 	-125.553 	42.2273 	-0.11926 	0
0.111986 	-125.547 	39.2761 	-0.0788297 	0
0.112557 	-125.555 	35.7737 	-0.0449099 	0
0.113129 	-125.575 	31.0128 	-0.0185928 	0
0.1137 	-125.595 	1.40425e-10 	-5.01255e-15 	0
