0 	-88.2872 	0 	0 	0
0.000571357 	-88.6761 	-3.23111 	-0.106272 	0
0.00114271 	-89.2981 	-2.60555 	-0.233205 	0
0.00171407 	-89.8721 	-1.95252 	-0.361803 	0
0.00228543 	-90.3587 	-1.25616 	-0.491439 	0
0.00285678 	-90.756 	-0.503351 	-0.621315 	0
0.00342814 	-91.075 	0.319146 	-0.751919 	0
0.0039995 	-91.3295 	1.21909 	-0.882797 	0
0.00457085 	-91.5324 	2.20463 	-1.01414 	0
0.00514221 	-91.6944 	3.28402 	-1.14615 	0
0.00571357 	-91.8247 	4.4619 	-1.27873 	0
0.00628492 	-91.8583 	5.75183 	-1.41127 	0
0.00685628 	-91.7814 	7.20663 	-1.54415 	0
0.00742764 	-91.7245 	8.84382 	-1.67674 	0
0.00799899 	-91.7114 	10.6354 	-1.80727 	0
0.00857035 	-91.7073 	12.5379 	-1.93569 	0
0.00914171 	-91.7198 	14.5448 	-2.0606 	0
0.00971307 	-91.7489 	16.6206 	-2.1826 	0
0.0102844 	-91.8214 	18.7247 	-2.30025 	0
0.0108558 	-91.9278 	20.8034 	-2.41279 	0
0.0114271 	-92.0173 	22.8462 	-2.51959 	0
0.0119985 	-92.0627 	24.9144 	-2.62012 	0
0.0125698 	-92.07 	26.7044 	-2.69894 	0
0.0131412 	-92.0821 	29.4713 	-2.80163 	0
0.0137126 	-92.1307 	32.0973 	-2.87924 	0
0.0142839 	-92.2361 	34.5766 	-2.93606 	0
0.0148553 	-92.3069 	35.4197 	-2.93257 	0
0.0154266 	-92.3668 	35.9826 	-2.92885 	0
0.015998 	-92.4261 	36.4837 	-2.91989 	0
0.0165693 	-92.4689 	36.9133 	-2.90609 	0
0.0171407 	-92.5087 	37.3276 	-2.89193 	0
0.0177121 	-92.5455 	37.722 	-2.8768 	0
0.0182834 	-92.5546 	38.0972 	-2.86047 	0
0.0188548 	-92.5696 	38.4474 	-2.84316 	0
0.0194261 	-92.5996 	38.7777 	-2.82519 	0
0.0199975 	-92.5796 	39.1004 	-2.80658 	0
0.0205688 	-92.5994 	39.3989 	-2.7876 	0
0.0211402 	-92.5749 	39.6948 	-2.76827 	0
0.0217116 	-92.5854 	39.9689 	-2.74874 	0
0.0222829 	-92.5418 	40.2435 	-2.72888 	0
0.0228543 	-92.5599 	40.4963 	-2.70915 	0
0.0234256 	-92.506 	40.7479 	-2.68896 	0
0.023997 	-92.4781 	40.9899 	-2.66894 	0
0.0245683 	-92.4626 	41.2183 	-2.64903 	0
0.0251397 	-92.398 	41.4469 	-2.62884 	0
0.0257111 	-92.3648 	41.6601 	-2.60865 	0
0.0262824 	-92.3399 	41.8594 	-2.58838 	0
0.0268538 	-92.2644 	42.0593 	-2.56789 	0
0.0274251 	-92.2011 	42.2488 	-2.54719 	0
0.0279965 	-92.1838 	42.3985 	-2.52574 	0
0.0285678 	-92.1131 	42.5499 	-2.50416 	0
0.0291392 	-92.0285 	42.7017 	-2.48254 	0
0.0297106 	-91.9662 	42.8205 	-2.45966 	0
0.0302819 	-91.936 	42.8917 	-2.43498 	0
0.0308533 	-91.8564 	42.9649 	-2.41023 	0
0.0314246 	-91.7633 	43.0386 	-2.38546 	0
0.031996 	-91.6732 	43.1081 	-2.36058 	0
0.0325673 	-91.6338 	43.1056 	-2.33355 	0
0.0331387 	-91.5834 	43.1032 	-2.30649 	0
0.0337101 	-91.4869 	43.1012 	-2.27934 	0
0.0342814 	-91.3905 	43.0991 	-2.25219 	0
0.0348528 	-91.2971 	43.0965 	-2.22513 	0
0.0354241 	-91.2513 	43.0852 	-2.19963 	0
0.0359955 	-91.2055 	43.074 	-2.17413 	0
0.0365668 	-91.1131 	43.0615 	-2.14848 	0
0.0371382 	-91.017 	43.049 	-2.12281 	0
0.0377095 	-90.9208 	43.0364 	-2.09714 	0
0.0382809 	-90.8396 	43.0286 	-2.07233 	0
0.0388523 	-90.788 	43.03 	-2.04922 	0
0.0394236 	-90.7364 	43.0314 	-2.0261 	0
0.039995 	-90.6458 	43.0318 	-2.00288 	0
0.0405663 	-90.5501 	43.0321 	-1.97965 	0
0.0411377 	-90.4545 	43.0323 	-1.95642 	0
0.041709 	-90.3589 	43.0326 	-1.93319 	0
0.0422804 	-90.2952 	43.0318 	-1.91135 	0
0.0428518 	-90.241 	43.0307 	-1.88993 	0
0.0434231 	-90.1868 	43.0296 	-1.86851 	0
0.0439945 	-90.0961 	43.0277 	-1.84703 	0
0.0445658 	-90.004 	43.0257 	-1.82554 	0
0.0451372 	-89.912 	43.0238 	-1.80406 	0
0.0457085 	-89.8199 	43.0219 	-1.78257 	0
0.0462799 	-89.7369 	43.0202 	-1.76154 	0
0.0468513 	-89.6818 	43.0196 	-1.7419 	0
0.0474226 	-89.6266 	43.0189 	-1.72225 	0
0.047994 	-89.5706 	43.0182 	-1.70261 	0
0.0485653 	-89.4835 	43.0168 	-1.68294 	0
0.0491367 	-89.3964 	43.0154 	-1.66326 	0
0.049708 	-89.3094 	43.014 	-1.64359 	0
0.0502794 	-89.2223 	43.0126 	-1.62391 	0
0.0508508 	-89.1352 	43.0112 	-1.60424 	0
0.0514221 	-89.0689 	43.0103 	-1.58564 	0
0.0519935 	-89.0154 	43.0099 	-1.5677 	0
0.0525648 	-88.9618 	43.0094 	-1.54977 	0
0.0531362 	-88.9083 	43.009 	-1.53184 	0
0.0537075 	-88.8303 	43.0079 	-1.5139 	0
0.0542789 	-88.7504 	43.0069 	-1.49596 	0
0.0548503 	-88.6705 	43.0058 	-1.47803 	0
0.0554216 	-88.5905 	43.0047 	-1.46009 	0
0.055993 	-88.5106 	43.0036 	-1.44215 	0
0.0565643 	-88.4307 	43.0026 	-1.42421 	0
0.0571357 	-88.3736 	43.0022 	-1.40772 	0
0.057707 	-88.325 	43.002 	-1.39176 	0
0.0582784 	-88.2764 	43.0018 	-1.37581 	0
0.0588497 	-88.2279 	43.0017 	-1.35986 	0
0.0594211 	-88.169 	43.0013 	-1.34391 	0
0.0599925 	-88.0996 	43.0006 	-1.32797 	0
0.0605638 	-88.0302 	43 	-1.31203 	0
0.0611352 	-87.9608 	42.9994 	-1.29608 	0
0.0617065 	-87.8915 	42.9987 	-1.28014 	0
0.0622779 	-87.8221 	42.9981 	-1.2642 	0
0.0628492 	-87.7527 	42.9974 	-1.24826 	0
0.0634206 	-87.6932 	42.9971 	-1.23282 	0
0.063992 	-87.6494 	42.9973 	-1.21816 	0
0.0645633 	-87.6056 	42.9975 	-1.20351 	0
0.0651347 	-87.5618 	42.9977 	-1.18886 	0
0.065706 	-87.5154 	42.9978 	-1.17421 	0
0.0662774 	-87.4549 	42.9976 	-1.15958 	0
0.0668487 	-87.3944 	42.9974 	-1.14495 	0
0.0674201 	-87.3339 	42.9972 	-1.13033 	0
0.0679915 	-87.2734 	42.997 	-1.1157 	0
0.0685628 	-87.2129 	42.9968 	-1.10107 	0
0.0691342 	-87.1525 	42.9966 	-1.08644 	0
0.0697055 	-87.0929 	42.9964 	-1.07184 	0
0.0702769 	-87.0533 	42.9971 	-1.05781 	0
0.0708482 	-87.0137 	42.9977 	-1.04378 	0
0.0714196 	-86.9741 	42.9983 	-1.02974 	0
0.071991 	-86.9295 	42.9988 	-1.01572 	0
0.0725623 	-86.8761 	42.9991 	-1.00172 	0
0.0731337 	-86.8226 	42.9994 	-0.987724 	0
0.073705 	-86.7692 	42.9997 	-0.973724 	0
0.0742764 	-86.7157 	43 	-0.959724 	0
0.0748477 	-86.6623 	43.0003 	-0.945724 	0
0.0754191 	-86.6117 	43.0007 	-0.931834 	0
0.0759905 	-86.5769 	43.0018 	-0.91854 	0
0.0765618 	-86.5421 	43.0029 	-0.905246 	0
0.0771332 	-86.5073 	43.004 	-0.891952 	0
0.0777045 	-86.4618 	43.0048 	-0.878691 	0
0.0782759 	-86.4156 	43.0057 	-0.865432 	0
0.0788472 	-86.3694 	43.0065 	-0.852173 	0
0.0794186 	-86.3232 	43.0073 	-0.838914 	0
0.0799899 	-86.277 	43.0081 	-0.825656 	0
0.0805613 	-86.2391 	43.0094 	-0.812655 	0
0.0811327 	-86.2086 	43.0111 	-0.799886 	0
0.081704 	-86.1782 	43.0127 	-0.787117 	0
0.0822754 	-86.1409 	43.0142 	-0.774375 	0
0.0828467 	-86.1009 	43.0156 	-0.761644 	0
0.0834181 	-86.0609 	43.0171 	-0.748912 	0
0.0839894 	-86.0209 	43.0185 	-0.736181 	0
0.0845608 	-85.981 	43.0199 	-0.72345 	0
0.0851322 	-85.9543 	43.0223 	-0.71108 	0
0.0857035 	-85.9276 	43.0246 	-0.69871 	0
0.0862749 	-85.8964 	43.0268 	-0.686362 	0
0.0868462 	-85.8616 	43.0289 	-0.67403 	0
0.0874176 	-85.8269 	43.0311 	-0.661699 	0
0.0879889 	-85.7921 	43.0332 	-0.649368 	0
0.0885603 	-85.7623 	43.0358 	-0.637148 	0
0.0891317 	-85.7389 	43.0389 	-0.625071 	0
0.089703 	-85.7135 	43.042 	-0.613005 	0
0.0902744 	-85.6832 	43.045 	-0.600967 	0
0.0908457 	-85.6529 	43.048 	-0.588929 	0
0.0914171 	-85.6226 	43.051 	-0.576891 	0
0.0919884 	-85.5992 	43.0548 	-0.564988 	0
0.0925598 	-85.5787 	43.059 	-0.55314 	0
0.0931312 	-85.5531 	43.063 	-0.541326 	0
0.0937025 	-85.5266 	43.067 	-0.529517 	0
0.0942739 	-85.5001 	43.0711 	-0.517708 	0
0.0948452 	-85.4796 	43.0761 	-0.505996 	0
0.0954166 	-85.4611 	43.0816 	-0.494325 	0
0.0959879 	-85.4378 	43.0869 	-0.482691 	0
0.0965593 	-85.4146 	43.0922 	-0.471056 	0
0.0971307 	-85.394 	43.0981 	-0.459457 	0
0.097702 	-85.3781 	43.1051 	-0.447924 	0
0.0982734 	-85.3579 	43.112 	-0.436427 	0
0.0988447 	-85.3375 	43.1189 	-0.424932 	0
0.0994161 	-85.3206 	43.127 	-0.413476 	0
0.0999874 	-85.3052 	43.1359 	-0.402065 	0
0.100559 	-85.2872 	43.1447 	-0.39068 	0
0.10113 	-85.2705 	43.1541 	-0.379308 	0
0.101702 	-85.2575 	43.1652 	-0.367984 	0
0.102273 	-85.2415 	43.1763 	-0.356693 	0
0.102844 	-85.2273 	43.1883 	-0.345414 	0
0.103416 	-85.2149 	43.202 	-0.334172 	0
0.103987 	-85.2008 	43.2156 	-0.322952 	0
0.104558 	-85.1901 	43.2317 	-0.311754 	0
0.10513 	-85.1775 	43.2482 	-0.3006 	0
0.105701 	-85.1673 	43.2668 	-0.289464 	0
0.106272 	-85.1563 	43.2864 	-0.278371 	0
0.106844 	-85.1472 	43.3084 	-0.267261 	0
0.107415 	-85.1371 	43.3314 	-0.256182 	0
0.107986 	-85.129 	43.3581 	-0.245213 	0
0.108558 	-85.1213 	43.384 	-0.234261 	0
0.109129 	-85.1128 	43.3712 	-0.222949 	0
0.109701 	-85.1028 	43.1659 	-0.209094 	0
0.110272 	-85.0926 	42.3068 	-0.18445 	0
0.110843 	-85.0881 	40.5705 	-0.147043 	0
0.111415 	-85.0878 	38.3283 	-0.10849 	0
0.111986 	-85.096 	35.8023 	-0.073901 	0
0.112557 	-85.1127 	32.9015 	-0.0442534 	0
0.113129 	-85.1382 	28.6402 	-0.0187779 	0
0.1137 	-85.1601 	1.22004e-10 	-4.57152e-15 	0
