0 	12.5781 	0 	0 	0
0.000571357 	12.3649 	8.77122 	-0.0695004 	0
0.00114271 	11.9878 	9.67737 	-0.157755 	0
0.00171407 	11.6188 	10.369 	-0.24793 	0
0.00228543 	11.2951 	11.0222 	-0.337377 	0
0.00285678 	11.0166 	11.6858 	-0.426292 	0
0.00342814 	10.7816 	12.3813 	-0.513351 	0
0.0039995 	10.5787 	13.1225 	-0.598826 	0
0.00457085 	10.4003 	13.9167 	-0.681709 	0
0.00514221 	10.2366 	14.7728 	-0.762237 	0
0.00571357 	10.0808 	15.6911 	-0.839168 	0
0.00628492 	9.92538 	16.6757 	-0.912738 	0
0.00685628 	9.76338 	17.7272 	-0.982656 	0
0.00742764 	9.61037 	18.8456 	-1.04805 	0
0.00799899 	9.49969 	20.055 	-1.10667 	0
0.00857035 	9.37808 	21.3908 	-1.16015 	0
0.00914171 	9.19527 	22.8205 	-1.2049 	0
0.00971307 	8.95421 	24.3073 	-1.24487 	0
0.0102844 	8.66032 	25.7981 	-1.2797 	0
0.0108558 	8.33171 	27.2376 	-1.30912 	0
0.0114271 	7.98336 	28.6328 	-1.33403 	0
0.0119985 	7.61952 	30.0408 	-1.35435 	0
0.0125698 	7.30348 	31.2534 	-1.36749 	0
0.0131412 	6.80747 	33.1245 	-1.37778 	0
0.0137126 	6.33055 	34.7507 	-1.379 	0
0.0142839 	5.79881 	35.2329 	-1.38737 	0
0.0148553 	5.26124 	35.6185 	-1.3956 	0
0.0154266 	4.71574 	35.9831 	-1.40282 	0
0.015998 	4.17469 	36.3281 	-1.40927 	0
0.0165693 	3.62968 	36.6606 	-1.4151 	0
0.0171407 	3.08088 	36.9799 	-1.42024 	0
0.0177121 	2.52862 	37.2868 	-1.42474 	0
0.0182834 	1.97318 	37.584 	-1.42871 	0
0.0188548 	1.43055 	37.8689 	-1.43244 	0
0.0194261 	0.875526 	38.1445 	-1.43539 	0
0.0199975 	0.313582 	38.4158 	-1.43792 	0
0.0205688 	-0.225937 	38.6698 	-1.44026 	0
0.0211402 	-0.790299 	38.9243 	-1.44187 	0
0.0217116 	-1.32929 	39.1621 	-1.44346 	0
0.0222829 	-1.89203 	39.4026 	-1.44438 	0
0.0228543 	-2.43268 	39.621 	-1.44499 	0
0.0234256 	-2.97082 	39.8377 	-1.44559 	0
0.023997 	-3.53463 	40.0452 	-1.44484 	0
0.0245683 	-4.06807 	40.2307 	-1.44421 	0
0.0251397 	-4.61121 	40.4179 	-1.44325 	0
0.0257111 	-5.16201 	40.5823 	-1.44091 	0
0.0262824 	-5.68808 	40.7204 	-1.43837 	0
0.0268538 	-6.21438 	40.8585 	-1.43582 	0
0.0274251 	-6.76984 	40.9908 	-1.43152 	0
0.0279965 	-7.28265 	41.065 	-1.42653 	0
0.0285678 	-7.79547 	41.1391 	-1.42155 	0
0.0291392 	-8.32008 	41.2164 	-1.41598 	0
0.0297106 	-8.84525 	41.2711 	-1.40889 	0
0.0302819 	-9.33575 	41.2842 	-1.40134 	0
0.0308533 	-9.82625 	41.2972 	-1.39379 	0
0.0314246 	-10.3199 	41.3109 	-1.38602 	0
0.031996 	-10.8386 	41.3284 	-1.37641 	0
0.0325673 	-11.2987 	41.318 	-1.36789 	0
0.0331387 	-11.7589 	41.3076 	-1.35938 	0
0.0337101 	-12.219 	41.2972 	-1.35087 	0
0.0342814 	-12.6859 	41.287 	-1.34175 	0
0.0348528 	-13.1684 	41.2786 	-1.33111 	0
0.0354241 	-13.5967 	41.2857 	-1.32318 	0
0.0359955 	-14.0251 	41.2928 	-1.31525 	0
0.0365668 	-14.4534 	41.3 	-1.30733 	0
0.0371382 	-14.8818 	41.3071 	-1.2994 	0
0.0377095 	-15.3241 	41.3138 	-1.28994 	0
0.0382809 	-15.7549 	41.3227 	-1.28052 	0
0.0388523 	-16.1515 	41.336 	-1.27243 	0
0.0394236 	-16.5481 	41.3494 	-1.26435 	0
0.039995 	-16.9446 	41.3628 	-1.25626 	0
0.0405663 	-17.3412 	41.3761 	-1.24818 	0
0.0411377 	-17.7426 	41.3896 	-1.23941 	0
0.041709 	-18.1531 	41.4033 	-1.22937 	0
0.0422804 	-18.5255 	41.4122 	-1.22053 	0
0.0428518 	-18.8866 	41.4197 	-1.21204 	0
0.0434231 	-19.2477 	41.4272 	-1.20355 	0
0.0439945 	-19.6088 	41.4347 	-1.19506 	0
0.0445658 	-19.9699 	41.4422 	-1.18657 	0
0.0451372 	-20.3314 	41.4497 	-1.17798 	0
0.0457085 	-20.7013 	41.4575 	-1.16767 	0
0.0462799 	-21.0597 	41.4654 	-1.15778 	0
0.0468513 	-21.3828 	41.4735 	-1.14924 	0
0.0474226 	-21.706 	41.4817 	-1.14069 	0
0.047994 	-22.0291 	41.4898 	-1.13214 	0
0.0485653 	-22.3522 	41.4979 	-1.12359 	0
0.0491367 	-22.6754 	41.506 	-1.11504 	0
0.049708 	-22.9985 	41.5142 	-1.10649 	0
0.0502794 	-23.3245 	41.5224 	-1.09679 	0
0.0508508 	-23.6517 	41.5306 	-1.08656 	0
0.0514221 	-23.952 	41.5382 	-1.07728 	0
0.0519935 	-24.2358 	41.5455 	-1.06857 	0
0.0525648 	-24.5196 	41.5528 	-1.05987 	0
0.0531362 	-24.8033 	41.5601 	-1.05116 	0
0.0537075 	-25.0871 	41.5674 	-1.04246 	0
0.0542789 	-25.3709 	41.5747 	-1.03376 	0
0.0548503 	-25.6546 	41.582 	-1.02505 	0
0.0554216 	-25.9384 	41.5893 	-1.01619 	0
0.055993 	-26.2223 	41.5966 	-1.00599 	0
0.0565643 	-26.5062 	41.6039 	-0.995786 	0
0.0571357 	-26.7556 	41.6106 	-0.986826 	0
0.057707 	-26.9921 	41.617 	-0.978334 	0
0.0582784 	-27.2286 	41.6234 	-0.969843 	0
0.0588497 	-27.4651 	41.6299 	-0.961351 	0
0.0594211 	-27.7015 	41.6363 	-0.952859 	0
0.0599925 	-27.938 	41.6427 	-0.944368 	0
0.0605638 	-28.1745 	41.6492 	-0.935876 	0
0.0611352 	-28.411 	41.6556 	-0.927384 	0
0.0617065 	-28.6472 	41.662 	-0.91875 	0
0.0622779 	-28.8809 	41.6684 	-0.908964 	0
0.0628492 	-29.1147 	41.6748 	-0.899178 	0
0.0634206 	-29.3354 	41.681 	-0.889895 	0
0.063992 	-29.5354 	41.6868 	-0.881415 	0
0.0645633 	-29.7354 	41.6927 	-0.872934 	0
0.0651347 	-29.9353 	41.6985 	-0.864453 	0
0.065706 	-30.1353 	41.7044 	-0.855972 	0
0.0662774 	-30.3352 	41.7103 	-0.847492 	0
0.0668487 	-30.5352 	41.7161 	-0.839011 	0
0.0674201 	-30.7351 	41.722 	-0.83053 	0
0.0679915 	-30.9351 	41.7278 	-0.822049 	0
0.0685628 	-31.1316 	41.7336 	-0.812688 	0
0.0691342 	-31.3271 	41.7394 	-0.803063 	0
0.0697055 	-31.5216 	41.7451 	-0.793481 	0
0.0702769 	-31.6953 	41.7507 	-0.78477 	0
0.0708482 	-31.8691 	41.7564 	-0.776059 	0
0.0714196 	-32.0429 	41.762 	-0.767348 	0
0.071991 	-32.2167 	41.7676 	-0.758638 	0
0.0725623 	-32.3905 	41.7732 	-0.749927 	0
0.0731337 	-32.5643 	41.7788 	-0.741216 	0
0.073705 	-32.7381 	41.7844 	-0.732505 	0
0.0742764 	-32.9091 	41.79 	-0.723233 	0
0.0748477 	-33.0774 	41.7955 	-0.713466 	0
0.0754191 	-33.2426 	41.801 	-0.70387 	0
0.0759905 	-33.3905 	41.8064 	-0.695205 	0
0.0765618 	-33.5383 	41.8118 	-0.68654 	0
0.0771332 	-33.6862 	41.8172 	-0.677875 	0
0.0777045 	-33.8341 	41.8226 	-0.669211 	0
0.0782759 	-33.982 	41.828 	-0.660546 	0
0.0788472 	-34.1298 	41.8334 	-0.651881 	0
0.0794186 	-34.2743 	41.8388 	-0.642637 	0
0.0799899 	-34.4165 	41.8441 	-0.633007 	0
0.0805613 	-34.5507 	41.8494 	-0.623905 	0
0.0811327 	-34.6775 	41.8548 	-0.615275 	0
0.081704 	-34.8044 	41.8602 	-0.606645 	0
0.0822754 	-34.9313 	41.8657 	-0.598015 	0
0.0828467 	-35.0582 	41.8711 	-0.589384 	0
0.0834181 	-35.1851 	41.8765 	-0.580754 	0
0.0839894 	-35.3075 	41.8818 	-0.571398 	0
0.0845608 	-35.4288 	41.8871 	-0.561874 	0
0.0851322 	-35.5384 	41.8927 	-0.553289 	0
0.0857035 	-35.6481 	41.8984 	-0.544705 	0
0.0862749 	-35.7577 	41.904 	-0.53612 	0
0.0868462 	-35.8673 	41.9096 	-0.527536 	0
0.0874176 	-35.9768 	41.9153 	-0.518939 	0
0.0879889 	-36.0812 	41.9208 	-0.509509 	0
0.0885603 	-36.1816 	41.9265 	-0.500464 	0
0.0891317 	-36.2769 	41.9327 	-0.491912 	0
0.089703 	-36.3722 	41.9388 	-0.48336 	0
0.0902744 	-36.4674 	41.9449 	-0.474808 	0
0.0908457 	-36.5623 	41.951 	-0.466184 	0
0.0914171 	-36.6527 	41.9569 	-0.456826 	0
0.0919884 	-36.738 	41.9635 	-0.448069 	0
0.0925598 	-36.8212 	41.9704 	-0.439555 	0
0.0931312 	-36.9044 	41.9772 	-0.431041 	0
0.0937025 	-36.9876 	41.9841 	-0.422527 	0
0.0942739 	-37.0667 	41.9908 	-0.413299 	0
0.0948452 	-37.1414 	41.9984 	-0.404588 	0
0.0954166 	-37.2144 	42.0063 	-0.396102 	0
0.0959879 	-37.2874 	42.0142 	-0.387616 	0
0.0965593 	-37.3587 	42.0221 	-0.378821 	0
0.0971307 	-37.426 	42.0304 	-0.369868 	0
0.097702 	-37.4903 	42.0397 	-0.361414 	0
0.0982734 	-37.5547 	42.0491 	-0.35296 	0
0.0988447 	-37.6172 	42.0583 	-0.344156 	0
0.0994161 	-37.6758 	42.0686 	-0.335397 	0
0.0999874 	-37.7327 	42.0797 	-0.32697 	0
0.100559 	-37.7894 	42.0909 	-0.31851 	0
0.10113 	-37.8422 	42.1024 	-0.309548 	0
0.101702 	-37.8927 	42.1157 	-0.301148 	0
0.102273 	-37.9431 	42.129 	-0.292709 	0
0.102844 	-37.9897 	42.1432 	-0.283865 	0
0.103416 	-38.0347 	42.159 	-0.275494 	0
0.103987 	-38.0785 	42.1748 	-0.266811 	0
0.104558 	-38.1191 	42.193 	-0.258346 	0
0.10513 	-38.1589 	42.2117 	-0.249879 	0
0.105701 	-38.1956 	42.2324 	-0.241294 	0
0.106272 	-38.2314 	42.2544 	-0.232843 	0
0.106844 	-38.2643 	42.2788 	-0.224392 	0
0.107415 	-38.2958 	42.3027 	-0.215883 	0
0.107986 	-38.3248 	42.2948 	-0.207675 	0
0.108558 	-38.3495 	42.1146 	-0.196335 	0
0.109129 	-38.3709 	41.6243 	-0.179885 	0
0.109701 	-38.3907 	40.573 	-0.15475 	0
0.110272 	-38.412 	39.0013 	-0.124435 	0
0.110843 	-38.4324 	37.1797 	-0.0952927 	0
0.111415 	-38.4523 	35.2215 	-0.0686505 	0
0.111986 	-38.4736 	33.114 	-0.0460869 	0
0.112557 	-38.4963 	30.5966 	-0.0269789 	0
0.113129 	-38.5181 	26.7234 	-0.0110315 	0
0.1137 	-38.5314 	1.13644e-10 	-2.78411e-15 	0
