0 	-195.619 	0 	0 	0
0.000571357 	-195.537 	-6.74633 	0.06827 	0
0.00114271 	-195.437 	-6.45562 	0.121238 	0
0.00171407 	-195.383 	-6.01945 	0.16652 	0
0.00228543 	-195.375 	-5.52861 	0.20441 	0
0.00285678 	-195.405 	-4.99928 	0.235333 	0
0.00342814 	-195.467 	-4.4319 	0.258093 	0
0.0039995 	-195.553 	-3.82637 	0.272249 	0
0.00457085 	-195.652 	-3.17771 	0.276226 	0
0.00514221 	-195.754 	-2.48212 	0.26919 	0
0.00571357 	-195.846 	-1.72909 	0.248968 	0
0.00628492 	-195.911 	-0.909569 	0.214473 	0
0.00685628 	-195.931 	-0.00847547 	0.164201 	0
0.00742764 	-195.881 	0.99657 	0.0968664 	0
0.00799899 	-195.732 	2.18822 	0.00730004 	0
0.00857035 	-195.492 	3.64553 	-0.107469 	0
0.00914171 	-195.204 	5.45212 	-0.252637 	0
0.00971307 	-194.962 	7.45681 	-0.419253 	0
0.0102844 	-194.695 	9.56946 	-0.600928 	0
0.0108558 	-194.179 	11.8262 	-0.784219 	0
0.0114271 	-193.434 	14.3253 	-0.960008 	0
0.0119985 	-192.587 	17.1048 	-1.11734 	0
0.0125698 	-191.845 	19.5947 	-1.23047 	0
0.0131412 	-190.714 	23.4556 	-1.35614 	0
0.0137126 	-189.679 	26.9881 	-1.42785 	0
0.0142839 	-188.591 	30.5313 	-1.47088 	0
0.0148553 	-187.493 	33.5434 	-1.51426 	0
0.0154266 	-186.344 	35.5921 	-1.56396 	0
0.015998 	-185.141 	36.6078 	-1.59082 	0
0.0165693 	-183.934 	37.2427 	-1.60542 	0
0.0171407 	-182.729 	37.801 	-1.617 	0
0.0177121 	-181.527 	38.3118 	-1.6264 	0
0.0182834 	-180.33 	38.7776 	-1.63378 	0
0.0188548 	-179.137 	39.2 	-1.63891 	0
0.0194261 	-177.959 	39.5892 	-1.64282 	0
0.0199975 	-176.787 	39.9633 	-1.64607 	0
0.0205688 	-175.629 	40.2971 	-1.64711 	0
0.0211402 	-174.479 	40.6266 	-1.64832 	0
0.0217116 	-173.347 	40.9233 	-1.6477 	0
0.0222829 	-172.218 	41.2206 	-1.64743 	0
0.0228543 	-171.115 	41.4866 	-1.64544 	0
0.0234256 	-170.013 	41.7505 	-1.64326 	0
0.023997 	-168.929 	42.0028 	-1.64105 	0
0.0245683 	-167.864 	42.2376 	-1.63765 	0
0.0251397 	-166.798 	42.4724 	-1.63426 	0
0.0257111 	-165.756 	42.694 	-1.63074 	0
0.0262824 	-164.73 	42.9027 	-1.62616 	0
0.0268538 	-163.705 	43.1114 	-1.62158 	0
0.0274251 	-162.691 	43.314 	-1.61731 	0
0.0279965 	-161.712 	43.4917 	-1.61171 	0
0.0285678 	-160.732 	43.6694 	-1.60611 	0
0.0291392 	-159.752 	43.8471 	-1.60052 	0
0.0297106 	-158.795 	43.9995 	-1.5944 	0
0.0302819 	-157.866 	44.1141 	-1.58623 	0
0.0308533 	-156.937 	44.2287 	-1.57806 	0
0.0314246 	-156.008 	44.3433 	-1.56989 	0
0.031996 	-155.084 	44.4537 	-1.56216 	0
0.0325673 	-154.225 	44.4698 	-1.55048 	0
0.0331387 	-153.367 	44.4859 	-1.5388 	0
0.0337101 	-152.509 	44.502 	-1.52712 	0
0.0342814 	-151.65 	44.518 	-1.51544 	0
0.0348528 	-150.797 	44.5325 	-1.50439 	0
0.0354241 	-150.028 	44.5074 	-1.4916 	0
0.0359955 	-149.26 	44.4823 	-1.47881 	0
0.0365668 	-148.491 	44.4572 	-1.46602 	0
0.0371382 	-147.722 	44.4321 	-1.45322 	0
0.0377095 	-146.953 	44.4071 	-1.44063 	0
0.0382809 	-146.212 	44.3852 	-1.42851 	0
0.0388523 	-145.53 	44.3696 	-1.41619 	0
0.0394236 	-144.848 	44.3539 	-1.40388 	0
0.039995 	-144.166 	44.3383 	-1.39156 	0
0.0405663 	-143.485 	44.3227 	-1.37924 	0
0.0411377 	-142.803 	44.307 	-1.36693 	0
0.041709 	-142.118 	44.2913 	-1.35515 	0
0.0422804 	-141.502 	44.277 	-1.34327 	0
0.0428518 	-140.905 	44.2633 	-1.33132 	0
0.0434231 	-140.308 	44.2495 	-1.31937 	0
0.0439945 	-139.712 	44.2357 	-1.30742 	0
0.0445658 	-139.115 	44.222 	-1.29547 	0
0.0451372 	-138.518 	44.2082 	-1.28352 	0
0.0457085 	-137.92 	44.1944 	-1.27183 	0
0.0462799 	-137.341 	44.1811 	-1.2604 	0
0.0468513 	-136.828 	44.1695 	-1.24884 	0
0.0474226 	-136.314 	44.1579 	-1.23729 	0
0.047994 	-135.801 	44.1464 	-1.22573 	0
0.0485653 	-135.287 	44.1348 	-1.21418 	0
0.0491367 	-134.774 	44.1232 	-1.20262 	0
0.049708 	-134.26 	44.1116 	-1.19106 	0
0.0502794 	-133.746 	44.1001 	-1.17951 	0
0.0508508 	-133.229 	44.0884 	-1.16843 	0
0.0514221 	-132.763 	44.0781 	-1.15735 	0
0.0519935 	-132.329 	44.0686 	-1.14626 	0
0.0525648 	-131.896 	44.0591 	-1.13517 	0
0.0531362 	-131.462 	44.0496 	-1.12409 	0
0.0537075 	-131.028 	44.0401 	-1.113 	0
0.0542789 	-130.594 	44.0306 	-1.10191 	0
0.0548503 	-130.16 	44.0211 	-1.09082 	0
0.0554216 	-129.726 	44.0117 	-1.07973 	0
0.055993 	-129.291 	44.0021 	-1.06877 	0
0.0565643 	-128.854 	43.9926 	-1.05809 	0
0.0571357 	-128.48 	43.9846 	-1.04764 	0
0.057707 	-128.13 	43.9773 	-1.03728 	0
0.0582784 	-127.78 	43.97 	-1.02692 	0
0.0588497 	-127.43 	43.9627 	-1.01656 	0
0.0594211 	-127.08 	43.9554 	-1.00621 	0
0.0599925 	-126.73 	43.9481 	-0.99585 	0
0.0605638 	-126.38 	43.9408 	-0.985493 	0
0.0611352 	-126.03 	43.9335 	-0.975135 	0
0.0617065 	-125.68 	43.9261 	-0.964778 	0
0.0622779 	-125.329 	43.9188 	-0.954489 	0
0.0628492 	-124.975 	43.9114 	-0.944455 	0
0.0634206 	-124.648 	43.9047 	-0.934463 	0
0.063992 	-124.361 	43.8991 	-0.92454 	0
0.0645633 	-124.074 	43.8936 	-0.914616 	0
0.0651347 	-123.787 	43.888 	-0.904693 	0
0.065706 	-123.501 	43.8824 	-0.894769 	0
0.0662774 	-123.214 	43.8768 	-0.884846 	0
0.0668487 	-122.927 	43.8713 	-0.874922 	0
0.0674201 	-122.64 	43.8657 	-0.864999 	0
0.0679915 	-122.353 	43.8601 	-0.855075 	0
0.0685628 	-122.067 	43.8546 	-0.845152 	0
0.0691342 	-121.777 	43.8489 	-0.835464 	0
0.0697055 	-121.489 	43.8433 	-0.825803 	0
0.0702769 	-121.247 	43.8391 	-0.815982 	0
0.0708482 	-121.005 	43.8349 	-0.80616 	0
0.0714196 	-120.763 	43.8307 	-0.796338 	0
0.071991 	-120.521 	43.8266 	-0.786517 	0
0.0725623 	-120.279 	43.8224 	-0.776695 	0
0.0731337 	-120.037 	43.8182 	-0.766874 	0
0.073705 	-119.795 	43.814 	-0.757052 	0
0.0742764 	-119.553 	43.8098 	-0.74723 	0
0.0748477 	-119.309 	43.8055 	-0.737587 	0
0.0754191 	-119.071 	43.8015 	-0.728011 	0
0.0759905 	-118.869 	43.7986 	-0.71847 	0
0.0765618 	-118.666 	43.7957 	-0.708929 	0
0.0771332 	-118.464 	43.7928 	-0.699388 	0
0.0777045 	-118.262 	43.7899 	-0.689847 	0
0.0782759 	-118.06 	43.787 	-0.680306 	0
0.0788472 	-117.858 	43.7841 	-0.670766 	0
0.0794186 	-117.656 	43.7812 	-0.661225 	0
0.0799899 	-117.451 	43.7783 	-0.651878 	0
0.0805613 	-117.265 	43.776 	-0.642544 	0
0.0811327 	-117.094 	43.7742 	-0.633208 	0
0.081704 	-116.923 	43.7725 	-0.623871 	0
0.0822754 	-116.753 	43.7708 	-0.614534 	0
0.0828467 	-116.582 	43.7691 	-0.605197 	0
0.0834181 	-116.411 	43.7674 	-0.595861 	0
0.0839894 	-116.24 	43.7657 	-0.586565 	0
0.0845608 	-116.067 	43.7639 	-0.577421 	0
0.0851322 	-115.922 	43.7633 	-0.568246 	0
0.0857035 	-115.776 	43.7628 	-0.559072 	0
0.0862749 	-115.63 	43.7622 	-0.549897 	0
0.0868462 	-115.485 	43.7616 	-0.540723 	0
0.0874176 	-115.339 	43.7611 	-0.531548 	0
0.0879889 	-115.192 	43.7605 	-0.522462 	0
0.0885603 	-115.055 	43.7604 	-0.51344 	0
0.0891317 	-114.929 	43.761 	-0.504386 	0
0.089703 	-114.804 	43.7617 	-0.495332 	0
0.0902744 	-114.679 	43.7623 	-0.486277 	0
0.0908457 	-114.554 	43.7629 	-0.477223 	0
0.0914171 	-114.428 	43.7635 	-0.468276 	0
0.0919884 	-114.314 	43.7651 	-0.459339 	0
0.0925598 	-114.206 	43.7671 	-0.450382 	0
0.0931312 	-114.098 	43.769 	-0.441426 	0
0.0937025 	-113.99 	43.771 	-0.432469 	0
0.0942739 	-113.881 	43.7729 	-0.423596 	0
0.0948452 	-113.783 	43.7759 	-0.414739 	0
0.0954166 	-113.689 	43.7794 	-0.405858 	0
0.0959879 	-113.595 	43.7828 	-0.396977 	0
0.0965593 	-113.501 	43.7863 	-0.388106 	0
0.0971307 	-113.41 	43.7903 	-0.379346 	0
0.097702 	-113.328 	43.7955 	-0.370526 	0
0.0982734 	-113.246 	43.8007 	-0.361707 	0
0.0988447 	-113.164 	43.8059 	-0.352914 	0
0.0994161 	-113.088 	43.8122 	-0.34419 	0
0.0999874 	-113.016 	43.8194 	-0.335425 	0
0.100559 	-112.944 	43.8266 	-0.32666 	0
0.10113 	-112.874 	43.8344 	-0.317983 	0
0.101702 	-112.811 	43.8439 	-0.309256 	0
0.102273 	-112.748 	43.8535 	-0.30053 	0
0.102844 	-112.687 	43.864 	-0.291887 	0
0.103416 	-112.632 	43.8761 	-0.283208 	0
0.103987 	-112.576 	43.8883 	-0.274563 	0
0.104558 	-112.526 	43.9029 	-0.265925 	0
0.10513 	-112.477 	43.918 	-0.257268 	0
0.105701 	-112.431 	43.935 	-0.248686 	0
0.106272 	-112.388 	43.9532 	-0.240072 	0
0.106844 	-112.348 	43.9737 	-0.231517 	0
0.107415 	-112.309 	43.9953 	-0.222966 	0
0.107986 	-112.274 	44.0201 	-0.214357 	0
0.108558 	-112.242 	44.047 	-0.205873 	0
0.109129 	-112.212 	44.0762 	-0.197386 	0
0.109701 	-112.185 	44.093 	-0.188778 	0
0.110272 	-112.158 	43.9354 	-0.178421 	0
0.110843 	-112.133 	42.9893 	-0.155445 	0
0.111415 	-112.117 	40.8918 	-0.116815 	0
0.111986 	-112.113 	38.0521 	-0.07836 	0
0.112557 	-112.121 	34.7903 	-0.0459786 	0
0.113129 	-112.142 	30.2256 	-0.019447 	0
0.1137 	-112.163 	1.32271e-10 	-5.01693e-15 	0
