0 	-64.2342 	0 	0 	0
0.000571357 	-64.6542 	-1.76479 	-0.114076 	0
0.00114271 	-65.3209 	-1.10526 	-0.249252 	0
0.00171407 	-65.9342 	-0.441832 	-0.385961 	0
0.00228543 	-66.4507 	0.258396 	-0.523235 	0
0.00285678 	-66.8706 	1.01301 	-0.660431 	0
0.00342814 	-67.2055 	1.83637 	-0.797576 	0
0.0039995 	-67.4727 	2.73721 	-0.93437 	0
0.00457085 	-67.6871 	3.72377 	-1.07075 	0
0.00514221 	-67.862 	4.80348 	-1.20667 	0
0.00571357 	-68.0097 	5.98076 	-1.34201 	0
0.00628492 	-68.0688 	7.26687 	-1.47612 	0
0.00685628 	-68.0132 	8.71048 	-1.60879 	0
0.00742764 	-67.9886 	10.3296 	-1.73932 	0
0.00799899 	-68.0266 	12.0963 	-1.86637 	0
0.00857035 	-68.0875 	13.9687 	-1.9906 	0
0.00914171 	-68.1751 	15.9394 	-2.11056 	0
0.00971307 	-68.291 	17.9728 	-2.22701 	0
0.0102844 	-68.4599 	20.0235 	-2.33791 	0
0.0108558 	-68.6683 	22.0369 	-2.44233 	0
0.0114271 	-68.8725 	24.0064 	-2.53959 	0
0.0119985 	-69.0592 	26.0013 	-2.62964 	0
0.0125698 	-69.2082 	27.7289 	-2.69922 	0
0.0131412 	-69.467 	30.3876 	-2.78753 	0
0.0137126 	-69.7568 	32.8946 	-2.85211 	0
0.0142839 	-70.0876 	34.7693 	-2.88521 	0
0.0148553 	-70.3924 	35.3736 	-2.88233 	0
0.0154266 	-70.6885 	35.9348 	-2.88085 	0
0.015998 	-70.9818 	36.3523 	-2.86847 	0
0.0165693 	-71.2605 	36.7715 	-2.85705 	0
0.0171407 	-71.5351 	37.1768 	-2.84496 	0
0.0177121 	-71.8056 	37.5579 	-2.83153 	0
0.0182834 	-72.0521 	37.9209 	-2.81698 	0
0.0188548 	-72.298 	38.2616 	-2.80142 	0
0.0194261 	-72.5531 	38.5849 	-2.78541 	0
0.0199975 	-72.7691 	38.9015 	-2.76866 	0
0.0205688 	-73.0089 	39.1957 	-2.75165 	0
0.0211402 	-73.2157 	39.4875 	-2.73417 	0
0.0217116 	-73.441 	39.759 	-2.71654 	0
0.0222829 	-73.6259 	40.0309 	-2.69841 	0
0.0228543 	-73.8512 	40.2822 	-2.68058 	0
0.0234256 	-74.0196 	40.5325 	-2.66205 	0
0.023997 	-74.2083 	40.7731 	-2.64375 	0
0.0245683 	-74.3943 	41.0001 	-2.62541 	0
0.0251397 	-74.5455 	41.2275 	-2.60669 	0
0.0257111 	-74.7202 	41.4381 	-2.58797 	0
0.0262824 	-74.8879 	41.6341 	-2.56896 	0
0.0268538 	-75.02 	41.8307 	-2.5496 	0
0.0274251 	-75.161 	42.016 	-2.53002 	0
0.0279965 	-75.3353 	42.1582 	-2.50954 	0
0.0285678 	-75.4499 	42.3029 	-2.48861 	0
0.0291392 	-75.5628 	42.4477 	-2.46767 	0
0.0297106 	-75.6909 	42.5591 	-2.44549 	0
0.0302819 	-75.8408 	42.6225 	-2.42155 	0
0.0308533 	-75.9332 	42.6885 	-2.39721 	0
0.0314246 	-76.0252 	42.7545 	-2.37287 	0
0.031996 	-76.119 	42.8167 	-2.34843 	0
0.0325673 	-76.2438 	42.8129 	-2.32229 	0
0.0331387 	-76.3458 	42.8093 	-2.29596 	0
0.0337101 	-76.4176 	42.8059 	-2.26938 	0
0.0342814 	-76.4894 	42.8025 	-2.2428 	0
0.0348528 	-76.563 	42.7989 	-2.21635 	0
0.0354241 	-76.6634 	42.7914 	-2.1918 	0
0.0359955 	-76.7544 	42.7837 	-2.16717 	0
0.0365668 	-76.8075 	42.775 	-2.14218 	0
0.0371382 	-76.8606 	42.7663 	-2.11719 	0
0.0377095 	-76.9137 	42.7576 	-2.0922 	0
0.0382809 	-76.975 	42.7535 	-2.06809 	0
0.0388523 	-77.0525 	42.7583 	-2.04571 	0
0.0394236 	-77.1217 	42.7629 	-2.02327 	0
0.039995 	-77.1573 	42.7667 	-2.00053 	0
0.0405663 	-77.1929 	42.7704 	-1.9778 	0
0.0411377 	-77.2284 	42.7741 	-1.95507 	0
0.041709 	-77.264 	42.7779 	-1.93234 	0
0.0422804 	-77.3168 	42.7798 	-1.91101 	0
0.0428518 	-77.3746 	42.7813 	-1.89011 	0
0.0434231 	-77.4207 	42.7824 	-1.86911 	0
0.0439945 	-77.442 	42.7831 	-1.84794 	0
0.0445658 	-77.4633 	42.7837 	-1.82676 	0
0.0451372 	-77.4845 	42.7843 	-1.80559 	0
0.0457085 	-77.5058 	42.7849 	-1.78441 	0
0.0462799 	-77.5318 	42.7858 	-1.7637 	0
0.0468513 	-77.5721 	42.7873 	-1.74443 	0
0.0474226 	-77.6125 	42.7889 	-1.72515 	0
0.047994 	-77.6391 	42.7902 	-1.70578 	0
0.0485653 	-77.6481 	42.791 	-1.68629 	0
0.0491367 	-77.6571 	42.7919 	-1.66681 	0
0.049708 	-77.6661 	42.7927 	-1.64733 	0
0.0502794 	-77.6751 	42.7936 	-1.62785 	0
0.0508508 	-77.6841 	42.7944 	-1.60836 	0
0.0514221 	-77.7037 	42.7956 	-1.58998 	0
0.0519935 	-77.7299 	42.797 	-1.57227 	0
0.0525648 	-77.756 	42.7984 	-1.55456 	0
0.0531362 	-77.7716 	42.7996 	-1.5368 	0
0.0537075 	-77.7715 	42.8004 	-1.51895 	0
0.0542789 	-77.7714 	42.8012 	-1.50109 	0
0.0548503 	-77.7713 	42.802 	-1.48324 	0
0.0554216 	-77.7712 	42.8028 	-1.46539 	0
0.055993 	-77.7711 	42.8036 	-1.44754 	0
0.0565643 	-77.771 	42.8044 	-1.42969 	0
0.0571357 	-77.7817 	42.8056 	-1.4133 	0
0.057707 	-77.7965 	42.8069 	-1.39747 	0
0.0582784 	-77.8113 	42.8083 	-1.38164 	0
0.0588497 	-77.8253 	42.8096 	-1.36581 	0
0.0594211 	-77.8191 	42.8104 	-1.34988 	0
0.0599925 	-77.813 	42.8112 	-1.33395 	0
0.0605638 	-77.8068 	42.8121 	-1.31802 	0
0.0611352 	-77.8007 	42.8129 	-1.3021 	0
0.0617065 	-77.7945 	42.8138 	-1.28617 	0
0.0622779 	-77.7883 	42.8146 	-1.27024 	0
0.0628492 	-77.7822 	42.8155 	-1.25431 	0
0.0634206 	-77.7813 	42.8165 	-1.2389 	0
0.063992 	-77.7886 	42.8179 	-1.2243 	0
0.0645633 	-77.796 	42.8193 	-1.2097 	0
0.0651347 	-77.8034 	42.8207 	-1.19511 	0
0.065706 	-77.799 	42.8218 	-1.18047 	0
0.0662774 	-77.7894 	42.8228 	-1.1658 	0
0.0668487 	-77.7798 	42.8238 	-1.15114 	0
0.0674201 	-77.7702 	42.8249 	-1.13648 	0
0.0679915 	-77.7607 	42.8259 	-1.12182 	0
0.0685628 	-77.7511 	42.8269 	-1.10716 	0
0.0691342 	-77.7415 	42.8279 	-1.09249 	0
0.0697055 	-77.7325 	42.8289 	-1.07786 	0
0.0702769 	-77.7356 	42.8305 	-1.06384 	0
0.0708482 	-77.7386 	42.8322 	-1.04982 	0
0.0714196 	-77.7417 	42.8338 	-1.0358 	0
0.071991 	-77.733 	42.8351 	-1.02174 	0
0.0725623 	-77.7219 	42.8364 	-1.00768 	0
0.0731337 	-77.7108 	42.8377 	-0.993613 	0
0.073705 	-77.6997 	42.839 	-0.979547 	0
0.0742764 	-77.6886 	42.8403 	-0.965482 	0
0.0748477 	-77.6775 	42.8416 	-0.951417 	0
0.0754191 	-77.6682 	42.843 	-0.937469 	0
0.0759905 	-77.6687 	42.845 	-0.924158 	0
0.0765618 	-77.6692 	42.8469 	-0.910846 	0
0.0771332 	-77.6657 	42.8487 	-0.897525 	0
0.0777045 	-77.6544 	42.8504 	-0.884183 	0
0.0782759 	-77.6432 	42.8521 	-0.870842 	0
0.0788472 	-77.6319 	42.8537 	-0.857501 	0
0.0794186 	-77.6207 	42.8554 	-0.84416 	0
0.0799899 	-77.6095 	42.857 	-0.830819 	0
0.0805613 	-77.6037 	42.8591 	-0.817761 	0
0.0811327 	-77.6029 	42.8614 	-0.804957 	0
0.081704 	-77.6014 	42.8638 	-0.792152 	0
0.0822754 	-77.5907 	42.8659 	-0.779327 	0
0.0828467 	-77.58 	42.8681 	-0.766503 	0
0.0834181 	-77.5694 	42.8702 	-0.753679 	0
0.0839894 	-77.5587 	42.8723 	-0.740855 	0
0.0845608 	-77.548 	42.8745 	-0.728031 	0
0.0851322 	-77.5465 	42.8774 	-0.715616 	0
0.0857035 	-77.545 	42.8803 	-0.7032 	0
0.0862749 	-77.5362 	42.8831 	-0.690772 	0
0.0868462 	-77.5263 	42.8858 	-0.678342 	0
0.0874176 	-77.5164 	42.8886 	-0.665912 	0
0.0879889 	-77.5065 	42.8913 	-0.653483 	0
0.0885603 	-77.5001 	42.8945 	-0.641184 	0
0.0891317 	-77.4983 	42.8981 	-0.629053 	0
0.089703 	-77.4924 	42.9017 	-0.616917 	0
0.0902744 	-77.4834 	42.9052 	-0.604777 	0
0.0908457 	-77.4744 	42.9087 	-0.592636 	0
0.0914171 	-77.4654 	42.9122 	-0.580496 	0
0.0919884 	-77.4614 	42.9166 	-0.568523 	0
0.0925598 	-77.459 	42.9212 	-0.556616 	0
0.0931312 	-77.4508 	42.9257 	-0.544703 	0
0.0937025 	-77.4427 	42.9302 	-0.532791 	0
0.0942739 	-77.4346 	42.9347 	-0.520878 	0
0.0948452 	-77.4309 	42.9401 	-0.509092 	0
0.0954166 	-77.4274 	42.946 	-0.497355 	0
0.0959879 	-77.4201 	42.9517 	-0.485614 	0
0.0965593 	-77.4128 	42.9574 	-0.473874 	0
0.0971307 	-77.4075 	42.9638 	-0.462185 	0
0.097702 	-77.4051 	42.9712 	-0.450588 	0
0.0982734 	-77.3986 	42.9785 	-0.438987 	0
0.0988447 	-77.3921 	42.9857 	-0.427386 	0
0.0994161 	-77.3883 	42.9941 	-0.415848 	0
0.0999874 	-77.3846 	43.0034 	-0.404358 	0
0.100559 	-77.3788 	43.0125 	-0.392866 	0
0.10113 	-77.374 	43.0223 	-0.381398 	0
0.101702 	-77.3714 	43.0337 	-0.37 	0
0.102273 	-77.3662 	43.0451 	-0.358602 	0
0.102844 	-77.3623 	43.0575 	-0.347231 	0
0.103416 	-77.3592 	43.0715 	-0.335907 	0
0.103987 	-77.3546 	43.0854 	-0.324583 	0
0.104558 	-77.3524 	43.1019 	-0.313308 	0
0.10513 	-77.3482 	43.1187 	-0.302043 	0
0.105701 	-77.3459 	43.1375 	-0.290826 	0
0.106272 	-77.3423 	43.1574 	-0.279635 	0
0.106844 	-77.3401 	43.1797 	-0.26845 	0
0.107415 	-77.3368 	43.2031 	-0.257268 	0
0.107986 	-77.3346 	43.2303 	-0.246182 	0
0.108558 	-77.3325 	43.2529 	-0.235191 	0
0.109129 	-77.3293 	43.2154 	-0.223497 	0
0.109701 	-77.3234 	42.9319 	-0.208165 	0
0.110272 	-77.3186 	41.9391 	-0.181103 	0
0.110843 	-77.32 	40.1385 	-0.143269 	0
0.111415 	-77.3235 	37.916 	-0.105579 	0
0.111986 	-77.3343 	35.4432 	-0.0719644 	0
0.112557 	-77.3526 	32.5921 	-0.0430921 	0
0.113129 	-77.3786 	28.3776 	-0.0182238 	0
0.1137 	-77.4 	1.25813e-10 	-4.59016e-15 	0
