0 	-6.25581 	0 	0 	0
0.000571357 	-6.26284 	17.8757 	-0.0159346 	0
0.00114271 	-6.26913 	20.2453 	-0.035548 	0
0.00171407 	-6.27791 	21.1268 	-0.0568831 	0
0.00228543 	-6.29023 	21.5203 	-0.0788476 	0
0.00285678 	-6.30483 	21.7881 	-0.0999379 	0
0.00342814 	-6.32311 	22.0777 	-0.119148 	0
0.0039995 	-6.34529 	22.4376 	-0.136004 	0
0.00457085 	-6.37079 	22.8735 	-0.150412 	0
0.00514221 	-6.39868 	23.3744 	-0.162386 	0
0.00571357 	-6.42866 	23.927 	-0.172105 	0
0.00628492 	-6.46019 	24.5184 	-0.179708 	0
0.00685628 	-6.4887 	25.1435 	-0.185096 	0
0.00742764 	-6.521 	25.8103 	-0.188204 	0
0.00799899 	-6.56472 	26.4936 	-0.190465 	0
0.00857035 	-6.60256 	27.1708 	-0.192311 	0
0.00914171 	-6.63082 	27.8122 	-0.191378 	0
0.00971307 	-6.6675 	28.4263 	-0.187419 	0
0.0102844 	-6.70806 	29.0136 	-0.180544 	0
0.0108558 	-6.7524 	29.5644 	-0.170616 	0
0.0114271 	-6.80125 	30.0646 	-0.157687 	0
0.0119985 	-6.85533 	30.4947 	-0.142178 	0
0.0125698 	-6.91165 	30.8193 	-0.12625 	0
0.0131412 	-6.74364 	31.4105 	-0.107722 	0
0.0137126 	-6.75569 	32.3192 	-0.0899117 	0
0.0142839 	-6.79978 	33.2592 	-0.070815 	0
0.0148553 	-6.85401 	34.2385 	-0.049842 	0
0.0154266 	-6.91101 	35.2911 	-0.0256451 	0
0.015998 	-6.98285 	35.8756 	-0.0162564 	0
0.0165693 	-7.05876 	36.2209 	-0.0135078 	0
0.0171407 	-7.13676 	36.5456 	-0.0107963 	0
0.0177121 	-7.21584 	36.8495 	-0.00803295 	0
0.0182834 	-7.29738 	37.1384 	-0.00529467 	0
0.0188548 	-7.38042 	37.4155 	-0.00253854 	0
0.0194261 	-7.46482 	37.6859 	0.000239624 	0
0.0199975 	-7.55087 	37.9521 	0.00302434 	0
0.0205688 	-7.63856 	38.2132 	0.00581681 	0
0.0211402 	-7.72783 	38.4661 	0.00861701 	0
0.0217116 	-7.81824 	38.7033 	0.0114464 	0
0.0222829 	-7.90961 	38.9171 	0.0142951 	0
0.0228543 	-8.0033 	39.1065 	0.0171024 	0
0.0234256 	-8.09806 	39.2735 	0.019909 	0
0.023997 	-8.19264 	39.4036 	0.0227386 	0
0.0245683 	-8.28892 	39.5116 	0.0255345 	0
0.0251397 	-8.38611 	39.6044 	0.0283251 	0
0.0257111 	-8.48234 	39.6758 	0.0311258 	0
0.0262824 	-8.58092 	39.7447 	0.0339061 	0
0.0268538 	-8.67773 	39.8077 	0.0367133 	0
0.0274251 	-8.77728 	39.8702 	0.0395049 	0
0.0279965 	-8.87479 	39.9304 	0.0423242 	0
0.0285678 	-8.97521 	39.9885 	0.0451292 	0
0.0291392 	-9.07333 	40.0336 	0.0479499 	0
0.0297106 	-9.17413 	40.0786 	0.0507677 	0
0.0302819 	-9.27286 	40.0966 	0.0535733 	0
0.0308533 	-9.37247 	40.1115 	0.0563842 	0
0.0314246 	-9.47278 	40.1144 	0.0591868 	0
0.031996 	-9.57077 	40.1035 	0.0619632 	0
0.0325673 	-9.67184 	40.0925 	0.0647743 	0
0.0331387 	-9.76981 	40.0808 	0.0675804 	0
0.0337101 	-9.86698 	40.0689 	0.0703833 	0
0.0342814 	-9.96828 	40.0571 	0.0732435 	0
0.0348528 	-10.0646 	40.0581 	0.0760837 	0
0.0354241 	-10.161 	40.0592 	0.0789244 	0
0.0359955 	-10.2616 	40.0605 	0.0818239 	0
0.0365668 	-10.3574 	40.0617 	0.0847135 	0
0.0371382 	-10.4529 	40.0629 	0.0876023 	0
0.0377095 	-10.5518 	40.0642 	0.0905478 	0
0.0382809 	-10.648 	40.0636 	0.0934823 	0
0.0388523 	-10.742 	40.0618 	0.0964003 	0
0.0394236 	-10.8374 	40.0601 	0.0993447 	0
0.039995 	-10.9358 	40.0587 	0.102349 	0
0.0405663 	-11.028 	40.0659 	0.105316 	0
0.0411377 	-11.1203 	40.0731 	0.108282 	0
0.041709 	-11.2151 	40.0803 	0.1113 	0
0.0422804 	-11.3111 	40.0888 	0.11436 	0
0.0428518 	-11.4014 	40.1036 	0.117404 	0
0.0434231 	-11.4917 	40.1183 	0.120448 	0
0.0439945 	-11.5844 	40.133 	0.123542 	0
0.0445658 	-11.6798 	40.1479 	0.126693 	0
0.0451372 	-11.7678 	40.1607 	0.129766 	0
0.0457085 	-11.8558 	40.1735 	0.132839 	0
0.0462799 	-11.9442 	40.1863 	0.13592 	0
0.0468513 	-12.0374 	40.1992 	0.139116 	0
0.0474226 	-12.1267 	40.2095 	0.142274 	0
0.047994 	-12.2116 	40.2172 	0.145389 	0
0.0485653 	-12.2965 	40.2248 	0.148504 	0
0.0491367 	-12.3832 	40.2324 	0.151666 	0
0.049708 	-12.4736 	40.2401 	0.154926 	0
0.0502794 	-12.5584 	40.2473 	0.158118 	0
0.0508508 	-12.6395 	40.2542 	0.161266 	0
0.0514221 	-12.7205 	40.2611 	0.164414 	0
0.0519935 	-12.8027 	40.268 	0.167594 	0
0.0525648 	-12.8895 	40.2749 	0.170904 	0
0.0531362 	-12.9727 	40.2822 	0.174182 	0
0.0537075 	-13.0492 	40.2902 	0.177393 	0
0.0542789 	-13.1257 	40.2981 	0.180604 	0
0.0548503 	-13.2023 	40.306 	0.183815 	0
0.0554216 	-13.2826 	40.314 	0.187146 	0
0.055993 	-13.3649 	40.322 	0.19054 	0
0.0565643 	-13.4399 	40.3294 	0.193836 	0
0.0571357 	-13.5109 	40.3364 	0.197078 	0
0.057707 	-13.5819 	40.3434 	0.200321 	0
0.0582784 	-13.6529 	40.3505 	0.203564 	0
0.0588497 	-13.7279 	40.3575 	0.206945 	0
0.0594211 	-13.8048 	40.3646 	0.210393 	0
0.0599925 	-13.8748 	40.3711 	0.213725 	0
0.0605638 	-13.9381 	40.3768 	0.216941 	0
0.0611352 	-14.0014 	40.3826 	0.220158 	0
0.0617065 	-14.0647 	40.3884 	0.223374 	0
0.0622779 	-14.1291 	40.3942 	0.226637 	0
0.0628492 	-14.1982 	40.4 	0.230082 	0
0.0634206 	-14.2673 	40.4058 	0.233526 	0
0.063992 	-14.325 	40.4111 	0.236775 	0
0.0645633 	-14.3809 	40.4162 	0.239992 	0
0.0651347 	-14.4368 	40.4213 	0.24321 	0
0.065706 	-14.4927 	40.4264 	0.246427 	0
0.0662774 	-14.5517 	40.4315 	0.24979 	0
0.0668487 	-14.6133 	40.4367 	0.253264 	0
0.0674201 	-14.672 	40.4418 	0.25669 	0
0.0679915 	-14.7208 	40.4471 	0.259945 	0
0.0685628 	-14.7696 	40.4524 	0.2632 	0
0.0691342 	-14.8184 	40.4578 	0.266455 	0
0.0697055 	-14.8685 	40.4631 	0.269781 	0
0.0702769 	-14.9228 	40.4683 	0.273329 	0
0.0708482 	-14.9761 	40.4737 	0.276851 	0
0.0714196 	-15.0166 	40.4799 	0.280047 	0
0.071991 	-15.0571 	40.4861 	0.283242 	0
0.0725623 	-15.0976 	40.4923 	0.286438 	0
0.0731337 	-15.1401 	40.4984 	0.289762 	0
0.073705 	-15.1857 	40.5045 	0.293283 	0
0.0742764 	-15.2262 	40.5112 	0.296647 	0
0.0748477 	-15.2583 	40.5187 	0.299759 	0
0.0754191 	-15.2905 	40.5261 	0.302871 	0
0.0759905 	-15.3227 	40.5336 	0.305982 	0
0.0765618 	-15.3593 	40.541 	0.309445 	0
0.0771332 	-15.3945 	40.5484 	0.312857 	0
0.0777045 	-15.4183 	40.5562 	0.315833 	0
0.0782759 	-15.4421 	40.5639 	0.318809 	0
0.0788472 	-15.466 	40.5717 	0.321785 	0
0.0794186 	-15.4936 	40.5793 	0.32514 	0
0.0799899 	-15.5183 	40.5868 	0.328374 	0
0.0805613 	-15.5338 	40.594 	0.331185 	0
0.0811327 	-15.5493 	40.6012 	0.333995 	0
0.081704 	-15.5658 	40.6083 	0.336945 	0
0.0822754 	-15.5844 	40.6152 	0.340185 	0
0.0828467 	-15.5947 	40.6222 	0.342958 	0
0.0834181 	-15.6018 	40.6292 	0.34556 	0
0.0839894 	-15.6091 	40.6361 	0.348174 	0
0.0845608 	-15.6185 	40.6428 	0.351242 	0
0.0851322 	-15.6222 	40.6496 	0.353925 	0
0.0857035 	-15.6211 	40.6565 	0.356298 	0
0.0862749 	-15.6201 	40.6634 	0.358697 	0
0.0868462 	-15.6205 	40.6698 	0.361574 	0
0.0874176 	-15.6143 	40.6764 	0.363922 	0
0.0879889 	-15.6051 	40.683 	0.366029 	0
0.0885603 	-15.596 	40.6893 	0.368336 	0
0.0891317 	-15.5863 	40.6949 	0.370889 	0
0.089703 	-15.5692 	40.6964 	0.372671 	0
0.0902744 	-15.5522 	40.6979 	0.374453 	0
0.0908457 	-15.5344 	40.6987 	0.376805 	0
0.0914171 	-15.5108 	40.6796 	0.378439 	0
0.0919884 	-15.4857 	40.6555 	0.379885 	0
0.0925598 	-15.459 	40.6306 	0.381841 	0
0.0931312 	-15.4283 	40.5599 	0.382997 	0
0.0937025 	-15.3961 	40.4723 	0.38381 	0
0.0942739 	-15.3614 	40.3837 	0.385253 	0
0.0948452 	-15.3227 	40.2314 	0.385798 	0
0.0954166 	-15.2827 	40.0711 	0.386386 	0
0.0959879 	-15.2383 	39.9062 	0.387369 	0
0.0965593 	-15.1915 	39.7309 	0.387503 	0
0.0971307 	-15.1418 	39.5553 	0.388101 	0
0.097702 	-15.0927 	39.3867 	0.387399 	0
0.0982734 	-15.0417 	39.2207 	0.386808 	0
0.0988447 	-14.9799 	38.9375 	0.389801 	0
0.0994161 	-14.911 	38.5786 	0.394868 	0
0.0999874 	-14.8465 	37.945 	0.409308 	0
0.100559 	-14.7909 	37.0059 	0.433345 	0
0.10113 	-14.7556 	35.8461 	0.460344 	0
0.101702 	-14.7394 	34.4784 	0.490843 	0
0.102273 	-14.7205 	33.1166 	0.511062 	0
0.102844 	-14.7021 	31.7312 	0.527905 	0
0.103416 	-14.6812 	30.3495 	0.536324 	0
0.103987 	-14.6678 	28.9268 	0.540937 	0
0.104558 	-14.6639 	27.4751 	0.541558 	0
0.10513 	-14.6745 	26.0084 	0.536923 	0
0.105701 	-14.6938 	24.5643 	0.526636 	0
0.106272 	-14.7175 	23.1497 	0.511333 	0
0.106844 	-14.7437 	21.7833 	0.491221 	0
0.107415 	-14.7726 	20.4808 	0.466898 	0
0.107986 	-14.8087 	19.2531 	0.43872 	0
0.108558 	-14.8538 	18.11 	0.406647 	0
0.109129 	-14.8953 	17.0682 	0.371153 	0
0.109701 	-14.9076 	16.1336 	0.333201 	0
0.110272 	-14.8967 	15.2596 	0.293221 	0
0.110843 	-14.8669 	14.4406 	0.252187 	0
0.111415 	-14.8182 	13.6657 	0.210254 	0
0.111986 	-14.7485 	12.9179 	0.167498 	0
0.112557 	-14.6558 	12.1716 	0.124018 	0
0.113129 	-14.5414 	11.3653 	0.0800816 	0
0.1137 	-14.4183 	10.2676 	0.036462 	0
