0 	-213.206 	0 	0 	0
0.000571357 	-213.165 	0.853777 	0.0314775 	0
0.00114271 	-213.059 	0.676699 	0.0726659 	0
0.00171407 	-212.932 	0.397095 	0.120456 	0
0.00228543 	-212.796 	0.0674583 	0.178529 	0
0.00285678 	-212.655 	-0.284693 	0.248722 	0
0.00342814 	-212.513 	-0.642047 	0.331346 	0
0.0039995 	-212.374 	-0.990854 	0.425513 	0
0.00457085 	-212.243 	-1.31734 	0.528867 	0
0.00514221 	-212.123 	-1.60551 	0.637093 	0
0.00571357 	-212.022 	-1.83991 	0.744177 	0
0.00628492 	-211.945 	-2.00742 	0.843247 	0
0.00685628 	-211.899 	-2.10033 	0.927976 	0
0.00742764 	-211.89 	-2.11316 	0.992756 	0
0.00799899 	-211.909 	-2.03504 	1.03183 	0
0.00857035 	-211.941 	-1.84383 	1.03815 	0
0.00914171 	-211.964 	-1.4881 	0.999937 	0
0.00971307 	-211.94 	-0.872256 	0.901182 	0
0.0102844 	-211.814 	0.185728 	0.721529 	0
0.0108558 	-211.531 	1.94113 	0.453578 	0
0.0114271 	-211.063 	4.62817 	0.124146 	0
0.0119985 	-210.414 	8.39845 	-0.209082 	0
0.0125698 	-209.673 	13.121 	-0.462842 	0
0.0131412 	-208.557 	19.3066 	-0.594226 	0
0.0137126 	-207.992 	25.4353 	-0.569008 	0
0.0142839 	-207.827 	30.1904 	-0.556794 	0
0.0148553 	-207.743 	32.1628 	-0.567233 	0
0.0154266 	-207.645 	32.9971 	-0.580344 	0
0.015998 	-207.526 	33.7758 	-0.593523 	0
0.0165693 	-207.386 	34.4395 	-0.605358 	0
0.0171407 	-207.225 	35.0303 	-0.616704 	0
0.0177121 	-207.04 	35.6031 	-0.628334 	0
0.0182834 	-206.834 	36.1572 	-0.640116 	0
0.0188548 	-206.606 	36.6951 	-0.652047 	0
0.0194261 	-206.353 	37.2133 	-0.663949 	0
0.0199975 	-206.079 	37.7252 	-0.67605 	0
0.0205688 	-205.784 	38.2283 	-0.688223 	0
0.0211402 	-205.468 	38.7011 	-0.699938 	0
0.0217116 	-205.13 	39.1087 	-0.710407 	0
0.0222829 	-204.773 	39.48 	-0.720474 	0
0.0228543 	-204.4 	39.8454 	-0.730476 	0
0.0234256 	-204.014 	40.2103 	-0.740479 	0
0.023997 	-203.607 	40.5702 	-0.75042 	0
0.0245683 	-203.185 	40.9135 	-0.759955 	0
0.0251397 	-202.754 	41.2457 	-0.769174 	0
0.0257111 	-202.303 	41.5355 	-0.777516 	0
0.0262824 	-201.846 	41.8199 	-0.785723 	0
0.0268538 	-201.373 	42.0894 	-0.79349 	0
0.0274251 	-200.895 	42.3595 	-0.801264 	0
0.0279965 	-200.403 	42.6318 	-0.808986 	0
0.0285678 	-199.908 	42.9005 	-0.816602 	0
0.0291392 	-199.396 	43.148 	-0.823506 	0
0.0297106 	-198.884 	43.3954 	-0.83041 	0
0.0302819 	-198.359 	43.5555 	-0.835083 	0
0.0308533 	-197.832 	43.7052 	-0.839485 	0
0.0314246 	-197.303 	43.8272 	-0.843322 	0
0.031996 	-196.771 	43.9169 	-0.846499 	0
0.0325673 	-196.24 	44.0065 	-0.849676 	0
0.0331387 	-195.703 	44.0962 	-0.852489 	0
0.0337101 	-195.167 	44.1859 	-0.855236 	0
0.0342814 	-194.631 	44.2756 	-0.857982 	0
0.0348528 	-194.092 	44.3166 	-0.859234 	0
0.0354241 	-193.555 	44.3575 	-0.860491 	0
0.0359955 	-193.018 	44.3983 	-0.861747 	0
0.0365668 	-192.486 	44.399 	-0.861873 	0
0.0371382 	-191.956 	44.3967 	-0.861929 	0
0.0377095 	-191.426 	44.3944 	-0.861985 	0
0.0382809 	-190.9 	44.3876 	-0.861682 	0
0.0388523 	-190.38 	44.3782 	-0.861187 	0
0.0394236 	-189.86 	44.3687 	-0.860692 	0
0.039995 	-189.34 	44.359 	-0.860172 	0
0.0405663 	-188.831 	44.3429 	-0.859071 	0
0.0411377 	-188.324 	44.3269 	-0.85799 	0
0.041709 	-187.816 	44.3108 	-0.856909 	0
0.0422804 	-187.31 	44.2944 	-0.855734 	0
0.0428518 	-186.818 	44.2761 	-0.854205 	0
0.0434231 	-186.326 	44.2579 	-0.852683 	0
0.0439945 	-185.834 	44.2397 	-0.851161 	0
0.0445658 	-185.342 	44.2215 	-0.849639 	0
0.0451372 	-184.866 	44.2149 	-0.847954 	0
0.0457085 	-184.391 	44.2084 	-0.846295 	0
0.0462799 	-183.916 	44.2019 	-0.844636 	0
0.0468513 	-183.441 	44.1954 	-0.842977 	0
0.0474226 	-182.973 	44.1923 	-0.841163 	0
0.047994 	-182.516 	44.1929 	-0.839245 	0
0.0485653 	-182.058 	44.1935 	-0.837327 	0
0.0491367 	-181.6 	44.1941 	-0.835409 	0
0.049708 	-181.142 	44.1947 	-0.833491 	0
0.0502794 	-180.695 	44.1935 	-0.8313 	0
0.0508508 	-180.256 	44.1913 	-0.828984 	0
0.0514221 	-179.817 	44.189 	-0.826668 	0
0.0519935 	-179.378 	44.1867 	-0.824352 	0
0.0525648 	-178.939 	44.1845 	-0.822036 	0
0.0531362 	-178.507 	44.1818 	-0.819576 	0
0.0537075 	-178.088 	44.1784 	-0.816932 	0
0.0542789 	-177.67 	44.1751 	-0.814288 	0
0.0548503 	-177.252 	44.1717 	-0.811644 	0
0.0554216 	-176.833 	44.1683 	-0.809001 	0
0.055993 	-176.415 	44.1649 	-0.806357 	0
0.0565643 	-176.01 	44.1619 	-0.803515 	0
0.0571357 	-175.613 	44.159 	-0.800618 	0
0.057707 	-175.216 	44.1562 	-0.797721 	0
0.0582784 	-174.819 	44.1533 	-0.794824 	0
0.0588497 	-174.423 	44.1505 	-0.791928 	0
0.0594211 	-174.026 	44.1476 	-0.789031 	0
0.0599925 	-173.643 	44.1447 	-0.78601 	0
0.0605638 	-173.275 	44.1418 	-0.782935 	0
0.0611352 	-172.906 	44.1388 	-0.779861 	0
0.0617065 	-172.538 	44.1359 	-0.776787 	0
0.0622779 	-172.17 	44.133 	-0.773712 	0
0.0628492 	-171.802 	44.13 	-0.770638 	0
0.0634206 	-171.434 	44.1271 	-0.767563 	0
0.063992 	-171.084 	44.1237 	-0.764308 	0
0.0645633 	-170.737 	44.1202 	-0.761061 	0
0.0651347 	-170.39 	44.1167 	-0.757815 	0
0.065706 	-170.043 	44.1132 	-0.754569 	0
0.0662774 	-169.697 	44.1098 	-0.751322 	0
0.0668487 	-169.35 	44.1063 	-0.748076 	0
0.0674201 	-169.006 	44.1028 	-0.74477 	0
0.0679915 	-168.673 	44.0992 	-0.74133 	0
0.0685628 	-168.34 	44.0956 	-0.7379 	0
0.0691342 	-168.008 	44.092 	-0.734471 	0
0.0697055 	-167.675 	44.0883 	-0.731041 	0
0.0702769 	-167.342 	44.0847 	-0.727611 	0
0.0708482 	-167.01 	44.0812 	-0.724171 	0
0.0714196 	-166.695 	44.078 	-0.720662 	0
0.071991 	-166.38 	44.0749 	-0.717172 	0
0.0725623 	-166.065 	44.0717 	-0.713683 	0
0.0731337 	-165.75 	44.0686 	-0.710193 	0
0.073705 	-165.435 	44.0654 	-0.706703 	0
0.0742764 	-165.125 	44.0629 	-0.703181 	0
0.0748477 	-164.826 	44.0614 	-0.699664 	0
0.0754191 	-164.526 	44.0599 	-0.696147 	0
0.0759905 	-164.226 	44.0584 	-0.692631 	0
0.0765618 	-163.927 	44.0569 	-0.689114 	0
0.0771332 	-163.629 	44.0556 	-0.685591 	0
0.0777045 	-163.342 	44.0559 	-0.682085 	0
0.0782759 	-163.056 	44.0562 	-0.67859 	0
0.0788472 	-162.77 	44.0565 	-0.675094 	0
0.0794186 	-162.484 	44.0569 	-0.671599 	0
0.0799899 	-162.201 	44.0573 	-0.668081 	0
0.0805613 	-161.926 	44.058 	-0.664561 	0
0.0811327 	-161.652 	44.0588 	-0.661041 	0
0.081704 	-161.377 	44.0595 	-0.657522 	0
0.0822754 	-161.103 	44.0602 	-0.654002 	0
0.0828467 	-160.836 	44.0611 	-0.650492 	0
0.0834181 	-160.572 	44.062 	-0.647007 	0
0.0839894 	-160.308 	44.0629 	-0.643521 	0
0.0845608 	-160.044 	44.0637 	-0.640036 	0
0.0851322 	-159.785 	44.0647 	-0.636522 	0
0.0857035 	-159.53 	44.0657 	-0.633009 	0
0.0862749 	-159.275 	44.0667 	-0.629497 	0
0.0868462 	-159.02 	44.0678 	-0.625984 	0
0.0874176 	-158.771 	44.0689 	-0.622504 	0
0.0879889 	-158.524 	44.07 	-0.619056 	0
0.0885603 	-158.278 	44.0712 	-0.615608 	0
0.0891317 	-158.032 	44.0723 	-0.612149 	0
0.089703 	-157.793 	44.0737 	-0.608654 	0
0.0902744 	-157.553 	44.0751 	-0.605164 	0
0.0908457 	-157.313 	44.0764 	-0.601673 	0
0.0914171 	-157.079 	44.0779 	-0.598266 	0
0.0919884 	-156.846 	44.0793 	-0.594892 	0
0.0925598 	-156.613 	44.0807 	-0.591517 	0
0.0931312 	-156.385 	44.0728 	-0.587991 	0
0.0937025 	-156.157 	44.0614 	-0.58442 	0
0.0942739 	-155.93 	44.05 	-0.58085 	0
0.0948452 	-155.708 	43.9665 	-0.576235 	0
0.0954166 	-155.486 	43.8741 	-0.571504 	0
0.0959879 	-155.267 	43.7626 	-0.566515 	0
0.0965593 	-155.054 	43.5973 	-0.560844 	0
0.0971307 	-154.842 	43.4321 	-0.555173 	0
0.097702 	-154.636 	43.2669 	-0.549618 	0
0.0982734 	-154.431 	43.1018 	-0.544098 	0
0.0988447 	-154.231 	42.937 	-0.538499 	0
0.0994161 	-154.033 	42.7725 	-0.532856 	0
0.0999874 	-153.839 	42.6081 	-0.5273 	0
0.100559 	-153.647 	42.444 	-0.521849 	0
0.10113 	-153.46 	42.2812 	-0.516329 	0
0.101702 	-153.274 	42.1194 	-0.510768 	0
0.102273 	-153.093 	41.9411 	-0.505419 	0
0.102844 	-152.913 	41.7197 	-0.499648 	0
0.103416 	-152.738 	41.2402 	-0.49067 	0
0.103987 	-152.569 	40.0999 	-0.472702 	0
0.104558 	-152.41 	38.3663 	-0.447174 	0
0.10513 	-152.274 	35.9582 	-0.414775 	0
0.105701 	-152.158 	33.6026 	-0.383118 	0
0.106272 	-152.058 	31.2576 	-0.35158 	0
0.106844 	-151.972 	28.9137 	-0.320155 	0
0.107415 	-151.901 	26.5694 	-0.288814 	0
0.107986 	-151.843 	24.2251 	-0.257554 	0
0.108558 	-151.796 	21.8805 	-0.226349 	0
0.109129 	-151.76 	19.5348 	-0.195173 	0
0.109701 	-151.734 	17.1854 	-0.163829 	0
0.110272 	-151.715 	14.8156 	-0.131549 	0
0.110843 	-151.708 	12.3042 	-0.0913273 	0
0.111415 	-151.729 	9.72884 	-0.0411765 	0
0.111986 	-151.74 	7.70331 	-0.0167927 	0
0.112557 	-151.751 	5.80672 	0.00200808 	0
0.113129 	-151.762 	4.15102 	0.01091 	0
0.1137 	-151.768 	2.74293 	0.0073437 	0
