0 	14.9798 	0 	0 	0
0.000571357 	14.8659 	11.9166 	-0.0426015 	0
0.00114271 	14.6403 	12.9632 	-0.101508 	0
0.00171407 	14.4104 	13.6745 	-0.162221 	0
0.00228543 	14.2012 	14.3066 	-0.222823 	0
0.00285678 	14.0163 	14.9245 	-0.282966 	0
0.00342814 	13.8559 	15.5549 	-0.3419 	0
0.0039995 	13.715 	16.2128 	-0.399525 	0
0.00457085 	13.5897 	16.9064 	-0.455122 	0
0.00514221 	13.4738 	17.6455 	-0.509036 	0
0.00571357 	13.3643 	18.4307 	-0.560185 	0
0.00628492 	13.2564 	19.2659 	-0.608648 	0
0.00685628 	13.1469 	20.1526 	-0.654127 	0
0.00742764 	13.0323 	21.0891 	-0.696203 	0
0.00799899 	12.9143 	22.0794 	-0.734437 	0
0.00857035 	12.8144 	23.1325 	-0.768768 	0
0.00914171 	12.7232 	24.2827 	-0.796976 	0
0.00971307 	12.6027 	25.5194 	-0.819827 	0
0.0102844 	12.4348 	26.8106 	-0.837698 	0
0.0108558 	12.2358 	28.0817 	-0.851369 	0
0.0114271 	12.0184 	29.3092 	-0.862125 	0
0.0119985 	11.7962 	30.5139 	-0.869812 	0
0.0125698 	11.6111 	31.5214 	-0.873408 	0
0.0131412 	11.3356 	33.0344 	-0.871552 	0
0.0137126 	11.0744 	34.5029 	-0.861638 	0
0.0142839 	10.7631 	35.5829 	-0.855712 	0
0.0148553 	10.4235 	35.9623 	-0.862362 	0
0.0154266 	10.0759 	36.2983 	-0.869336 	0
0.015998 	9.72751 	36.6205 	-0.8759 	0
0.0165693 	9.37492 	36.9303 	-0.882073 	0
0.0171407 	9.01812 	37.2276 	-0.887837 	0
0.0177121 	8.6573 	37.5148 	-0.893259 	0
0.0182834 	8.29279 	37.7937 	-0.8984 	0
0.0188548 	7.93448 	38.0618 	-0.903182 	0
0.0194261 	7.56301 	38.3206 	-0.907607 	0
0.0199975 	7.18889 	38.5748 	-0.911856 	0
0.0205688 	6.82322 	38.8145 	-0.915655 	0
0.0211402 	6.44355 	39.053 	-0.919342 	0
0.0217116 	6.07434 	39.276 	-0.922579 	0
0.0222829 	5.69337 	39.5 	-0.925769 	0
0.0228543 	5.31776 	39.7013 	-0.928289 	0
0.0234256 	4.9455 	39.9009 	-0.930775 	0
0.023997 	4.55519 	40.0876 	-0.932752 	0
0.0245683 	4.18094 	40.2522 	-0.934239 	0
0.0251397 	3.8067 	40.4168 	-0.935726 	0
0.0257111 	3.41341 	40.5572 	-0.936299 	0
0.0262824 	3.03964 	40.671 	-0.93632 	0
0.0268538 	2.66588 	40.7848 	-0.936342 	0
0.0274251 	2.27163 	40.8886 	-0.935765 	0
0.0279965 	1.90247 	40.94 	-0.934068 	0
0.0285678 	1.5333 	40.9914 	-0.932371 	0
0.0291392 	1.16414 	41.0428 	-0.930673 	0
0.0297106 	0.775844 	41.0761 	-0.927914 	0
0.0302819 	0.417362 	41.0757 	-0.924579 	0
0.0308533 	0.0588797 	41.0752 	-0.921244 	0
0.0314246 	-0.299603 	41.0748 	-0.91791 	0
0.031996 	-0.682398 	41.0758 	-0.913942 	0
0.0325673 	-1.02507 	41.063 	-0.910062 	0
0.0331387 	-1.36774 	41.0502 	-0.906181 	0
0.0337101 	-1.71041 	41.0374 	-0.9023 	0
0.0342814 	-2.05308 	41.0246 	-0.89842 	0
0.0348528 	-2.421 	41.0135 	-0.893791 	0
0.0354241 	-2.74761 	41.0207 	-0.890212 	0
0.0359955 	-3.07421 	41.0278 	-0.886633 	0
0.0365668 	-3.40082 	41.035 	-0.883054 	0
0.0371382 	-3.72743 	41.0421 	-0.879475 	0
0.0377095 	-4.05643 	41.0493 	-0.875822 	0
0.0382809 	-4.40189 	41.0579 	-0.871351 	0
0.0388523 	-4.71197 	41.069 	-0.867354 	0
0.0394236 	-5.02205 	41.0801 	-0.863358 	0
0.039995 	-5.33213 	41.0912 	-0.859362 	0
0.0405663 	-5.64221 	41.1024 	-0.855366 	0
0.0411377 	-5.95229 	41.1135 	-0.851369 	0
0.041709 	-6.28202 	41.1251 	-0.846709 	0
0.0422804 	-6.58371 	41.1321 	-0.842083 	0
0.0428518 	-6.87333 	41.1375 	-0.837594 	0
0.0434231 	-7.16295 	41.143 	-0.833106 	0
0.0439945 	-7.45257 	41.1485 	-0.828617 	0
0.0445658 	-7.74219 	41.1539 	-0.824129 	0
0.0451372 	-8.03182 	41.1594 	-0.81964 	0
0.0457085 	-8.32714 	41.165 	-0.814926 	0
0.0462799 	-8.63208 	41.1714 	-0.809545 	0
0.0468513 	-8.89882 	41.1782 	-0.804795 	0
0.0474226 	-9.16555 	41.185 	-0.800045 	0
0.047994 	-9.43228 	41.1918 	-0.795295 	0
0.0485653 	-9.69902 	41.1986 	-0.790545 	0
0.0491367 	-9.96575 	41.2054 	-0.785795 	0
0.049708 	-10.2325 	41.2122 	-0.781045 	0
0.0502794 	-10.4992 	41.219 	-0.776295 	0
0.0508508 	-10.7825 	41.2261 	-0.770781 	0
0.0514221 	-11.0424 	41.2328 	-0.76538 	0
0.0519935 	-11.2837 	41.239 	-0.760234 	0
0.0525648 	-11.5251 	41.2452 	-0.755088 	0
0.0531362 	-11.7664 	41.2515 	-0.749942 	0
0.0537075 	-12.0078 	41.2577 	-0.744795 	0
0.0542789 	-12.2491 	41.2639 	-0.739649 	0
0.0548503 	-12.4905 	41.2701 	-0.734503 	0
0.0554216 	-12.7318 	41.2764 	-0.729357 	0
0.055993 	-12.9732 	41.2826 	-0.724211 	0
0.0565643 	-13.2329 	41.2893 	-0.718054 	0
0.0571357 	-13.4545 	41.2952 	-0.712534 	0
0.057707 	-13.6618 	41.3009 	-0.707259 	0
0.0582784 	-13.869 	41.3066 	-0.701984 	0
0.0588497 	-14.0762 	41.3123 	-0.696708 	0
0.0594211 	-14.2835 	41.318 	-0.691433 	0
0.0599925 	-14.4907 	41.3237 	-0.686157 	0
0.0605638 	-14.698 	41.3294 	-0.680882 	0
0.0611352 	-14.9052 	41.3351 	-0.675606 	0
0.0617065 	-15.1125 	41.3408 	-0.670331 	0
0.0622779 	-15.3197 	41.3465 	-0.665055 	0
0.0628492 	-15.5385 	41.3525 	-0.658992 	0
0.0634206 	-15.7439 	41.3583 	-0.65304 	0
0.063992 	-15.9241 	41.3636 	-0.647521 	0
0.0645633 	-16.1044 	41.369 	-0.642001 	0
0.0651347 	-16.2846 	41.3744 	-0.636482 	0
0.065706 	-16.4648 	41.3797 	-0.630963 	0
0.0662774 	-16.6451 	41.3851 	-0.625443 	0
0.0668487 	-16.8253 	41.3905 	-0.619924 	0
0.0674201 	-17.0055 	41.3958 	-0.614405 	0
0.0679915 	-17.1857 	41.4012 	-0.608885 	0
0.0685628 	-17.366 	41.4065 	-0.603366 	0
0.0691342 	-17.5514 	41.412 	-0.597408 	0
0.0697055 	-17.7407 	41.4176 	-0.591021 	0
0.0702769 	-17.901 	41.4229 	-0.58515 	0
0.0708482 	-18.0612 	41.4282 	-0.579278 	0
0.0714196 	-18.2215 	41.4335 	-0.573407 	0
0.071991 	-18.3818 	41.4388 	-0.567535 	0
0.0725623 	-18.5421 	41.4441 	-0.561664 	0
0.0731337 	-18.7024 	41.4493 	-0.555792 	0
0.073705 	-18.8626 	41.4546 	-0.549921 	0
0.0742764 	-19.0229 	41.4599 	-0.544049 	0
0.0748477 	-19.1866 	41.4653 	-0.537815 	0
0.0754191 	-19.3505 	41.4707 	-0.531187 	0
0.0759905 	-19.4893 	41.4759 	-0.525195 	0
0.0765618 	-19.6282 	41.4811 	-0.519202 	0
0.0771332 	-19.767 	41.4863 	-0.51321 	0
0.0777045 	-19.9059 	41.4915 	-0.507218 	0
0.0782759 	-20.0448 	41.4967 	-0.501225 	0
0.0788472 	-20.1836 	41.5019 	-0.495233 	0
0.0794186 	-20.3225 	41.5071 	-0.489241 	0
0.0799899 	-20.4653 	41.5124 	-0.482725 	0
0.0805613 	-20.5976 	41.5177 	-0.476289 	0
0.0811327 	-20.7184 	41.523 	-0.470202 	0
0.081704 	-20.8393 	41.5283 	-0.464115 	0
0.0822754 	-20.9601 	41.5336 	-0.458028 	0
0.0828467 	-21.0809 	41.5388 	-0.451941 	0
0.0834181 	-21.2018 	41.5441 	-0.445854 	0
0.0839894 	-21.3226 	41.5494 	-0.439767 	0
0.0845608 	-21.4481 	41.5548 	-0.43291 	0
0.0851322 	-21.5536 	41.5604 	-0.426769 	0
0.0857035 	-21.6592 	41.566 	-0.420627 	0
0.0862749 	-21.7647 	41.5715 	-0.414486 	0
0.0868462 	-21.8703 	41.5771 	-0.408345 	0
0.0874176 	-21.9758 	41.5827 	-0.402203 	0
0.0879889 	-22.0824 	41.5883 	-0.395848 	0
0.0885603 	-22.1845 	41.5941 	-0.389249 	0
0.0891317 	-22.277 	41.6002 	-0.383062 	0
0.089703 	-22.3695 	41.6063 	-0.376876 	0
0.0902744 	-22.462 	41.6124 	-0.370689 	0
0.0908457 	-22.5546 	41.6185 	-0.364502 	0
0.0914171 	-22.6485 	41.6246 	-0.357979 	0
0.0919884 	-22.734 	41.6313 	-0.351558 	0
0.0925598 	-22.8154 	41.6381 	-0.345349 	0
0.0931312 	-22.8968 	41.645 	-0.339139 	0
0.0937025 	-22.9781 	41.6519 	-0.33293 	0
0.0942739 	-23.0604 	41.6588 	-0.326456 	0
0.0948452 	-23.1357 	41.6665 	-0.320024 	0
0.0954166 	-23.2075 	41.6745 	-0.313796 	0
0.0959879 	-23.2793 	41.6825 	-0.307567 	0
0.0965593 	-23.3511 	41.6904 	-0.301339 	0
0.0971307 	-23.4211 	41.699 	-0.294702 	0
0.097702 	-23.4847 	41.7084 	-0.288468 	0
0.0982734 	-23.5483 	41.7179 	-0.282234 	0
0.0988447 	-23.6119 	41.7273 	-0.275965 	0
0.0994161 	-23.6723 	41.7378 	-0.269415 	0
0.0999874 	-23.7288 	41.7491 	-0.263179 	0
0.100559 	-23.7852 	41.7604 	-0.256942 	0
0.10113 	-23.8408 	41.7723 	-0.250405 	0
0.101702 	-23.8911 	41.7858 	-0.244171 	0
0.102273 	-23.9414 	41.7994 	-0.237938 	0
0.102844 	-23.9903 	41.8138 	-0.231446 	0
0.103416 	-24.0352 	41.8299 	-0.22522 	0
0.103987 	-24.0804 	41.8461 	-0.218881 	0
0.104558 	-24.1217 	41.8647 	-0.212547 	0
0.10513 	-24.162 	41.8837 	-0.206327 	0
0.105701 	-24.2001 	41.9051 	-0.199943 	0
0.106272 	-24.2365 	41.9278 	-0.193771 	0
0.106844 	-24.2704 	41.9478 	-0.187518 	0
0.107415 	-24.303 	41.9611 	-0.181234 	0
0.107986 	-24.3305 	41.8479 	-0.173453 	0
0.108558 	-24.3563 	41.4492 	-0.161042 	0
0.109129 	-24.3806 	40.6602 	-0.14273 	0
0.109701 	-24.4049 	39.381 	-0.117934 	0
0.110272 	-24.4274 	37.8042 	-0.0925197 	0
0.110843 	-24.4481 	36.0847 	-0.0695172 	0
0.111415 	-24.4688 	34.2749 	-0.0491286 	0
0.111986 	-24.489 	32.3183 	-0.0324463 	0
0.112557 	-24.5082 	29.933 	-0.0185836 	0
0.113129 	-24.5246 	26.2032 	-0.00745691 	0
0.1137 	-24.5335 	1.12795e-10 	-1.99047e-15 	0
