0 	-216.89 	0 	0 	0
0.000571357 	-216.904 	0.45203 	-0.0811488 	0
0.00114271 	-216.732 	-0.0418768 	-0.0722468 	0
0.00171407 	-216.404 	-0.452371 	-0.0258983 	0
0.00228543 	-215.98 	-0.880971 	0.0346784 	0
0.00285678 	-215.485 	-1.33219 	0.100205 	0
0.00342814 	-214.921 	-1.79891 	0.176521 	0
0.0039995 	-214.27 	-2.26937 	0.280909 	0
0.00457085 	-213.514 	-2.70989 	0.437021 	0
0.00514221 	-212.664 	-3.04612 	0.653882 	0
0.00571357 	-211.819 	-3.18702 	0.899503 	0
0.00628492 	-211.06 	-3.09675 	1.12769 	0
0.00685628 	-210.487 	-2.79756 	1.29566 	0
0.00742764 	-210.12 	-2.33328 	1.37756 	0
0.00799899 	-209.899 	-1.718 	1.36736 	0
0.00857035 	-209.772 	-0.94584 	1.27265 	0
0.00914171 	-209.736 	0.0605279 	1.08895 	0
0.00971307 	-209.519 	1.31722 	0.841061 	0
0.0102844 	-209.184 	2.94214 	0.558871 	0
0.0108558 	-208.844 	5.05957 	0.267129 	0
0.0114271 	-208.488 	7.75973 	-0.0130018 	0
0.0119985 	-208.104 	11.1105 	-0.260476 	0
0.0125698 	-207.714 	14.9943 	-0.442161 	0
0.0131412 	-208.293 	19.8348 	-0.55798 	0
0.0137126 	-208.261 	24.9519 	-0.570348 	0
0.0142839 	-208.39 	30.1388 	-0.529348 	0
0.0148553 	-208.73 	32.3832 	-0.547358 	0
0.0154266 	-209.002 	33.2165 	-0.577394 	0
0.015998 	-209.18 	33.9816 	-0.606478 	0
0.0165693 	-209.276 	34.6279 	-0.632592 	0
0.0171407 	-209.299 	35.2171 	-0.657106 	0
0.0177121 	-209.244 	35.7872 	-0.681208 	0
0.0182834 	-209.137 	36.339 	-0.704009 	0
0.0188548 	-208.969 	36.8732 	-0.726069 	0
0.0194261 	-208.746 	37.3888 	-0.747272 	0
0.0199975 	-208.479 	37.8983 	-0.767788 	0
0.0205688 	-208.171 	38.3946 	-0.787447 	0
0.0211402 	-207.828 	38.8551 	-0.80572 	0
0.0217116 	-207.444 	39.2509 	-0.822017 	0
0.0222829 	-207.026 	39.6167 	-0.837376 	0
0.0228543 	-206.584 	39.9788 	-0.852174 	0
0.0234256 	-206.13 	40.3411 	-0.866395 	0
0.023997 	-205.638 	40.6959 	-0.880145 	0
0.0245683 	-205.126 	41.0323 	-0.892994 	0
0.0251397 	-204.612 	41.3571 	-0.905088 	0
0.0257111 	-204.057 	41.6402 	-0.915872 	0
0.0262824 	-203.511 	41.9193 	-0.926244 	0
0.0268538 	-202.934 	42.1859 	-0.935927 	0
0.0274251 	-202.361 	42.4532 	-0.945404 	0
0.0279965 	-201.763 	42.7219 	-0.954597 	0
0.0285678 	-201.173 	42.9865 	-0.963495 	0
0.0291392 	-200.553 	43.2238 	-0.971207 	0
0.0297106 	-199.948 	43.4623 	-0.978877 	0
0.0302819 	-199.316 	43.612 	-0.983716 	0
0.0308533 	-198.696 	43.7523 	-0.988247 	0
0.0314246 	-198.07 	43.8673 	-0.992055 	0
0.031996 	-197.441 	43.9528 	-0.995034 	0
0.0325673 	-196.822 	44.0388 	-0.998062 	0
0.0331387 	-196.191 	44.124 	-1.00044 	0
0.0337101 	-195.566 	44.2095 	-1.00276 	0
0.0342814 	-194.947 	44.2952 	-1.00511 	0
0.0348528 	-194.32 	44.3304 	-1.00549 	0
0.0354241 	-193.701 	44.3659 	-1.00596 	0
0.0359955 	-193.087 	44.4016 	-1.00648 	0
0.0365668 	-192.475 	44.3988 	-1.00555 	0
0.0371382 	-191.868 	44.3932 	-1.00458 	0
0.0377095 	-191.268 	44.3879 	-1.00371 	0
0.0382809 	-190.672 	44.3788 	-1.00233 	0
0.0388523 	-190.079 	44.3673 	-1.00065 	0
0.0394236 	-189.496 	44.3561 	-0.999141 	0
0.039995 	-188.913 	44.3446 	-0.997598 	0
0.0405663 	-188.341 	44.3269 	-0.995249 	0
0.0411377 	-187.772 	44.3092 	-0.992966 	0
0.041709 	-187.208 	44.2917 	-0.990797 	0
0.0422804 	-186.648 	44.2739 	-0.988521 	0
0.0428518 	-186.1 	44.2548 	-0.98572 	0
0.0434231 	-185.555 	44.2358 	-0.982983 	0
0.0439945 	-185.015 	44.2169 	-0.98036 	0
0.0445658 	-184.474 	44.1979 	-0.977737 	0
0.0451372 	-183.952 	44.1909 	-0.974844 	0
0.0457085 	-183.43 	44.1839 	-0.971956 	0
0.0462799 	-182.913 	44.177 	-0.969231 	0
0.0468513 	-182.397 	44.1701 	-0.966505 	0
0.0474226 	-181.889 	44.1664 	-0.963588 	0
0.047994 	-181.392 	44.1662 	-0.960463 	0
0.0485653 	-180.896 	44.1661 	-0.957398 	0
0.0491367 	-180.403 	44.166 	-0.954436 	0
0.049708 	-179.91 	44.1659 	-0.951473 	0
0.0502794 	-179.43 	44.164 	-0.948188 	0
0.0508508 	-178.959 	44.1609 	-0.944691 	0
0.0514221 	-178.489 	44.1579 	-0.941246 	0
0.0519935 	-178.021 	44.1549 	-0.937906 	0
0.0525648 	-177.554 	44.152 	-0.934566 	0
0.0531362 	-177.094 	44.1487 	-0.931078 	0
0.0537075 	-176.65 	44.1447 	-0.927301 	0
0.0542789 	-176.206 	44.1408 	-0.923524 	0
0.0548503 	-175.764 	44.1369 	-0.919877 	0
0.0554216 	-175.323 	44.133 	-0.916249 	0
0.055993 	-174.881 	44.1292 	-0.91262 	0
0.0565643 	-174.456 	44.1257 	-0.90877 	0
0.0571357 	-174.04 	44.1224 	-0.904801 	0
0.057707 	-173.623 	44.1191 	-0.900831 	0
0.0582784 	-173.209 	44.1159 	-0.897 	0
0.0588497 	-172.795 	44.1127 	-0.893169 	0
0.0594211 	-172.38 	44.1095 	-0.889339 	0
0.0599925 	-171.982 	44.1062 	-0.885389 	0
0.0605638 	-171.6 	44.103 	-0.881322 	0
0.0611352 	-171.217 	44.0997 	-0.877254 	0
0.0617065 	-170.836 	44.0965 	-0.873266 	0
0.0622779 	-170.455 	44.0932 	-0.869326 	0
0.0628492 	-170.074 	44.09 	-0.865386 	0
0.0634206 	-169.693 	44.0868 	-0.861445 	0
0.063992 	-169.334 	44.0832 	-0.857302 	0
0.0645633 	-168.977 	44.0795 	-0.853126 	0
0.0651347 	-168.621 	44.0758 	-0.84895 	0
0.065706 	-168.266 	44.0721 	-0.844891 	0
0.0662774 	-167.91 	44.0684 	-0.840833 	0
0.0668487 	-167.555 	44.0647 	-0.836775 	0
0.0674201 	-167.203 	44.0611 	-0.83266 	0
0.0679915 	-166.864 	44.0573 	-0.828344 	0
0.0685628 	-166.525 	44.0536 	-0.824029 	0
0.0691342 	-166.186 	44.0499 	-0.819776 	0
0.0697055 	-165.848 	44.0461 	-0.815572 	0
0.0702769 	-165.509 	44.0424 	-0.811368 	0
0.0708482 	-165.172 	44.0387 	-0.807156 	0
0.0714196 	-164.854 	44.0355 	-0.802838 	0
0.071991 	-164.535 	44.0324 	-0.79852 	0
0.0725623 	-164.217 	44.0292 	-0.794266 	0
0.0731337 	-163.898 	44.026 	-0.790052 	0
0.073705 	-163.58 	44.0228 	-0.785837 	0
0.0742764 	-163.269 	44.0203 	-0.781592 	0
0.0748477 	-162.968 	44.0188 	-0.777299 	0
0.0754191 	-162.667 	44.0174 	-0.773017 	0
0.0759905 	-162.366 	44.0159 	-0.76882 	0
0.0765618 	-162.065 	44.0144 	-0.764623 	0
0.0771332 	-161.766 	44.0132 	-0.760423 	0
0.0777045 	-161.48 	44.0135 	-0.756199 	0
0.0782759 	-161.194 	44.0139 	-0.751975 	0
0.0788472 	-160.908 	44.0143 	-0.747841 	0
0.0794186 	-160.622 	44.0146 	-0.743707 	0
0.0799899 	-160.339 	44.0151 	-0.739554 	0
0.0805613 	-160.067 	44.0159 	-0.735343 	0
0.0811327 	-159.794 	44.0166 	-0.731157 	0
0.081704 	-159.521 	44.0174 	-0.727032 	0
0.0822754 	-159.247 	44.0182 	-0.722906 	0
0.0828467 	-158.983 	44.0191 	-0.71877 	0
0.0834181 	-158.722 	44.0201 	-0.71463 	0
0.0839894 	-158.46 	44.021 	-0.710564 	0
0.0845608 	-158.198 	44.0219 	-0.706504 	0
0.0851322 	-157.942 	44.023 	-0.702401 	0
0.0857035 	-157.691 	44.0241 	-0.698265 	0
0.0862749 	-157.439 	44.0252 	-0.694195 	0
0.0868462 	-157.187 	44.0263 	-0.690135 	0
0.0874176 	-156.942 	44.0275 	-0.686087 	0
0.0879889 	-156.699 	44.0287 	-0.682055 	0
0.0885603 	-156.456 	44.03 	-0.678085 	0
0.0891317 	-156.214 	44.0312 	-0.674105 	0
0.089703 	-155.979 	44.0327 	-0.670048 	0
0.0902744 	-155.744 	44.0342 	-0.666036 	0
0.0908457 	-155.508 	44.0357 	-0.662047 	0
0.0914171 	-155.279 	44.0371 	-0.658115 	0
0.0919884 	-155.051 	44.0383 	-0.654229 	0
0.0925598 	-154.822 	44.0396 	-0.650377 	0
0.0931312 	-154.598 	44.0294 	-0.6463 	0
0.0937025 	-154.376 	44.0151 	-0.642174 	0
0.0942739 	-154.153 	44.0009 	-0.638084 	0
0.0948452 	-153.936 	43.9128 	-0.632776 	0
0.0954166 	-153.72 	43.816 	-0.627383 	0
0.0959879 	-153.506 	43.7008 	-0.621735 	0
0.0965593 	-153.299 	43.5337 	-0.615329 	0
0.0971307 	-153.092 	43.3668 	-0.608993 	0
0.097702 	-152.892 	43.2016 	-0.602735 	0
0.0982734 	-152.693 	43.0366 	-0.596564 	0
0.0988447 	-152.498 	42.8719 	-0.590294 	0
0.0994161 	-152.306 	42.7076 	-0.583998 	0
0.0999874 	-152.118 	42.5435 	-0.577783 	0
0.100559 	-151.932 	42.3797 	-0.571676 	0
0.10113 	-151.751 	42.2172 	-0.565507 	0
0.101702 	-151.571 	42.0556 	-0.559329 	0
0.102273 	-151.396 	41.8657 	-0.553173 	0
0.102844 	-151.223 	41.6233 	-0.54645 	0
0.103416 	-151.054 	41.0682 	-0.535307 	0
0.103987 	-150.894 	39.8398 	-0.514196 	0
0.104558 	-150.744 	38.0276 	-0.485126 	0
0.10513 	-150.617 	35.5908 	-0.449041 	0
0.105701 	-150.509 	33.2359 	-0.414022 	0
0.106272 	-150.417 	30.8932 	-0.379164 	0
0.106844 	-150.339 	28.5504 	-0.344417 	0
0.107415 	-150.275 	26.2072 	-0.30978 	0
0.107986 	-150.224 	23.8641 	-0.275269 	0
0.108558 	-150.184 	21.5203 	-0.240875 	0
0.109129 	-150.153 	19.1744 	-0.206565 	0
0.109701 	-150.133 	16.8168 	-0.171876 	0
0.110272 	-150.12 	14.3806 	-0.133599 	0
0.110843 	-150.131 	11.7001 	-0.0788472 	0
0.111415 	-150.156 	9.39496 	-0.0389097 	0
0.111986 	-150.164 	7.46969 	-0.016797 	0
0.112557 	-150.176 	5.65171 	0.0012682 	0
0.113129 	-150.187 	4.12941 	0.00850424 	0
0.1137 	-150.192 	2.81492 	0.00557674 	0
