0 	-176.833 	0 	0 	0
0.000571357 	-177.088 	-8.78973 	-0.0881114 	0
0.00114271 	-177.498 	-8.01364 	-0.203265 	0
0.00171407 	-177.872 	-6.84953 	-0.321629 	0
0.00228543 	-178.214 	-5.55748 	-0.438859 	0
0.00285678 	-178.509 	-4.22395 	-0.552693 	0
0.00342814 	-178.55 	-2.81499 	-0.65773 	0
0.0039995 	-178.621 	-1.31102 	-0.75102 	0
0.00457085 	-178.755 	0.238405 	-0.836885 	0
0.00514221 	-178.945 	1.76616 	-0.920528 	0
0.00571357 	-179.136 	3.2347 	-1.00529 	0
0.00628492 	-179.29 	4.64669 	-1.09302 	0
0.00685628 	-179.377 	6.03227 	-1.18498 	0
0.00742764 	-179.361 	7.43928 	-1.28167 	0
0.00799899 	-179.224 	8.92711 	-1.38241 	0
0.00857035 	-179.008 	10.5432 	-1.48524 	0
0.00914171 	-178.779 	12.3057 	-1.58807 	0
0.00971307 	-178.58 	14.1927 	-1.69024 	0
0.0102844 	-178.429 	16.171 	-1.7926 	0
0.0108558 	-178.342 	18.1965 	-1.89675 	0
0.0114271 	-178.316 	20.2131 	-2.00391 	0
0.0119985 	-178.218 	22.2161 	-2.11235 	0
0.0125698 	-177.982 	24.3237 	-2.21622 	0
0.0131412 	-177.38 	26.7191 	-2.32871 	0
0.0137126 	-177.076 	28.9683 	-2.42512 	0
0.0142839 	-176.735 	31.4281 	-2.50188 	0
0.0148553 	-176.338 	33.8216 	-2.55245 	0
0.0154266 	-175.894 	34.5533 	-2.56123 	0
0.015998 	-175.44 	35.1047 	-2.56716 	0
0.0165693 	-174.973 	35.6368 	-2.57181 	0
0.0171407 	-174.495 	36.1555 	-2.57565 	0
0.0177121 	-174.008 	36.6614 	-2.5788 	0
0.0182834 	-173.509 	37.1556 	-2.58131 	0
0.0188548 	-173 	37.6294 	-2.58266 	0
0.0194261 	-172.484 	38.0646 	-2.58153 	0
0.0199975 	-171.96 	38.4562 	-2.5776 	0
0.0205688 	-171.431 	38.8158 	-2.57176 	0
0.0211402 	-170.897 	39.164 	-2.56546 	0
0.0217116 	-170.361 	39.5168 	-2.55984 	0
0.0222829 	-169.824 	39.8666 	-2.55425 	0
0.0228543 	-169.275 	40.2017 	-2.54787 	0
0.0234256 	-168.723 	40.5208 	-2.54063 	0
0.023997 	-168.179 	40.8098 	-2.5318 	0
0.0245683 	-167.624 	41.0865 	-2.52244 	0
0.0251397 	-167.067 	41.3538 	-2.51264 	0
0.0257111 	-166.522 	41.6158 	-2.50308 	0
0.0262824 	-165.961 	41.8761 	-2.49361 	0
0.0268538 	-165.416 	42.1307 	-2.48409 	0
0.0274251 	-164.854 	42.3756 	-2.47421 	0
0.0279965 	-164.31 	42.5849 	-2.46247 	0
0.0285678 	-163.748 	42.7854 	-2.45043 	0
0.0291392 	-163.209 	42.9178 	-2.43446 	0
0.0297106 	-162.653 	43.0525 	-2.41881 	0
0.0302819 	-162.123 	43.1351 	-2.40072 	0
0.0308533 	-161.591 	43.2115 	-2.38239 	0
0.0314246 	-161.055 	43.2873 	-2.36459 	0
0.031996 	-160.544 	43.3617 	-2.34704 	0
0.0325673 	-160.014 	43.436 	-2.32971 	0
0.0331387 	-159.51 	43.4912 	-2.3114 	0
0.0337101 	-159.013 	43.5426 	-2.29287 	0
0.0342814 	-158.491 	43.5952 	-2.27474 	0
0.0348528 	-158.015 	43.5947 	-2.25416 	0
0.0354241 	-157.539 	43.5939 	-2.23357 	0
0.0359955 	-157.038 	43.5938 	-2.21337 	0
0.0365668 	-156.583 	43.582 	-2.19301 	0
0.0371382 	-156.131 	43.5693 	-2.17264 	0
0.0377095 	-155.662 	43.5564 	-2.15252 	0
0.0382809 	-155.216 	43.5448 	-2.13278 	0
0.0388523 	-154.789 	43.5341 	-2.11318 	0
0.0394236 	-154.358 	43.5234 	-2.09364 	0
0.039995 	-153.908 	43.5122 	-2.07444 	0
0.0405663 	-153.507 	43.4968 	-2.05532 	0
0.0411377 	-153.106 	43.4814 	-2.0362 	0
0.041709 	-152.697 	43.4659 	-2.01722 	0
0.0422804 	-152.282 	43.451 	-1.99859 	0
0.0428518 	-151.908 	43.4411 	-1.98054 	0
0.0434231 	-151.535 	43.4312 	-1.96249 	0
0.0439945 	-151.156 	43.421 	-1.94454 	0
0.0445658 	-150.76 	43.4104 	-1.92684 	0
0.0451372 	-150.414 	43.4123 	-1.91012 	0
0.0457085 	-150.067 	43.4142 	-1.89341 	0
0.0462799 	-149.721 	43.4162 	-1.87669 	0
0.0468513 	-149.357 	43.4177 	-1.86026 	0
0.0474226 	-149.012 	43.4202 	-1.84412 	0
0.047994 	-148.692 	43.4239 	-1.82823 	0
0.0485653 	-148.373 	43.4277 	-1.81234 	0
0.0491367 	-148.051 	43.4314 	-1.79648 	0
0.049708 	-147.712 	43.4348 	-1.78091 	0
0.0502794 	-147.401 	43.4361 	-1.76554 	0
0.0508508 	-147.108 	43.4361 	-1.7503 	0
0.0514221 	-146.816 	43.4361 	-1.73507 	0
0.0519935 	-146.523 	43.4361 	-1.71983 	0
0.0525648 	-146.214 	43.4358 	-1.70488 	0
0.0531362 	-145.919 	43.4356 	-1.69011 	0
0.0537075 	-145.654 	43.4357 	-1.67568 	0
0.0542789 	-145.388 	43.4358 	-1.66125 	0
0.0548503 	-145.123 	43.4359 	-1.64683 	0
0.0554216 	-144.851 	43.4359 	-1.63251 	0
0.055993 	-144.57 	43.4356 	-1.61835 	0
0.0565643 	-144.316 	43.436 	-1.60456 	0
0.0571357 	-144.078 	43.4368 	-1.59098 	0
0.057707 	-143.84 	43.4376 	-1.5774 	0
0.0582784 	-143.602 	43.4384 	-1.56381 	0
0.0588497 	-143.357 	43.439 	-1.55032 	0
0.0594211 	-143.104 	43.4394 	-1.53699 	0
0.0599925 	-142.873 	43.4399 	-1.52404 	0
0.0605638 	-142.665 	43.4404 	-1.51146 	0
0.0611352 	-142.457 	43.4409 	-1.49888 	0
0.0617065 	-142.248 	43.4414 	-1.4863 	0
0.0622779 	-142.04 	43.4419 	-1.47372 	0
0.0628492 	-141.819 	43.4421 	-1.46135 	0
0.0634206 	-141.597 	43.4423 	-1.449 	0
0.063992 	-141.407 	43.4424 	-1.4371 	0
0.0645633 	-141.223 	43.4425 	-1.42527 	0
0.0651347 	-141.038 	43.4426 	-1.41344 	0
0.065706 	-140.854 	43.4427 	-1.40162 	0
0.0662774 	-140.666 	43.4427 	-1.38985 	0
0.0668487 	-140.469 	43.4425 	-1.37822 	0
0.0674201 	-140.279 	43.4425 	-1.36667 	0
0.0679915 	-140.112 	43.4427 	-1.35533 	0
0.0685628 	-139.946 	43.443 	-1.34399 	0
0.0691342 	-139.779 	43.4433 	-1.33265 	0
0.0697055 	-139.613 	43.4436 	-1.32131 	0
0.0702769 	-139.435 	43.4436 	-1.31016 	0
0.0708482 	-139.258 	43.4436 	-1.29904 	0
0.0714196 	-139.11 	43.4448 	-1.28837 	0
0.071991 	-138.962 	43.4459 	-1.27769 	0
0.0725623 	-138.813 	43.447 	-1.26701 	0
0.0731337 	-138.663 	43.4481 	-1.25636 	0
0.073705 	-138.503 	43.449 	-1.24585 	0
0.0742764 	-138.354 	43.4507 	-1.23551 	0
0.0748477 	-138.22 	43.4537 	-1.22543 	0
0.0754191 	-138.087 	43.4567 	-1.21535 	0
0.0759905 	-137.953 	43.4597 	-1.20527 	0
0.0765618 	-137.812 	43.4625 	-1.1953 	0
0.0771332 	-137.67 	43.4654 	-1.18543 	0
0.0777045 	-137.549 	43.4699 	-1.1759 	0
0.0782759 	-137.429 	43.4744 	-1.16638 	0
0.0788472 	-137.308 	43.4789 	-1.15685 	0
0.0794186 	-137.179 	43.4832 	-1.14744 	0
0.0799899 	-137.053 	43.4875 	-1.13812 	0
0.0805613 	-136.943 	43.4921 	-1.12903 	0
0.0811327 	-136.833 	43.4968 	-1.11994 	0
0.081704 	-136.721 	43.5014 	-1.11087 	0
0.0822754 	-136.601 	43.5058 	-1.10191 	0
0.0828467 	-136.495 	43.5104 	-1.09318 	0
0.0834181 	-136.393 	43.5151 	-1.08453 	0
0.0839894 	-136.292 	43.5199 	-1.07589 	0
0.0845608 	-136.183 	43.5244 	-1.06734 	0
0.0851322 	-136.081 	43.5291 	-1.05895 	0
0.0857035 	-135.988 	43.5339 	-1.05066 	0
0.0862749 	-135.894 	43.5388 	-1.04237 	0
0.0868462 	-135.792 	43.5434 	-1.03417 	0
0.0874176 	-135.7 	43.5484 	-1.02619 	0
0.0879889 	-135.612 	43.5534 	-1.01831 	0
0.0885603 	-135.523 	43.5585 	-1.01045 	0
0.0891317 	-135.428 	43.5633 	-1.00268 	0
0.089703 	-135.346 	43.5683 	-0.995103 	0
0.0902744 	-135.264 	43.5732 	-0.987529 	0
0.0908457 	-135.174 	43.578 	-0.980009 	0
0.0914171 	-135.094 	43.5769 	-0.972653 	0
0.0919884 	-135.016 	43.5743 	-0.965337 	0
0.0925598 	-134.932 	43.5719 	-0.958059 	0
0.0931312 	-134.855 	43.5385 	-0.950223 	0
0.0937025 	-134.78 	43.4936 	-0.942173 	0
0.0942739 	-134.7 	43.4495 	-0.934169 	0
0.0948452 	-134.628 	43.3256 	-0.924542 	0
0.0954166 	-134.556 	43.1918 	-0.914715 	0
0.0959879 	-134.481 	43.0482 	-0.904793 	0
0.0965593 	-134.414 	42.8738 	-0.894507 	0
0.0971307 	-134.343 	42.6994 	-0.884211 	0
0.097702 	-134.277 	42.5372 	-0.874431 	0
0.0982734 	-134.211 	42.3775 	-0.864743 	0
0.0988447 	-134.146 	42.2171 	-0.855132 	0
0.0994161 	-134.083 	42.0565 	-0.845595 	0
0.0999874 	-134.019 	41.8953 	-0.836236 	0
0.100559 	-133.958 	41.7339 	-0.827121 	0
0.10113 	-133.896 	41.5436 	-0.817624 	0
0.101702 	-133.835 	41.3326 	-0.807888 	0
0.102273 	-133.776 	40.8814 	-0.793658 	0
0.102844 	-133.716 	40.2635 	-0.775939 	0
0.103416 	-133.662 	38.901 	-0.742179 	0
0.103987 	-133.612 	36.9475 	-0.696003 	0
0.104558 	-133.569 	34.56 	-0.641022 	0
0.10513 	-133.537 	32.0551 	-0.584813 	0
0.105701 	-133.512 	29.7495 	-0.531346 	0
0.106272 	-133.493 	27.4227 	-0.476877 	0
0.106844 	-133.482 	25.0692 	-0.421268 	0
0.107415 	-133.477 	22.6539 	-0.361264 	0
0.107986 	-133.49 	20.0224 	-0.285742 	0
0.108558 	-133.547 	17.2175 	-0.193449 	0
0.109129 	-133.624 	14.7322 	-0.120453 	0
0.109701 	-133.664 	12.782 	-0.0824734 	0
0.110272 	-133.691 	10.9452 	-0.0502039 	0
0.110843 	-133.723 	9.16875 	-0.0219328 	0
0.111415 	-133.754 	7.57885 	-0.0029132 	0
0.111986 	-133.78 	6.2159 	0.00724064 	0
0.112557 	-133.801 	5.10806 	0.00999686 	0
0.113129 	-133.813 	4.15493 	0.00851114 	0
0.1137 	-133.818 	3.12473 	0.00522482 	0
