0 	12.9829 	0 	0 	0
0.000571357 	12.9215 	13.9735 	-0.0260538 	0
0.00114271 	12.7849 	15.1743 	-0.0656294 	0
0.00171407 	12.6397 	15.9165 	-0.107033 	0
0.00228543 	12.5033 	16.5407 	-0.14877 	0
0.00285678 	12.3805 	17.129 	-0.190218 	0
0.00342814 	12.272 	17.7135 	-0.23097 	0
0.0039995 	12.1761 	18.311 	-0.27075 	0
0.00457085 	12.0904 	18.9317 	-0.309257 	0
0.00514221 	12.0123 	19.583 	-0.346257 	0
0.00571357 	11.9393 	20.269 	-0.381455 	0
0.00628492 	11.8691 	20.9928 	-0.414654 	0
0.00685628 	11.7995 	21.756 	-0.445631 	0
0.00742764 	11.7291 	22.5591 	-0.474155 	0
0.00799899 	11.6552 	23.4057 	-0.499903 	0
0.00857035 	11.5792 	24.2894 	-0.52303 	0
0.00914171 	11.5143 	25.2269 	-0.542433 	0
0.00971307 	11.4555 	26.2365 	-0.558094 	0
0.0102844 	11.3795 	27.329 	-0.569119 	0
0.0108558 	11.2794 	28.4567 	-0.576079 	0
0.0114271 	11.162 	29.5654 	-0.580093 	0
0.0119985 	11.0359 	30.6293 	-0.581556 	0
0.0125698 	10.9318 	31.4852 	-0.580695 	0
0.0131412 	10.7928 	32.7291 	-0.57476 	0
0.0137126 	10.6527 	33.8979 	-0.564702 	0
0.0142839 	10.5001 	35.187 	-0.548098 	0
0.0148553 	10.3147 	36.1615 	-0.537321 	0
0.0154266 	10.1073 	36.5649 	-0.540477 	0
0.015998 	9.89456 	36.8745 	-0.545404 	0
0.0165693 	9.67865 	37.1701 	-0.550192 	0
0.0171407 	9.45983 	37.4548 	-0.554753 	0
0.0177121 	9.23828 	37.7303 	-0.559127 	0
0.0182834 	9.01433 	37.9979 	-0.563329 	0
0.0188548 	8.78834 	38.2554 	-0.567297 	0
0.0194261 	8.55897 	38.5033 	-0.571054 	0
0.0199975 	8.3283 	38.7467 	-0.574711 	0
0.0205688 	8.09505 	38.9767 	-0.578065 	0
0.0211402 	7.86019 	39.2044 	-0.581374 	0
0.0217116 	7.62309 	39.4168 	-0.584347 	0
0.0222829 	7.38599 	39.6291 	-0.587319 	0
0.0228543 	7.14419 	39.8178 	-0.589805 	0
0.0234256 	6.9034 	40.0048 	-0.59225 	0
0.023997 	6.65988 	40.1764 	-0.594413 	0
0.0245683 	6.41594 	40.3259 	-0.596165 	0
0.0251397 	6.172 	40.4754 	-0.597917 	0
0.0257111 	5.92557 	40.5976 	-0.599141 	0
0.0262824 	5.68 	40.6948 	-0.599882 	0
0.0268538 	5.43442 	40.7919 	-0.600624 	0
0.0274251 	5.1872 	40.8766 	-0.601126 	0
0.0279965 	4.94259 	40.9133 	-0.600754 	0
0.0285678 	4.69798 	40.95 	-0.600383 	0
0.0291392 	4.45337 	40.9866 	-0.600011 	0
0.0297106 	4.20856 	41.005 	-0.599215 	0
0.0302819 	3.96854 	40.9965 	-0.597848 	0
0.0308533 	3.72853 	40.9879 	-0.596482 	0
0.0314246 	3.48851 	40.9793 	-0.595116 	0
0.031996 	3.24662 	40.9706 	-0.593702 	0
0.0325673 	3.01417 	40.9563 	-0.592034 	0
0.0331387 	2.78172 	40.942 	-0.590367 	0
0.0337101 	2.54927 	40.9277 	-0.5887 	0
0.0342814 	2.31682 	40.9133 	-0.587032 	0
0.0348528 	2.08235 	40.9003 	-0.585335 	0
0.0354241 	1.85716 	40.9066 	-0.583845 	0
0.0359955 	1.63198 	40.9128 	-0.582354 	0
0.0365668 	1.40679 	40.9191 	-0.580864 	0
0.0371382 	1.18161 	40.9254 	-0.579374 	0
0.0377095 	0.956422 	40.9317 	-0.577883 	0
0.0382809 	0.731185 	40.9388 	-0.576216 	0
0.0388523 	0.513696 	40.9474 	-0.574329 	0
0.0394236 	0.296207 	40.9561 	-0.572442 	0
0.039995 	0.0787179 	40.9647 	-0.570554 	0
0.0405663 	-0.138771 	40.9734 	-0.568667 	0
0.0411377 	-0.35626 	40.9821 	-0.56678 	0
0.041709 	-0.573749 	40.9907 	-0.564893 	0
0.0422804 	-0.785766 	40.9953 	-0.562654 	0
0.0428518 	-0.992534 	40.9986 	-0.560378 	0
0.0434231 	-1.1993 	41.0019 	-0.558102 	0
0.0439945 	-1.40607 	41.0052 	-0.555826 	0
0.0445658 	-1.61284 	41.0085 	-0.55355 	0
0.0451372 	-1.81961 	41.0118 	-0.551274 	0
0.0457085 	-2.02637 	41.0151 	-0.548998 	0
0.0462799 	-2.23301 	41.0189 	-0.546594 	0
0.0468513 	-2.42738 	41.024 	-0.544061 	0
0.0474226 	-2.62175 	41.0291 	-0.541528 	0
0.047994 	-2.81613 	41.0342 	-0.538995 	0
0.0485653 	-3.0105 	41.0393 	-0.536462 	0
0.0491367 	-3.20487 	41.0444 	-0.533929 	0
0.049708 	-3.39924 	41.0495 	-0.531396 	0
0.0502794 	-3.59361 	41.0545 	-0.528863 	0
0.0508508 	-3.78799 	41.0596 	-0.52633 	0
0.0514221 	-3.97624 	41.0645 	-0.523481 	0
0.0519935 	-4.1559 	41.0693 	-0.52056 	0
0.0525648 	-4.33555 	41.074 	-0.517639 	0
0.0531362 	-4.51521 	41.0787 	-0.514718 	0
0.0537075 	-4.69487 	41.0834 	-0.511797 	0
0.0542789 	-4.87453 	41.0881 	-0.508876 	0
0.0548503 	-5.05418 	41.0928 	-0.505955 	0
0.0554216 	-5.23384 	41.0975 	-0.503034 	0
0.055993 	-5.4135 	41.1022 	-0.500112 	0
0.0565643 	-5.59315 	41.1069 	-0.497191 	0
0.0571357 	-5.75982 	41.1116 	-0.494029 	0
0.057707 	-5.9175 	41.1161 	-0.490899 	0
0.0582784 	-6.07518 	41.1206 	-0.487769 	0
0.0588497 	-6.23287 	41.125 	-0.484639 	0
0.0594211 	-6.39055 	41.1295 	-0.481508 	0
0.0599925 	-6.54823 	41.134 	-0.478378 	0
0.0605638 	-6.70591 	41.1385 	-0.475248 	0
0.0611352 	-6.8636 	41.143 	-0.472118 	0
0.0617065 	-7.02128 	41.1475 	-0.468988 	0
0.0622779 	-7.17896 	41.152 	-0.465858 	0
0.0628492 	-7.33664 	41.1565 	-0.462728 	0
0.0634206 	-7.49031 	41.161 	-0.459384 	0
0.063992 	-7.63031 	41.1654 	-0.455961 	0
0.0645633 	-7.77032 	41.1698 	-0.452539 	0
0.0651347 	-7.91032 	41.1742 	-0.449116 	0
0.065706 	-8.05033 	41.1785 	-0.445694 	0
0.0662774 	-8.19034 	41.1829 	-0.442271 	0
0.0668487 	-8.33034 	41.1873 	-0.438848 	0
0.0674201 	-8.47035 	41.1917 	-0.435426 	0
0.0679915 	-8.61035 	41.1961 	-0.432003 	0
0.0685628 	-8.75036 	41.2005 	-0.428581 	0
0.0691342 	-8.89036 	41.2049 	-0.425158 	0
0.0697055 	-9.03208 	41.2093 	-0.421619 	0
0.0702769 	-9.1587 	41.2138 	-0.417866 	0
0.0708482 	-9.28531 	41.2183 	-0.414112 	0
0.0714196 	-9.41193 	41.2227 	-0.410359 	0
0.071991 	-9.53855 	41.2272 	-0.406605 	0
0.0725623 	-9.66516 	41.2317 	-0.402852 	0
0.0731337 	-9.79178 	41.2361 	-0.399099 	0
0.073705 	-9.91839 	41.2406 	-0.395345 	0
0.0742764 	-10.045 	41.2451 	-0.391592 	0
0.0748477 	-10.1716 	41.2495 	-0.387838 	0
0.0754191 	-10.2976 	41.2541 	-0.383968 	0
0.0759905 	-10.4088 	41.2586 	-0.38005 	0
0.0765618 	-10.52 	41.2631 	-0.376131 	0
0.0771332 	-10.6312 	41.2677 	-0.372212 	0
0.0777045 	-10.7423 	41.2722 	-0.368294 	0
0.0782759 	-10.8535 	41.2768 	-0.364375 	0
0.0788472 	-10.9647 	41.2813 	-0.360456 	0
0.0794186 	-11.0759 	41.2858 	-0.356537 	0
0.0799899 	-11.1871 	41.2904 	-0.352619 	0
0.0805613 	-11.2925 	41.2951 	-0.348552 	0
0.0811327 	-11.3903 	41.2998 	-0.344502 	0
0.081704 	-11.488 	41.3045 	-0.340452 	0
0.0822754 	-11.5858 	41.3093 	-0.336402 	0
0.0828467 	-11.6836 	41.314 	-0.332352 	0
0.0834181 	-11.7814 	41.3188 	-0.328302 	0
0.0839894 	-11.8791 	41.3235 	-0.324252 	0
0.0845608 	-11.9778 	41.3283 	-0.320133 	0
0.0851322 	-12.0639 	41.3334 	-0.315998 	0
0.0857035 	-12.15 	41.3386 	-0.311862 	0
0.0862749 	-12.2361 	41.3437 	-0.307726 	0
0.0868462 	-12.3222 	41.3488 	-0.30359 	0
0.0874176 	-12.4083 	41.354 	-0.299454 	0
0.0879889 	-12.4944 	41.3591 	-0.295318 	0
0.0885603 	-12.5768 	41.3645 	-0.291092 	0
0.0891317 	-12.6528 	41.3702 	-0.286884 	0
0.089703 	-12.7288 	41.376 	-0.282676 	0
0.0902744 	-12.8047 	41.3817 	-0.278468 	0
0.0908457 	-12.8807 	41.3874 	-0.27426 	0
0.0914171 	-12.9567 	41.3932 	-0.270053 	0
0.0919884 	-13.0269 	41.3995 	-0.265762 	0
0.0925598 	-13.0941 	41.4061 	-0.26151 	0
0.0931312 	-13.1613 	41.4127 	-0.257259 	0
0.0937025 	-13.2285 	41.4193 	-0.253007 	0
0.0942739 	-13.2956 	41.4259 	-0.248755 	0
0.0948452 	-13.3577 	41.4334 	-0.244432 	0
0.0954166 	-13.4172 	41.4412 	-0.240143 	0
0.0959879 	-13.4768 	41.449 	-0.235854 	0
0.0965593 	-13.5363 	41.4567 	-0.231565 	0
0.0971307 	-13.5937 	41.4651 	-0.227231 	0
0.097702 	-13.6466 	41.4744 	-0.222921 	0
0.0982734 	-13.6995 	41.4837 	-0.218612 	0
0.0988447 	-13.7524 	41.493 	-0.214303 	0
0.0994161 	-13.8022 	41.5034 	-0.209951 	0
0.0999874 	-13.8494 	41.5147 	-0.205626 	0
0.100559 	-13.8965 	41.5259 	-0.201301 	0
0.10113 	-13.9425 	41.5377 	-0.196946 	0
0.101702 	-13.9846 	41.5512 	-0.192613 	0
0.102273 	-14.0267 	41.5648 	-0.188281 	0
0.102844 	-14.0673 	41.5792 	-0.183925 	0
0.103416 	-14.1051 	41.5954 	-0.179595 	0
0.103987 	-14.1428 	41.6116 	-0.175265 	0
0.104558 	-14.1774 	41.6304 	-0.17091 	0
0.10513 	-14.2114 	41.6498 	-0.166577 	0
0.105701 	-14.2432 	41.6712 	-0.162244 	0
0.106272 	-14.2737 	41.6938 	-0.15794 	0
0.106844 	-14.302 	41.6915 	-0.15363 	0
0.107415 	-14.3292 	41.6662 	-0.149118 	0
0.107986 	-14.3518 	41.3657 	-0.140467 	0
0.108558 	-14.3732 	40.7298 	-0.126489 	0
0.109129 	-14.3938 	39.7207 	-0.107526 	0
0.109701 	-14.4144 	38.3735 	-0.0861034 	0
0.110272 	-14.4337 	36.8566 	-0.0662251 	0
0.110843 	-14.4525 	35.2482 	-0.0485724 	0
0.111415 	-14.4705 	33.577 	-0.0336396 	0
0.111986 	-14.4872 	31.7476 	-0.021716 	0
0.112557 	-14.5019 	29.4734 	-0.0121507 	0
0.113129 	-14.5133 	25.8582 	-0.0048061 	0
0.1137 	-14.5188 	1.10472e-10 	-1.35291e-15 	0
