0 	-154.562 	0 	0 	0
0.000571357 	-154.735 	-6.5389 	-0.0467785 	0
0.00114271 	-155.042 	-6.03144 	-0.112323 	0
0.00171407 	-155.346 	-5.439 	-0.180956 	0
0.00228543 	-155.628 	-4.79359 	-0.25295 	0
0.00285678 	-155.877 	-4.09515 	-0.32709 	0
0.00342814 	-156.098 	-3.33402 	-0.405269 	0
0.0039995 	-156.289 	-2.5058 	-0.486801 	0
0.00457085 	-156.45 	-1.60253 	-0.572732 	0
0.00514221 	-156.581 	-0.613576 	-0.664375 	0
0.00571357 	-156.677 	0.46771 	-0.761932 	0
0.00628492 	-156.723 	1.64906 	-0.865484 	0
0.00685628 	-156.679 	2.9654 	-0.976244 	0
0.00742764 	-156.55 	4.48684 	-1.0972 	0
0.00799899 	-156.374 	6.245 	-1.22759 	0
0.00857035 	-156.158 	8.17019 	-1.36221 	0
0.00914171 	-155.91 	10.253 	-1.49845 	0
0.00971307 	-155.65 	12.4294 	-1.6343 	0
0.0102844 	-155.411 	14.6535 	-1.76835 	0
0.0108558 	-155.187 	16.8666 	-1.9 	0
0.0114271 	-154.882 	19.07 	-2.02748 	0
0.0119985 	-154.417 	21.3528 	-2.1482 	0
0.0125698 	-153.936 	23.3562 	-2.24201 	0
0.0131412 	-153.175 	26.4511 	-2.36104 	0
0.0137126 	-152.461 	29.3618 	-2.45099 	0
0.0142839 	-151.698 	32.564 	-2.53381 	0
0.0148553 	-150.893 	35.2738 	-2.59873 	0
0.0154266 	-150.048 	36.2709 	-2.60856 	0
0.015998 	-149.22 	36.7786 	-2.60026 	0
0.0165693 	-148.38 	37.3128 	-2.59468 	0
0.0171407 	-147.543 	37.7976 	-2.58607 	0
0.0177121 	-146.71 	38.235 	-2.57488 	0
0.0182834 	-145.862 	38.644 	-2.56268 	0
0.0188548 	-145.032 	39.0244 	-2.549 	0
0.0194261 	-144.226 	39.3774 	-2.534 	0
0.0199975 	-143.382 	39.7199 	-2.51922 	0
0.0205688 	-142.593 	40.0305 	-2.50273 	0
0.0211402 	-141.769 	40.3378 	-2.48673 	0
0.0217116 	-140.997 	40.6183 	-2.46952 	0
0.0222829 	-140.179 	40.8995 	-2.45302 	0
0.0228543 	-139.437 	41.1544 	-2.43516 	0
0.0234256 	-138.642 	41.4079 	-2.4181 	0
0.023997 	-137.879 	41.6509 	-2.40068 	0
0.0245683 	-137.147 	41.8793 	-2.38295 	0
0.0251397 	-136.374 	42.1076 	-2.36583 	0
0.0257111 	-135.645 	42.3226 	-2.34824 	0
0.0262824 	-134.942 	42.5256 	-2.3304 	0
0.0268538 	-134.197 	42.7286 	-2.31319 	0
0.0274251 	-133.47 	42.9236 	-2.29574 	0
0.0279965 	-132.809 	43.0881 	-2.27734 	0
0.0285678 	-132.111 	43.2534 	-2.25955 	0
0.0291392 	-131.4 	43.4189 	-2.24198 	0
0.0297106 	-130.723 	43.5543 	-2.22304 	0
0.0302819 	-130.097 	43.6464 	-2.20212 	0
0.0308533 	-129.437 	43.7398 	-2.18182 	0
0.0314246 	-128.765 	43.8337 	-2.16175 	0
0.031996 	-128.097 	43.9226 	-2.14149 	0
0.0325673 	-127.522 	43.9257 	-2.11773 	0
0.0331387 	-126.941 	43.9289 	-2.09407 	0
0.0337101 	-126.323 	43.9328 	-2.07111 	0
0.0342814 	-125.706 	43.9367 	-2.04815 	0
0.0348528 	-125.094 	43.9391 	-2.02518 	0
0.0354241 	-124.58 	43.9173 	-2.00206 	0
0.0359955 	-124.066 	43.8955 	-1.97893 	0
0.0365668 	-123.521 	43.8732 	-1.95636 	0
0.0371382 	-122.97 	43.8508 	-1.9339 	0
0.0377095 	-122.42 	43.8283 	-1.91143 	0
0.0382809 	-121.9 	43.8103 	-1.88946 	0
0.0388523 	-121.444 	43.801 	-1.86846 	0
0.0394236 	-120.988 	43.7917 	-1.84747 	0
0.039995 	-120.506 	43.7818 	-1.82691 	0
0.0405663 	-120.019 	43.7716 	-1.80647 	0
0.0411377 	-119.531 	43.7615 	-1.78603 	0
0.041709 	-119.043 	43.7514 	-1.76559 	0
0.0422804 	-118.624 	43.7421 	-1.74597 	0
0.0428518 	-118.225 	43.7331 	-1.72661 	0
0.0434231 	-117.826 	43.7241 	-1.70724 	0
0.0439945 	-117.405 	43.7146 	-1.68828 	0
0.0445658 	-116.98 	43.7049 	-1.6694 	0
0.0451372 	-116.554 	43.6953 	-1.65052 	0
0.0457085 	-116.129 	43.6856 	-1.63163 	0
0.0462799 	-115.723 	43.6765 	-1.61302 	0
0.0468513 	-115.381 	43.6691 	-1.59523 	0
0.0474226 	-115.038 	43.6617 	-1.57744 	0
0.047994 	-114.695 	43.6542 	-1.55966 	0
0.0485653 	-114.332 	43.6463 	-1.54224 	0
0.0491367 	-113.967 	43.6383 	-1.52486 	0
0.049708 	-113.601 	43.6304 	-1.50748 	0
0.0502794 	-113.236 	43.6224 	-1.4901 	0
0.0508508 	-112.871 	43.6144 	-1.47272 	0
0.0514221 	-112.553 	43.6077 	-1.45603 	0
0.0519935 	-112.263 	43.6017 	-1.43977 	0
0.0525648 	-111.974 	43.5957 	-1.42351 	0
0.0531362 	-111.684 	43.5897 	-1.40725 	0
0.0537075 	-111.381 	43.5833 	-1.39126 	0
0.0542789 	-111.073 	43.5769 	-1.37534 	0
0.0548503 	-110.765 	43.5705 	-1.35942 	0
0.0554216 	-110.458 	43.564 	-1.3435 	0
0.055993 	-110.15 	43.5576 	-1.32758 	0
0.0565643 	-109.842 	43.5512 	-1.31166 	0
0.0571357 	-109.589 	43.5461 	-1.29676 	0
0.057707 	-109.355 	43.5416 	-1.28225 	0
0.0582784 	-109.122 	43.5371 	-1.26773 	0
0.0588497 	-108.889 	43.5326 	-1.25321 	0
0.0594211 	-108.651 	43.528 	-1.23878 	0
0.0599925 	-108.403 	43.5232 	-1.22454 	0
0.0605638 	-108.156 	43.5183 	-1.2103 	0
0.0611352 	-107.908 	43.5135 	-1.19606 	0
0.0617065 	-107.66 	43.5086 	-1.18182 	0
0.0622779 	-107.413 	43.5038 	-1.16758 	0
0.0628492 	-107.165 	43.4989 	-1.15334 	0
0.0634206 	-106.939 	43.4947 	-1.13943 	0
0.063992 	-106.748 	43.4914 	-1.12605 	0
0.0645633 	-106.557 	43.4881 	-1.11266 	0
0.0651347 	-106.366 	43.4849 	-1.09928 	0
0.065706 	-106.175 	43.4816 	-1.08589 	0
0.0662774 	-105.972 	43.478 	-1.07274 	0
0.0668487 	-105.77 	43.4745 	-1.05958 	0
0.0674201 	-105.567 	43.4709 	-1.04643 	0
0.0679915 	-105.365 	43.4674 	-1.03328 	0
0.0685628 	-105.162 	43.4639 	-1.02012 	0
0.0691342 	-104.959 	43.4603 	-1.00697 	0
0.0697055 	-104.759 	43.4568 	-0.993832 	0
0.0702769 	-104.597 	43.4546 	-0.980971 	0
0.0708482 	-104.436 	43.4523 	-0.96811 	0
0.0714196 	-104.275 	43.4501 	-0.955249 	0
0.071991 	-104.111 	43.4478 	-0.94243 	0
0.0725623 	-103.94 	43.4453 	-0.929774 	0
0.0731337 	-103.77 	43.4428 	-0.917118 	0
0.073705 	-103.599 	43.4403 	-0.904461 	0
0.0742764 	-103.428 	43.4378 	-0.891805 	0
0.0748477 	-103.257 	43.4354 	-0.879149 	0
0.0754191 	-103.092 	43.4331 	-0.86656 	0
0.0759905 	-102.957 	43.4318 	-0.854338 	0
0.0765618 	-102.822 	43.4305 	-0.842116 	0
0.0771332 	-102.687 	43.4292 	-0.829894 	0
0.0777045 	-102.546 	43.4278 	-0.817818 	0
0.0782759 	-102.404 	43.4264 	-0.805777 	0
0.0788472 	-102.261 	43.4249 	-0.793736 	0
0.0794186 	-102.118 	43.4234 	-0.781695 	0
0.0799899 	-101.976 	43.422 	-0.769654 	0
0.0805613 	-101.848 	43.4211 	-0.757757 	0
0.0811327 	-101.734 	43.4208 	-0.745988 	0
0.081704 	-101.62 	43.4204 	-0.734219 	0
0.0822754 	-101.502 	43.42 	-0.72255 	0
0.0828467 	-101.382 	43.4195 	-0.710947 	0
0.0834181 	-101.262 	43.419 	-0.699343 	0
0.0839894 	-101.141 	43.4185 	-0.687739 	0
0.0845608 	-101.021 	43.4181 	-0.676136 	0
0.0851322 	-100.923 	43.4187 	-0.664711 	0
0.0857035 	-100.826 	43.4193 	-0.653286 	0
0.0862749 	-100.726 	43.4199 	-0.64193 	0
0.0868462 	-100.623 	43.4204 	-0.630658 	0
0.0874176 	-100.521 	43.4209 	-0.619386 	0
0.0879889 	-100.418 	43.4213 	-0.608114 	0
0.0885603 	-100.323 	43.4224 	-0.596886 	0
0.0891317 	-100.24 	43.424 	-0.585713 	0
0.089703 	-100.155 	43.4257 	-0.574571 	0
0.0902744 	-100.067 	43.4272 	-0.563542 	0
0.0908457 	-99.9783 	43.4288 	-0.552514 	0
0.0914171 	-99.8899 	43.4304 	-0.541485 	0
0.0919884 	-99.8129 	43.4329 	-0.530493 	0
0.0925598 	-99.7405 	43.4357 	-0.519517 	0
0.0931312 	-99.6649 	43.4385 	-0.508647 	0
0.0937025 	-99.5884 	43.4413 	-0.497808 	0
0.0942739 	-99.512 	43.4441 	-0.486969 	0
0.0948452 	-99.4452 	43.4479 	-0.476139 	0
0.0954166 	-99.3821 	43.4522 	-0.465316 	0
0.0959879 	-99.3156 	43.4564 	-0.454623 	0
0.0965593 	-99.2491 	43.4606 	-0.443929 	0
0.0971307 	-99.1867 	43.4654 	-0.43323 	0
0.097702 	-99.1317 	43.4714 	-0.422522 	0
0.0982734 	-99.0739 	43.4773 	-0.411929 	0
0.0988447 	-99.0158 	43.4832 	-0.40135 	0
0.0994161 	-98.9632 	43.4902 	-0.390753 	0
0.0999874 	-98.9142 	43.4981 	-0.380177 	0
0.100559 	-98.8632 	43.506 	-0.369692 	0
0.10113 	-98.8144 	43.5144 	-0.359195 	0
0.101702 	-98.7715 	43.5247 	-0.348677 	0
0.102273 	-98.7267 	43.5348 	-0.338267 	0
0.102844 	-98.6844 	43.546 	-0.327835 	0
0.103416 	-98.646 	43.5588 	-0.317412 	0
0.103987 	-98.6063 	43.5715 	-0.307064 	0
0.104558 	-98.572 	43.5868 	-0.296668 	0
0.10513 	-98.5369 	43.6025 	-0.28638 	0
0.105701 	-98.5052 	43.6202 	-0.276035 	0
0.106272 	-98.4741 	43.639 	-0.265762 	0
0.106844 	-98.4461 	43.6601 	-0.255475 	0
0.107415 	-98.4184 	43.6824 	-0.245281 	0
0.107986 	-98.3941 	43.7079 	-0.235045 	0
0.108558 	-98.3709 	43.7357 	-0.22481 	0
0.109129 	-98.3492 	43.7583 	-0.214707 	0
0.109701 	-98.3287 	43.7101 	-0.203942 	0
0.110272 	-98.3059 	43.2511 	-0.186773 	0
0.110843 	-98.2904 	41.827 	-0.154355 	0
0.111415 	-98.2842 	39.5782 	-0.11435 	0
0.111986 	-98.2842 	36.8949 	-0.077554 	0
0.112557 	-98.296 	33.8296 	-0.0462118 	0
0.113129 	-98.3189 	29.4257 	-0.0196669 	0
0.1137 	-98.3414 	1.26965e-10 	-4.93014e-15 	0
