0 	-197.659 	0 	0 	0
0.000571357 	-197.548 	-5.7919 	0.122884 	0
0.00114271 	-197.396 	-5.63686 	0.228686 	0
0.00171407 	-197.301 	-5.29948 	0.322535 	0
0.00228543 	-197.264 	-4.90189 	0.405538 	0
0.00285678 	-197.275 	-4.46992 	0.478925 	0
0.00342814 	-197.326 	-4.00809 	0.541544 	0
0.0039995 	-197.406 	-3.52006 	0.593294 	0
0.00457085 	-197.507 	-3.00371 	0.632651 	0
0.00514221 	-197.617 	-2.45766 	0.658405 	0
0.00571357 	-197.726 	-1.87426 	0.668288 	0
0.00628492 	-197.816 	-1.24617 	0.660578 	0
0.00685628 	-197.866 	-0.557961 	0.632761 	0
0.00742764 	-197.841 	0.217117 	0.582233 	0
0.00799899 	-197.697 	1.13672 	0.505567 	0
0.00857035 	-197.49 	2.23577 	0.402374 	0
0.00914171 	-197.305 	3.66342 	0.254864 	0
0.00971307 	-197.085 	5.34838 	0.0684922 	0
0.0102844 	-196.612 	7.31556 	-0.143687 	0
0.0108558 	-195.943 	9.63261 	-0.362099 	0
0.0114271 	-195.214 	12.3077 	-0.570425 	0
0.0119985 	-194.447 	15.346 	-0.758778 	0
0.0125698 	-193.777 	18.1108 	-0.893694 	0
0.0131412 	-192.74 	22.4735 	-1.03236 	0
0.0137126 	-191.784 	26.4603 	-1.09279 	0
0.0142839 	-190.815 	30.1983 	-1.1152 	0
0.0148553 	-189.887 	33.0106 	-1.15277 	0
0.0154266 	-188.912 	35.1214 	-1.20059 	0
0.015998 	-187.869 	36.3369 	-1.2334 	0
0.0165693 	-186.814 	37.0564 	-1.25507 	0
0.0171407 	-185.754 	37.6472 	-1.27266 	0
0.0177121 	-184.692 	38.183 	-1.28796 	0
0.0182834 	-183.63 	38.6714 	-1.30131 	0
0.0188548 	-182.56 	39.112 	-1.31237 	0
0.0194261 	-181.502 	39.5166 	-1.32196 	0
0.0199975 	-180.448 	39.905 	-1.33089 	0
0.0205688 	-179.39 	40.2501 	-1.33745 	0
0.0211402 	-178.347 	40.5908 	-1.34411 	0
0.0217116 	-177.303 	40.8964 	-1.34875 	0
0.0222829 	-176.27 	41.2027 	-1.35375 	0
0.0228543 	-175.245 	41.4759 	-1.35672 	0
0.0234256 	-174.219 	41.7466 	-1.35952 	0
0.023997 	-173.216 	42.0055 	-1.36211 	0
0.0245683 	-172.214 	42.2456 	-1.36336 	0
0.0251397 	-171.215 	42.4859 	-1.36474 	0
0.0257111 	-170.236 	42.7123 	-1.36553 	0
0.0262824 	-169.261 	42.9253 	-1.36525 	0
0.0268538 	-168.286 	43.1382 	-1.36496 	0
0.0274251 	-167.331 	43.3456 	-1.36493 	0
0.0279965 	-166.39 	43.5285 	-1.36335 	0
0.0285678 	-165.448 	43.7115 	-1.36177 	0
0.0291392 	-164.511 	43.8947 	-1.36038 	0
0.0297106 	-163.593 	44.0534 	-1.35812 	0
0.0302819 	-162.691 	44.1758 	-1.35395 	0
0.0308533 	-161.788 	44.2981 	-1.34979 	0
0.0314246 	-160.886 	44.4205 	-1.34566 	0
0.031996 	-159.996 	44.5388 	-1.34193 	0
0.0325673 	-159.152 	44.5605 	-1.33422 	0
0.0331387 	-158.308 	44.5823 	-1.3265 	0
0.0337101 	-157.464 	44.6041 	-1.31879 	0
0.0342814 	-156.622 	44.6261 	-1.31122 	0
0.0348528 	-155.79 	44.6461 	-1.30406 	0
0.0354241 	-155.026 	44.6221 	-1.29483 	0
0.0359955 	-154.263 	44.5981 	-1.28561 	0
0.0365668 	-153.499 	44.5741 	-1.27638 	0
0.0371382 	-152.735 	44.5501 	-1.26716 	0
0.0377095 	-151.975 	44.5263 	-1.25835 	0
0.0382809 	-151.241 	44.5052 	-1.24954 	0
0.0388523 	-150.557 	44.4892 	-1.24029 	0
0.0394236 	-149.873 	44.4733 	-1.23104 	0
0.039995 	-149.189 	44.4573 	-1.22179 	0
0.0405663 	-148.506 	44.4414 	-1.21254 	0
0.0411377 	-147.823 	44.4254 	-1.20346 	0
0.041709 	-147.142 	44.4095 	-1.19476 	0
0.0422804 	-146.52 	44.3951 	-1.1856 	0
0.0428518 	-145.917 	44.381 	-1.1763 	0
0.0434231 	-145.313 	44.367 	-1.16701 	0
0.0439945 	-144.71 	44.353 	-1.15771 	0
0.0445658 	-144.106 	44.339 	-1.14841 	0
0.0451372 	-143.502 	44.325 	-1.13912 	0
0.0457085 	-142.9 	44.311 	-1.1303 	0
0.0462799 	-142.317 	44.2975 	-1.12137 	0
0.0468513 	-141.793 	44.2857 	-1.11208 	0
0.0474226 	-141.269 	44.2738 	-1.10279 	0
0.047994 	-140.746 	44.2619 	-1.09351 	0
0.0485653 	-140.222 	44.25 	-1.08422 	0
0.0491367 	-139.698 	44.2381 	-1.07493 	0
0.049708 	-139.174 	44.2263 	-1.06564 	0
0.0502794 	-138.65 	44.2144 	-1.05661 	0
0.0508508 	-138.127 	44.2025 	-1.04774 	0
0.0514221 	-137.651 	44.1919 	-1.03868 	0
0.0519935 	-137.206 	44.1821 	-1.02951 	0
0.0525648 	-136.76 	44.1723 	-1.02033 	0
0.0531362 	-136.314 	44.1625 	-1.01115 	0
0.0537075 	-135.868 	44.1527 	-1.00198 	0
0.0542789 	-135.422 	44.1428 	-0.9928 	0
0.0548503 	-134.977 	44.133 	-0.983623 	0
0.0554216 	-134.531 	44.1232 	-0.974456 	0
0.055993 	-134.084 	44.1134 	-0.965635 	0
0.0565643 	-133.638 	44.1036 	-0.956813 	0
0.0571357 	-133.253 	44.0953 	-0.948008 	0
0.057707 	-132.891 	44.0877 	-0.939209 	0
0.0582784 	-132.529 	44.0801 	-0.93041 	0
0.0588497 	-132.167 	44.0724 	-0.921611 	0
0.0594211 	-131.805 	44.0648 	-0.912813 	0
0.0599925 	-131.443 	44.0572 	-0.904014 	0
0.0605638 	-131.081 	44.0496 	-0.895215 	0
0.0611352 	-130.719 	44.0419 	-0.886416 	0
0.0617065 	-130.356 	44.0343 	-0.877624 	0
0.0622779 	-129.994 	44.0267 	-0.869118 	0
0.0628492 	-129.631 	44.019 	-0.860611 	0
0.0634206 	-129.293 	44.012 	-0.852064 	0
0.063992 	-128.994 	44.0062 	-0.843453 	0
0.0645633 	-128.696 	44.0003 	-0.834841 	0
0.0651347 	-128.398 	43.9944 	-0.82623 	0
0.065706 	-128.1 	43.9886 	-0.817618 	0
0.0662774 	-127.802 	43.9827 	-0.809007 	0
0.0668487 	-127.503 	43.9768 	-0.800395 	0
0.0674201 	-127.205 	43.971 	-0.791784 	0
0.0679915 	-126.907 	43.9651 	-0.783172 	0
0.0685628 	-126.608 	43.9592 	-0.774731 	0
0.0691342 	-126.309 	43.9533 	-0.766367 	0
0.0697055 	-126.012 	43.9475 	-0.75799 	0
0.0702769 	-125.759 	43.943 	-0.74933 	0
0.0708482 	-125.506 	43.9386 	-0.74067 	0
0.0714196 	-125.253 	43.9341 	-0.73201 	0
0.071991 	-125.001 	43.9296 	-0.723349 	0
0.0725623 	-124.748 	43.9252 	-0.714689 	0
0.0731337 	-124.495 	43.9207 	-0.706029 	0
0.073705 	-124.243 	43.9162 	-0.697369 	0
0.0742764 	-123.989 	43.9118 	-0.688809 	0
0.0748477 	-123.736 	43.9073 	-0.68037 	0
0.0754191 	-123.488 	43.903 	-0.67192 	0
0.0759905 	-123.277 	43.8999 	-0.66341 	0
0.0765618 	-123.065 	43.8967 	-0.654901 	0
0.0771332 	-122.854 	43.8936 	-0.646391 	0
0.0777045 	-122.642 	43.8904 	-0.637881 	0
0.0782759 	-122.43 	43.8873 	-0.629372 	0
0.0788472 	-122.219 	43.8842 	-0.620862 	0
0.0794186 	-122.007 	43.881 	-0.612458 	0
0.0799899 	-121.794 	43.8779 	-0.604145 	0
0.0805613 	-121.599 	43.8753 	-0.595788 	0
0.0811327 	-121.42 	43.8734 	-0.587391 	0
0.081704 	-121.241 	43.8715 	-0.578994 	0
0.0822754 	-121.062 	43.8695 	-0.570597 	0
0.0828467 	-120.883 	43.8676 	-0.5622 	0
0.0834181 	-120.704 	43.8657 	-0.553803 	0
0.0839894 	-120.524 	43.8637 	-0.545542 	0
0.0845608 	-120.344 	43.8618 	-0.537325 	0
0.0851322 	-120.191 	43.861 	-0.529023 	0
0.0857035 	-120.038 	43.8603 	-0.520721 	0
0.0862749 	-119.885 	43.8595 	-0.51242 	0
0.0868462 	-119.732 	43.8588 	-0.504118 	0
0.0874176 	-119.579 	43.858 	-0.495816 	0
0.0879889 	-119.425 	43.8572 	-0.487677 	0
0.0885603 	-119.281 	43.857 	-0.479501 	0
0.0891317 	-119.149 	43.8575 	-0.471271 	0
0.089703 	-119.018 	43.8579 	-0.463041 	0
0.0902744 	-118.886 	43.8584 	-0.45481 	0
0.0908457 	-118.755 	43.8588 	-0.446588 	0
0.0914171 	-118.622 	43.8593 	-0.438517 	0
0.0919884 	-118.503 	43.8607 	-0.430375 	0
0.0925598 	-118.389 	43.8625 	-0.422206 	0
0.0931312 	-118.276 	43.8643 	-0.414037 	0
0.0937025 	-118.162 	43.8661 	-0.405868 	0
0.0942739 	-118.048 	43.8678 	-0.397833 	0
0.0948452 	-117.944 	43.8707 	-0.389741 	0
0.0954166 	-117.846 	43.874 	-0.38162 	0
0.0959879 	-117.747 	43.8773 	-0.373499 	0
0.0965593 	-117.648 	43.8806 	-0.365434 	0
0.0971307 	-117.553 	43.8845 	-0.357421 	0
0.097702 	-117.467 	43.8896 	-0.349341 	0
0.0982734 	-117.381 	43.8946 	-0.341261 	0
0.0988447 	-117.294 	43.8997 	-0.333245 	0
0.0994161 	-117.214 	43.9058 	-0.325248 	0
0.0999874 	-117.139 	43.9129 	-0.317206 	0
0.100559 	-117.063 	43.92 	-0.309166 	0
0.10113 	-116.99 	43.9276 	-0.301235 	0
0.101702 	-116.923 	43.937 	-0.293219 	0
0.102273 	-116.857 	43.9464 	-0.285208 	0
0.102844 	-116.794 	43.9568 	-0.277295 	0
0.103416 	-116.735 	43.9688 	-0.269316 	0
0.103987 	-116.677 	43.9808 	-0.261395 	0
0.104558 	-116.624 	43.9953 	-0.253449 	0
0.10513 	-116.573 	44.0102 	-0.245502 	0
0.105701 	-116.525 	44.0271 	-0.237612 	0
0.106272 	-116.479 	44.0451 	-0.229713 	0
0.106844 	-116.437 	44.0655 	-0.221828 	0
0.107415 	-116.397 	44.087 	-0.213958 	0
0.107986 	-116.361 	44.1116 	-0.206063 	0
0.108558 	-116.327 	44.1383 	-0.198256 	0
0.109129 	-116.296 	44.1675 	-0.190421 	0
0.109701 	-116.268 	44.1921 	-0.182575 	0
0.110272 	-116.242 	44.0996 	-0.17377 	0
0.110843 	-116.214 	43.331 	-0.154255 	0
0.111415 	-116.199 	41.3392 	-0.117348 	0
0.111986 	-116.194 	38.4533 	-0.078511 	0
0.112557 	-116.201 	35.1172 	-0.0456683 	0
0.113129 	-116.221 	30.4917 	-0.0192184 	0
0.1137 	-116.243 	1.4004e-10 	-5.22442e-15 	0
