0 	-189.183 	0 	0 	0
0.000571357 	-189.181 	-5.81954e-35 	-7.79348e-34 	0
0.00114271 	-189.185 	1.58617e-49 	-3.76791e-49 	0
0.00171407 	-189.202 	6.92296e-65 	-1.79729e-64 	0
0.00228543 	-189.236 	5.47438e-81 	-2.25504e-80 	0
0.00285678 	-189.28 	2.06376e-97 	-1.4084e-96 	0
0.00342814 	-189.314 	0 	0 	0
0.0039995 	-189.324 	0 	0 	0
0.00457085 	-189.303 	0 	0 	0
0.00514221 	-189.251 	0 	0 	0
0.00571357 	-189.171 	0 	0 	0
0.00628492 	-189.072 	0 	0 	0
0.00685628 	-188.962 	0 	0 	0
0.00742764 	-188.85 	0 	0 	0
0.00799899 	-188.744 	0 	0 	0
0.00857035 	-188.652 	0 	0 	0
0.00914171 	-188.581 	0 	0 	0
0.00971307 	-188.531 	0 	0 	0
0.0102844 	-188.505 	0 	0 	0
0.0108558 	-188.501 	0 	0 	0
0.0114271 	-188.508 	0 	0 	0
0.0119985 	-188.477 	0 	0 	0
0.0125698 	-188.744 	0 	0 	0
0.0131412 	-188.223 	21.9624 	-0.260063 	0
0.0137126 	-187.233 	25.9304 	-0.298743 	0
0.0142839 	-186.252 	28.8098 	-0.322141 	0
0.0148553 	-185.262 	31.5657 	-0.337521 	0
0.0154266 	-184.274 	33.9265 	-0.347248 	0
0.015998 	-183.325 	35.3907 	-0.358939 	0
0.0165693 	-182.426 	36.2748 	-0.373004 	0
0.0171407 	-181.575 	36.9594 	-0.386667 	0
0.0177121 	-180.763 	37.5606 	-0.399855 	0
0.0182834 	-179.98 	38.1053 	-0.412694 	0
0.0188548 	-179.227 	38.5937 	-0.425017 	0
0.0194261 	-178.496 	39.0389 	-0.436821 	0
0.0199975 	-177.776 	39.4652 	-0.448387 	0
0.0205688 	-177.081 	39.8426 	-0.459206 	0
0.0211402 	-176.389 	40.2139 	-0.469911 	0
0.0217116 	-175.717 	40.5465 	-0.479883 	0
0.0222829 	-175.044 	40.8791 	-0.489855 	0
0.0228543 	-174.389 	41.1751 	-0.498958 	0
0.0234256 	-173.736 	41.4685 	-0.508 	0
0.023997 	-173.089 	41.7478 	-0.516658 	0
0.0245683 	-172.451 	42.0069 	-0.524772 	0
0.0251397 	-171.814 	42.2661 	-0.532885 	0
0.0257111 	-171.184 	42.5096 	-0.540447 	0
0.0262824 	-170.56 	42.7387 	-0.547506 	0
0.0268538 	-169.936 	42.9679 	-0.554565 	0
0.0274251 	-169.315 	43.1912 	-0.561424 	0
0.0279965 	-168.705 	43.3922 	-0.56753 	0
0.0285678 	-168.095 	43.5932 	-0.573636 	0
0.0291392 	-167.486 	43.7943 	-0.579742 	0
0.0297106 	-166.88 	43.9735 	-0.585181 	0
0.0302819 	-166.282 	44.1216 	-0.589661 	0
0.0308533 	-165.683 	44.2696 	-0.594142 	0
0.0314246 	-165.085 	44.4176 	-0.598622 	0
0.031996 	-164.487 	44.5599 	-0.602977 	0
0.0325673 	-163.911 	44.6032 	-0.605157 	0
0.0331387 	-163.334 	44.6465 	-0.607336 	0
0.0337101 	-162.758 	44.6898 	-0.609516 	0
0.0342814 	-162.181 	44.7331 	-0.611696 	0
0.0348528 	-161.607 	44.7728 	-0.613781 	0
0.0354241 	-161.069 	44.7574 	-0.614391 	0
0.0359955 	-160.531 	44.742 	-0.615001 	0
0.0365668 	-159.993 	44.7266 	-0.615611 	0
0.0371382 	-159.455 	44.7112 	-0.616221 	0
0.0377095 	-158.917 	44.6958 	-0.616831 	0
0.0382809 	-158.393 	44.6814 	-0.617152 	0
0.0388523 	-157.894 	44.6691 	-0.616897 	0
0.0394236 	-157.395 	44.6568 	-0.616643 	0
0.039995 	-156.896 	44.6445 	-0.616388 	0
0.0405663 	-156.397 	44.6322 	-0.616134 	0
0.0411377 	-155.898 	44.6199 	-0.615879 	0
0.041709 	-155.399 	44.6076 	-0.615625 	0
0.0422804 	-154.933 	44.5964 	-0.614734 	0
0.0428518 	-154.475 	44.5855 	-0.613655 	0
0.0434231 	-154.018 	44.5745 	-0.612576 	0
0.0439945 	-153.561 	44.5636 	-0.611497 	0
0.0445658 	-153.104 	44.5527 	-0.610418 	0
0.0451372 	-152.646 	44.5418 	-0.609339 	0
0.0457085 	-152.189 	44.5309 	-0.60826 	0
0.0462799 	-151.743 	44.5203 	-0.606979 	0
0.0468513 	-151.33 	44.5107 	-0.605081 	0
0.0474226 	-150.917 	44.5012 	-0.603182 	0
0.047994 	-150.505 	44.4916 	-0.601284 	0
0.0485653 	-150.092 	44.4821 	-0.599385 	0
0.0491367 	-149.68 	44.4726 	-0.597487 	0
0.049708 	-149.267 	44.463 	-0.595588 	0
0.0502794 	-148.854 	44.4535 	-0.59369 	0
0.0508508 	-148.442 	44.4439 	-0.591791 	0
0.0514221 	-148.058 	44.4352 	-0.589438 	0
0.0519935 	-147.692 	44.4271 	-0.586803 	0
0.0525648 	-147.327 	44.419 	-0.584169 	0
0.0531362 	-146.961 	44.4108 	-0.581534 	0
0.0537075 	-146.596 	44.4027 	-0.578899 	0
0.0542789 	-146.23 	44.3945 	-0.576265 	0
0.0548503 	-145.864 	44.3864 	-0.57363 	0
0.0554216 	-145.499 	44.3782 	-0.570996 	0
0.055993 	-145.133 	44.3701 	-0.568361 	0
0.0565643 	-144.767 	44.362 	-0.565727 	0
0.0571357 	-144.443 	44.355 	-0.562675 	0
0.057707 	-144.135 	44.3485 	-0.559466 	0
0.0582784 	-143.826 	44.3419 	-0.556257 	0
0.0588497 	-143.518 	44.3354 	-0.553048 	0
0.0594211 	-143.209 	44.3289 	-0.549839 	0
0.0599925 	-142.9 	44.3223 	-0.54663 	0
0.0605638 	-142.592 	44.3158 	-0.543421 	0
0.0611352 	-142.283 	44.3093 	-0.540212 	0
0.0617065 	-141.975 	44.3027 	-0.537003 	0
0.0622779 	-141.666 	44.2962 	-0.533794 	0
0.0628492 	-141.358 	44.2897 	-0.530585 	0
0.0634206 	-141.067 	44.2837 	-0.527182 	0
0.063992 	-140.804 	44.2785 	-0.523471 	0
0.0645633 	-140.541 	44.2734 	-0.519761 	0
0.0651347 	-140.278 	44.2682 	-0.51605 	0
0.065706 	-140.016 	44.2631 	-0.51234 	0
0.0662774 	-139.753 	44.2579 	-0.508629 	0
0.0668487 	-139.49 	44.2527 	-0.504918 	0
0.0674201 	-139.227 	44.2476 	-0.501208 	0
0.0679915 	-138.964 	44.2424 	-0.497497 	0
0.0685628 	-138.702 	44.2373 	-0.493787 	0
0.0691342 	-138.439 	44.2321 	-0.490076 	0
0.0697055 	-138.178 	44.227 	-0.486344 	0
0.0702769 	-137.949 	44.223 	-0.482168 	0
0.0708482 	-137.72 	44.219 	-0.477993 	0
0.0714196 	-137.492 	44.215 	-0.473817 	0
0.071991 	-137.263 	44.211 	-0.469641 	0
0.0725623 	-137.035 	44.207 	-0.465466 	0
0.0731337 	-136.806 	44.203 	-0.46129 	0
0.073705 	-136.578 	44.199 	-0.457115 	0
0.0742764 	-136.349 	44.195 	-0.452939 	0
0.0748477 	-136.121 	44.191 	-0.448763 	0
0.0754191 	-135.897 	44.1872 	-0.444549 	0
0.0759905 	-135.702 	44.1844 	-0.440124 	0
0.0765618 	-135.507 	44.1815 	-0.435699 	0
0.0771332 	-135.312 	44.1787 	-0.431274 	0
0.0777045 	-135.117 	44.1759 	-0.426849 	0
0.0782759 	-134.922 	44.173 	-0.422424 	0
0.0788472 	-134.728 	44.1702 	-0.417999 	0
0.0794186 	-134.533 	44.1673 	-0.413574 	0
0.0799899 	-134.338 	44.1645 	-0.409149 	0
0.0805613 	-134.157 	44.1623 	-0.404632 	0
0.0811327 	-133.99 	44.1605 	-0.400032 	0
0.081704 	-133.823 	44.1588 	-0.395433 	0
0.0822754 	-133.655 	44.1571 	-0.390834 	0
0.0828467 	-133.488 	44.1553 	-0.386234 	0
0.0834181 	-133.321 	44.1536 	-0.381635 	0
0.0839894 	-133.154 	44.1518 	-0.377036 	0
0.0845608 	-132.987 	44.1501 	-0.372436 	0
0.0851322 	-132.842 	44.1495 	-0.367716 	0
0.0857035 	-132.698 	44.1488 	-0.362996 	0
0.0862749 	-132.554 	44.1482 	-0.358277 	0
0.0868462 	-132.41 	44.1476 	-0.353557 	0
0.0874176 	-132.266 	44.1469 	-0.348837 	0
0.0879889 	-132.121 	44.1463 	-0.344117 	0
0.0885603 	-131.986 	44.1462 	-0.339359 	0
0.0891317 	-131.861 	44.1467 	-0.334553 	0
0.089703 	-131.736 	44.1472 	-0.329747 	0
0.0902744 	-131.611 	44.1477 	-0.324941 	0
0.0908457 	-131.487 	44.1483 	-0.320135 	0
0.0914171 	-131.362 	44.1488 	-0.315329 	0
0.0919884 	-131.249 	44.1502 	-0.310479 	0
0.0925598 	-131.141 	44.1521 	-0.305612 	0
0.0931312 	-131.032 	44.1539 	-0.300746 	0
0.0937025 	-130.924 	44.1557 	-0.295879 	0
0.0942739 	-130.816 	44.1575 	-0.291012 	0
0.0948452 	-130.717 	44.1604 	-0.286114 	0
0.0954166 	-130.623 	44.1636 	-0.281204 	0
0.0959879 	-130.529 	44.1669 	-0.276295 	0
0.0965593 	-130.435 	44.1702 	-0.271385 	0
0.0971307 	-130.345 	44.1741 	-0.266465 	0
0.097702 	-130.263 	44.1791 	-0.261525 	0
0.0982734 	-130.18 	44.1841 	-0.256586 	0
0.0988447 	-130.098 	44.1891 	-0.251647 	0
0.0994161 	-130.022 	44.1952 	-0.246697 	0
0.0999874 	-129.95 	44.2021 	-0.241739 	0
0.100559 	-129.878 	44.2091 	-0.236781 	0
0.10113 	-129.808 	44.2167 	-0.23182 	0
0.101702 	-129.745 	44.2259 	-0.226851 	0
0.102273 	-129.683 	44.2352 	-0.221881 	0
0.102844 	-129.622 	44.2453 	-0.21691 	0
0.103416 	-129.567 	44.2572 	-0.211935 	0
0.103987 	-129.512 	44.269 	-0.20696 	0
0.104558 	-129.462 	44.2832 	-0.201985 	0
0.10513 	-129.414 	44.2979 	-0.197009 	0
0.105701 	-129.369 	44.3145 	-0.192035 	0
0.106272 	-129.326 	44.3322 	-0.18706 	0
0.106844 	-129.287 	44.3523 	-0.182093 	0
0.107415 	-129.25 	44.3734 	-0.177128 	0
0.107986 	-129.217 	44.3977 	-0.17216 	0
0.108558 	-129.186 	44.4239 	-0.167202 	0
0.109129 	-129.157 	44.4525 	-0.16226 	0
0.109701 	-129.132 	44.4841 	-0.157313 	0
0.110272 	-129.109 	44.5083 	-0.15237 	0
0.110843 	-129.088 	44.3222 	-0.145297 	0
0.111415 	-129.066 	43.0907 	-0.121855 	0
0.111986 	-129.063 	40.1439 	-0.0804928 	0
0.112557 	-129.071 	36.4539 	-0.0448763 	0
0.113129 	-129.091 	31.5276 	-0.0181428 	0
0.1137 	-129.111 	1.40422e-10 	-4.77468e-15 	0
