0 	37.2099 	0 	0 	0
0.000571357 	36.9283 	10.1385 	-0.126478 	0
0.00114271 	36.3955 	11.3561 	-0.288867 	0
0.00171407 	35.872 	12.0187 	-0.448437 	0
0.00228543 	35.4109 	12.5729 	-0.598261 	0
0.00285678 	34.9848 	13.1837 	-0.737385 	0
0.00342814 	34.5737 	13.8899 	-0.866084 	0
0.0039995 	34.1618 	14.7005 	-0.986979 	0
0.00457085 	33.7519 	15.5994 	-1.1014 	0
0.00514221 	33.3442 	16.5817 	-1.21144 	0
0.00571357 	32.9443 	17.6348 	-1.31682 	0
0.00628492 	32.5436 	18.7584 	-1.41866 	0
0.00685628 	32.1515 	19.9519 	-1.51704 	0
0.00742764 	31.8117 	21.2264 	-1.61031 	0
0.00799899 	31.4876 	22.6364 	-1.69693 	0
0.00857035 	31.1227 	24.1667 	-1.77937 	0
0.00914171 	30.6983 	25.7156 	-1.85153 	0
0.00971307 	30.2448 	27.2483 	-1.91766 	0
0.0102844 	29.7696 	28.7793 	-1.97704 	0
0.0108558 	29.2683 	30.4007 	-2.03203 	0
0.0114271 	28.7338 	32.121 	-2.0842 	0
0.0119985 	28.1702 	33.5869 	-2.12277 	0
0.0125698 	27.6838 	34.3507 	-2.13731 	0
0.0131412 	26.8729 	34.8555 	-2.13885 	0
0.0137126 	26.1742 	35.2311 	-2.14212 	0
0.0142839 	25.495 	35.5909 	-2.14485 	0
0.0148553 	24.825 	35.9352 	-2.14675 	0
0.0154266 	24.159 	36.2661 	-2.14781 	0
0.015998 	23.4964 	36.583 	-2.14819 	0
0.0165693 	22.8352 	36.8895 	-2.14795 	0
0.0171407 	22.1755 	37.1855 	-2.14706 	0
0.0177121 	21.5171 	37.4714 	-2.14554 	0
0.0182834 	20.8604 	37.7488 	-2.14346 	0
0.0188548 	20.2035 	38.0149 	-2.14116 	0
0.0194261 	19.5495 	38.2734 	-2.13812 	0
0.0199975 	18.8982 	38.5284 	-2.13465 	0
0.0205688 	18.2448 	38.7665 	-2.13101 	0
0.0211402 	17.5981 	39.0052 	-2.12657 	0
0.0217116 	16.9483 	39.2253 	-2.12204 	0
0.0222829 	16.3061 	39.4487 	-2.11681 	0
0.0228543 	15.6624 	39.6456 	-2.11099 	0
0.0234256 	15.0184 	39.8406 	-2.10515 	0
0.023997 	14.3885 	40.0251 	-2.0977 	0
0.0245683 	13.7526 	40.1823 	-2.08999 	0
0.0251397 	13.1212 	40.342 	-2.08197 	0
0.0257111 	12.5024 	40.4773 	-2.07216 	0
0.0262824 	11.88 	40.5824 	-2.06175 	0
0.0268538 	11.2577 	40.6875 	-2.05134 	0
0.0274251 	10.6579 	40.79 	-2.03906 	0
0.0279965 	10.0565 	40.8345 	-2.02559 	0
0.0285678 	9.45502 	40.8791 	-2.01212 	0
0.0291392 	8.86144 	40.9272 	-1.99804 	0
0.0297106 	8.28687 	40.9591 	-1.98249 	0
0.0302819 	7.71596 	40.9574 	-1.96664 	0
0.0308533 	7.14504 	40.9557 	-1.95078 	0
0.0314246 	6.57668 	40.9544 	-1.93469 	0
0.031996 	6.03171 	40.9565 	-1.91659 	0
0.0325673 	5.49754 	40.9475 	-1.90082 	0
0.0331387 	4.96338 	40.9384 	-1.88504 	0
0.0337101 	4.42921 	40.9293 	-1.86927 	0
0.0342814 	3.90193 	40.9198 	-1.85281 	0
0.0348528 	3.39486 	40.9103 	-1.83465 	0
0.0354241 	2.89779 	40.9213 	-1.82031 	0
0.0359955 	2.40071 	40.9323 	-1.80596 	0
0.0365668 	1.90364 	40.9433 	-1.79162 	0
0.0371382 	1.40657 	40.9542 	-1.77727 	0
0.0377095 	0.929298 	40.9636 	-1.7612 	0
0.0382809 	0.463424 	40.9738 	-1.74533 	0
0.0388523 	0.00416028 	40.987 	-1.73123 	0
0.0394236 	-0.455104 	41.0002 	-1.71714 	0
0.039995 	-0.914368 	41.0134 	-1.70304 	0
0.0405663 	-1.37363 	41.0266 	-1.68895 	0
0.0411377 	-1.82287 	41.0396 	-1.6741 	0
0.041709 	-2.25334 	41.0522 	-1.65784 	0
0.0422804 	-2.6738 	41.0606 	-1.64331 	0
0.0428518 	-3.09129 	41.0678 	-1.6293 	0
0.0434231 	-3.50879 	41.075 	-1.61529 	0
0.0439945 	-3.92628 	41.0821 	-1.60128 	0
0.0445658 	-4.34378 	41.0893 	-1.58727 	0
0.0451372 	-4.75973 	41.0965 	-1.57316 	0
0.0457085 	-5.14842 	41.103 	-1.55712 	0
0.0462799 	-5.53333 	41.1099 	-1.54171 	0
0.0468513 	-5.90664 	41.1183 	-1.52819 	0
0.0474226 	-6.27995 	41.1266 	-1.51468 	0
0.047994 	-6.65326 	41.1349 	-1.50117 	0
0.0485653 	-7.02657 	41.1432 	-1.48766 	0
0.0491367 	-7.39989 	41.1515 	-1.47414 	0
0.049708 	-7.7732 	41.1598 	-1.46063 	0
0.0502794 	-8.12693 	41.1676 	-1.44584 	0
0.0508508 	-8.4719 	41.1751 	-1.43047 	0
0.0514221 	-8.80623 	41.1825 	-1.41647 	0
0.0519935 	-9.13398 	41.1899 	-1.40332 	0
0.0525648 	-9.46174 	41.1973 	-1.39017 	0
0.0531362 	-9.7895 	41.2047 	-1.37702 	0
0.0537075 	-10.1173 	41.2121 	-1.36387 	0
0.0542789 	-10.445 	41.2195 	-1.35072 	0
0.0548503 	-10.7728 	41.2269 	-1.33757 	0
0.0554216 	-11.0977 	41.2342 	-1.32425 	0
0.055993 	-11.3983 	41.2409 	-1.30944 	0
0.0565643 	-11.6989 	41.2475 	-1.29464 	0
0.0571357 	-11.9797 	41.2541 	-1.28163 	0
0.057707 	-12.2531 	41.2607 	-1.26929 	0
0.0582784 	-12.5265 	41.2673 	-1.25696 	0
0.0588497 	-12.7999 	41.2739 	-1.24462 	0
0.0594211 	-13.0733 	41.2804 	-1.23229 	0
0.0599925 	-13.3467 	41.287 	-1.21996 	0
0.0605638 	-13.6201 	41.2936 	-1.20762 	0
0.0611352 	-13.8935 	41.3002 	-1.19529 	0
0.0617065 	-14.1642 	41.3067 	-1.1828 	0
0.0622779 	-14.4131 	41.3126 	-1.16903 	0
0.0628492 	-14.6619 	41.3185 	-1.15526 	0
0.0634206 	-14.9041 	41.3245 	-1.14221 	0
0.063992 	-15.1356 	41.3305 	-1.13029 	0
0.0645633 	-15.3671 	41.3365 	-1.11838 	0
0.0651347 	-15.5986 	41.3425 	-1.10647 	0
0.065706 	-15.8301 	41.3486 	-1.09455 	0
0.0662774 	-16.0616 	41.3546 	-1.08264 	0
0.0668487 	-16.2931 	41.3606 	-1.07073 	0
0.0674201 	-16.5246 	41.3666 	-1.05881 	0
0.0679915 	-16.7561 	41.3727 	-1.0469 	0
0.0685628 	-16.9705 	41.3782 	-1.03401 	0
0.0691342 	-17.1798 	41.3837 	-1.02082 	0
0.0697055 	-17.3887 	41.3891 	-1.00769 	0
0.0702769 	-17.5903 	41.3949 	-0.995769 	0
0.0708482 	-17.7919 	41.4007 	-0.983849 	0
0.0714196 	-17.9934 	41.4065 	-0.97193 	0
0.071991 	-18.195 	41.4123 	-0.96001 	0
0.0725623 	-18.3966 	41.4181 	-0.948091 	0
0.0731337 	-18.5982 	41.4239 	-0.936172 	0
0.073705 	-18.7998 	41.4297 	-0.924252 	0
0.0742764 	-18.9905 	41.4352 	-0.911705 	0
0.0748477 	-19.1717 	41.4405 	-0.898604 	0
0.0754191 	-19.3515 	41.4458 	-0.885731 	0
0.0759905 	-19.5233 	41.4514 	-0.874096 	0
0.0765618 	-19.6952 	41.457 	-0.862461 	0
0.0771332 	-19.8671 	41.4626 	-0.850826 	0
0.0777045 	-20.039 	41.4682 	-0.839191 	0
0.0782759 	-20.2108 	41.4738 	-0.827556 	0
0.0788472 	-20.3827 	41.4794 	-0.815921 	0
0.0794186 	-20.5437 	41.4847 	-0.803636 	0
0.0799899 	-20.6975 	41.4899 	-0.790917 	0
0.0805613 	-20.8481 	41.4953 	-0.778881 	0
0.0811327 	-20.9959 	41.5009 	-0.767456 	0
0.081704 	-21.1437 	41.5065 	-0.756032 	0
0.0822754 	-21.2915 	41.5121 	-0.744607 	0
0.0828467 	-21.4393 	41.5178 	-0.733182 	0
0.0834181 	-21.5871 	41.5234 	-0.721758 	0
0.0839894 	-21.7219 	41.5287 	-0.709514 	0
0.0845608 	-21.8536 	41.5338 	-0.69708 	0
0.0851322 	-21.9816 	41.5397 	-0.685834 	0
0.0857035 	-22.1095 	41.5456 	-0.674588 	0
0.0862749 	-22.2375 	41.5514 	-0.663342 	0
0.0868462 	-22.3654 	41.5573 	-0.652096 	0
0.0874176 	-22.4931 	41.5631 	-0.640835 	0
0.0879889 	-22.6068 	41.5686 	-0.628631 	0
0.0885603 	-22.7196 	41.5744 	-0.616905 	0
0.0891317 	-22.831 	41.5808 	-0.605791 	0
0.089703 	-22.9424 	41.5871 	-0.594677 	0
0.0902744 	-23.0539 	41.5934 	-0.583563 	0
0.0908457 	-23.1642 	41.5998 	-0.572368 	0
0.0914171 	-23.2629 	41.6057 	-0.560338 	0
0.0919884 	-23.3608 	41.6125 	-0.549043 	0
0.0925598 	-23.4584 	41.6196 	-0.538045 	0
0.0931312 	-23.5559 	41.6267 	-0.527047 	0
0.0937025 	-23.6534 	41.6338 	-0.516049 	0
0.0942739 	-23.7406 	41.6406 	-0.504237 	0
0.0948452 	-23.8265 	41.6483 	-0.493054 	0
0.0954166 	-23.9123 	41.6565 	-0.482144 	0
0.0959879 	-23.998 	41.6647 	-0.471234 	0
0.0965593 	-24.0796 	41.6727 	-0.459971 	0
0.0971307 	-24.1553 	41.6812 	-0.448542 	0
0.097702 	-24.2311 	41.6908 	-0.437712 	0
0.0982734 	-24.3068 	41.7004 	-0.426883 	0
0.0988447 	-24.3782 	41.7099 	-0.41565 	0
0.0994161 	-24.4451 	41.7204 	-0.40449 	0
0.0999874 	-24.5123 	41.7318 	-0.393724 	0
0.100559 	-24.579 	41.7432 	-0.382921 	0
0.10113 	-24.6382 	41.755 	-0.371548 	0
0.101702 	-24.6979 	41.7686 	-0.36084 	0
0.102273 	-24.7573 	41.7822 	-0.350088 	0
0.102844 	-24.81 	41.7966 	-0.338876 	0
0.103416 	-24.8634 	41.8128 	-0.328221 	0
0.103987 	-24.9138 	41.8288 	-0.317208 	0
0.104558 	-24.9615 	41.8474 	-0.306461 	0
0.10513 	-25.0084 	41.8664 	-0.295717 	0
0.105701 	-25.051 	41.8875 	-0.284845 	0
0.106272 	-25.0931 	41.9099 	-0.274131 	0
0.106844 	-25.1316 	41.9343 	-0.263437 	0
0.107415 	-25.1682 	41.9573 	-0.252671 	0
0.107986 	-25.2025 	41.9325 	-0.241997 	0
0.108558 	-25.2313 	41.7088 	-0.227513 	0
0.109129 	-25.2565 	41.1528 	-0.207218 	0
0.109701 	-25.2795 	40.0345 	-0.177783 	0
0.110272 	-25.3033 	38.433 	-0.143769 	0
0.110843 	-25.3264 	36.6001 	-0.111132 	0
0.111415 	-25.3488 	34.6337 	-0.0809204 	0
0.111986 	-25.3731 	32.5152 	-0.0548239 	0
0.112557 	-25.3994 	29.9917 	-0.0322902 	0
0.113129 	-25.4253 	26.1382 	-0.0132214 	0
0.1137 	-25.4413 	1.0989e-10 	-3.26355e-15 	0
