0 	-188.619 	0 	0 	0
0.000571357 	-188.577 	-7.98039 	0.0303165 	0
0.00114271 	-188.551 	-7.54384 	0.047474 	0
0.00171407 	-188.564 	-6.90193 	0.0579177 	0
0.00228543 	-188.612 	-6.17823 	0.061084 	0
0.00285678 	-188.684 	-5.41091 	0.0582787 	0
0.00342814 	-188.775 	-4.6082 	0.0474882 	0
0.0039995 	-188.874 	-3.77765 	0.0295864 	0
0.00457085 	-188.974 	-2.91723 	0.00353532 	0
0.00514221 	-189.065 	-2.01887 	-0.0322025 	0
0.00571357 	-189.137 	-1.0762 	-0.0778816 	0
0.00628492 	-189.175 	-0.0795367 	-0.134051 	0
0.00685628 	-189.168 	0.984828 	-0.201576 	0
0.00742764 	-189.093 	2.13528 	-0.281352 	0
0.00799899 	-188.903 	3.4493 	-0.37718 	0
0.00857035 	-188.606 	5.00119 	-0.490353 	0
0.00914171 	-188.213 	6.902 	-0.624059 	0
0.00971307 	-187.812 	9.03662 	-0.769569 	0
0.0102844 	-187.483 	11.3182 	-0.92422 	0
0.0108558 	-187.178 	13.6333 	-1.08448 	0
0.0114271 	-186.673 	15.9932 	-1.24253 	0
0.0119985 	-185.897 	18.5072 	-1.38922 	0
0.0125698 	-185.159 	20.7375 	-1.49723 	0
0.0131412 	-184.045 	24.1067 	-1.62248 	0
0.0137126 	-182.986 	27.2191 	-1.69944 	0
0.0142839 	-181.864 	30.5849 	-1.75074 	0
0.0148553 	-180.722 	33.8719 	-1.79727 	0
0.0154266 	-179.551 	35.9988 	-1.84603 	0
0.015998 	-178.349 	36.8784 	-1.8679 	0
0.0165693 	-177.147 	37.4651 	-1.87921 	0
0.0171407 	-175.944 	38.0027 	-1.8884 	0
0.0177121 	-174.743 	38.4946 	-1.89529 	0
0.0182834 	-173.543 	38.9442 	-1.90051 	0
0.0188548 	-172.351 	39.354 	-1.90368 	0
0.0194261 	-171.171 	39.7309 	-1.90505 	0
0.0199975 	-169.991 	40.0951 	-1.90653 	0
0.0205688 	-168.833 	40.4201 	-1.9055 	0
0.0211402 	-167.673 	40.7415 	-1.90496 	0
0.0217116 	-166.539 	41.0312 	-1.90245 	0
0.0222829 	-165.399 	41.3219 	-1.90077 	0
0.0228543 	-164.293 	41.5817 	-1.8967 	0
0.0234256 	-163.181 	41.8406 	-1.89362 	0
0.023997 	-162.087 	42.0874 	-1.88965 	0
0.0245683 	-161.016 	42.3175 	-1.88481 	0
0.0251397 	-159.938 	42.5482 	-1.88067 	0
0.0257111 	-158.885 	42.7649 	-1.87544 	0
0.0262824 	-157.852 	42.9691 	-1.86955 	0
0.0268538 	-156.813 	43.1739 	-1.86435 	0
0.0274251 	-155.785 	43.3715 	-1.85872 	0
0.0279965 	-154.8 	43.542 	-1.8515 	0
0.0285678 	-153.807 	43.7135 	-1.84508 	0
0.0291392 	-152.812 	43.8853 	-1.83882 	0
0.0297106 	-151.842 	44.0291 	-1.83096 	0
0.0302819 	-150.907 	44.1326 	-1.82077 	0
0.0308533 	-149.965 	44.2378 	-1.8114 	0
0.0314246 	-149.021 	44.3433 	-1.8022 	0
0.031996 	-148.081 	44.4435 	-1.79274 	0
0.0325673 	-147.218 	44.4512 	-1.77871 	0
0.0331387 	-146.352 	44.4593 	-1.76489 	0
0.0337101 	-145.48 	44.4684 	-1.75182 	0
0.0342814 	-144.607 	44.4776 	-1.73875 	0
0.0348528 	-143.741 	44.4845 	-1.72556 	0
0.0354241 	-142.967 	44.4571 	-1.71059 	0
0.0359955 	-142.194 	44.4297 	-1.69562 	0
0.0365668 	-141.412 	44.4024 	-1.68146 	0
0.0371382 	-140.63 	44.3751 	-1.66734 	0
0.0377095 	-139.848 	44.3478 	-1.65321 	0
0.0382809 	-139.097 	44.3242 	-1.63904 	0
0.0388523 	-138.41 	44.3077 	-1.6248 	0
0.0394236 	-137.722 	44.2913 	-1.61056 	0
0.039995 	-137.027 	44.2747 	-1.59699 	0
0.0405663 	-136.332 	44.2581 	-1.58347 	0
0.0411377 	-135.636 	44.2415 	-1.56995 	0
0.041709 	-134.941 	44.2249 	-1.55643 	0
0.0422804 	-134.317 	44.2097 	-1.54271 	0
0.0428518 	-133.714 	44.1949 	-1.52894 	0
0.0434231 	-133.111 	44.18 	-1.51518 	0
0.0439945 	-132.501 	44.1651 	-1.50203 	0
0.0445658 	-131.891 	44.1501 	-1.48888 	0
0.0451372 	-131.281 	44.1352 	-1.47573 	0
0.0457085 	-130.671 	44.1202 	-1.46258 	0
0.0462799 	-130.084 	44.1059 	-1.44939 	0
0.0468513 	-129.564 	44.0933 	-1.43608 	0
0.0474226 	-129.044 	44.0807 	-1.42277 	0
0.047994 	-128.523 	44.0681 	-1.40951 	0
0.0485653 	-127.997 	44.0554 	-1.39674 	0
0.0491367 	-127.47 	44.0427 	-1.38396 	0
0.049708 	-126.944 	44.03 	-1.37119 	0
0.0502794 	-126.417 	44.0173 	-1.35842 	0
0.0508508 	-125.891 	44.0046 	-1.34564 	0
0.0514221 	-125.418 	43.9933 	-1.33285 	0
0.0519935 	-124.977 	43.9829 	-1.32005 	0
0.0525648 	-124.537 	43.9724 	-1.30725 	0
0.0531362 	-124.097 	43.962 	-1.29445 	0
0.0537075 	-123.65 	43.9515 	-1.2821 	0
0.0542789 	-123.204 	43.9409 	-1.26976 	0
0.0548503 	-122.758 	43.9304 	-1.25741 	0
0.0554216 	-122.312 	43.9198 	-1.24507 	0
0.055993 	-121.865 	43.9093 	-1.23272 	0
0.0565643 	-121.419 	43.8987 	-1.22038 	0
0.0571357 	-121.038 	43.8899 	-1.20828 	0
0.057707 	-120.682 	43.8818 	-1.19626 	0
0.0582784 	-120.326 	43.8736 	-1.18425 	0
0.0588497 	-119.97 	43.8655 	-1.17224 	0
0.0594211 	-119.611 	43.8572 	-1.16045 	0
0.0599925 	-119.249 	43.849 	-1.14882 	0
0.0605638 	-118.888 	43.8407 	-1.13718 	0
0.0611352 	-118.527 	43.8325 	-1.12555 	0
0.0617065 	-118.166 	43.8242 	-1.11391 	0
0.0622779 	-117.804 	43.816 	-1.10228 	0
0.0628492 	-117.443 	43.8077 	-1.09064 	0
0.0634206 	-117.108 	43.8002 	-1.07903 	0
0.063992 	-116.816 	43.7939 	-1.06746 	0
0.0645633 	-116.523 	43.7876 	-1.05589 	0
0.0651347 	-116.23 	43.7812 	-1.04431 	0
0.065706 	-115.937 	43.7749 	-1.03282 	0
0.0662774 	-115.64 	43.7685 	-1.02157 	0
0.0668487 	-115.343 	43.7621 	-1.01032 	0
0.0674201 	-115.045 	43.7557 	-0.999067 	0
0.0679915 	-114.748 	43.7493 	-0.987815 	0
0.0685628 	-114.451 	43.7428 	-0.976564 	0
0.0691342 	-114.154 	43.7364 	-0.965312 	0
0.0697055 	-113.86 	43.7301 	-0.954049 	0
0.0702769 	-113.612 	43.7252 	-0.942535 	0
0.0708482 	-113.364 	43.7204 	-0.931021 	0
0.0714196 	-113.117 	43.7155 	-0.919508 	0
0.071991 	-112.867 	43.7106 	-0.908119 	0
0.0725623 	-112.616 	43.7057 	-0.896893 	0
0.0731337 	-112.364 	43.7007 	-0.885666 	0
0.073705 	-112.113 	43.6958 	-0.874439 	0
0.0742764 	-111.861 	43.6908 	-0.863213 	0
0.0748477 	-111.61 	43.6859 	-0.851986 	0
0.0754191 	-111.365 	43.6812 	-0.840758 	0
0.0759905 	-111.158 	43.6777 	-0.829525 	0
0.0765618 	-110.95 	43.6742 	-0.818292 	0
0.0771332 	-110.743 	43.6708 	-0.80706 	0
0.0777045 	-110.532 	43.6672 	-0.796084 	0
0.0782759 	-110.321 	43.6637 	-0.785107 	0
0.0788472 	-110.111 	43.6601 	-0.774131 	0
0.0794186 	-109.9 	43.6566 	-0.763155 	0
0.0799899 	-109.69 	43.653 	-0.752179 	0
0.0805613 	-109.497 	43.6502 	-0.741174 	0
0.0811327 	-109.322 	43.648 	-0.730143 	0
0.081704 	-109.146 	43.6457 	-0.719112 	0
0.0822754 	-108.968 	43.6435 	-0.708266 	0
0.0828467 	-108.79 	43.6412 	-0.697471 	0
0.0834181 	-108.611 	43.6389 	-0.686676 	0
0.0839894 	-108.433 	43.6366 	-0.675882 	0
0.0845608 	-108.255 	43.6343 	-0.665087 	0
0.0851322 	-108.104 	43.6333 	-0.654219 	0
0.0857035 	-107.954 	43.6323 	-0.64335 	0
0.0862749 	-107.802 	43.6313 	-0.632616 	0
0.0868462 	-107.65 	43.6303 	-0.621968 	0
0.0874176 	-107.497 	43.6292 	-0.611321 	0
0.0879889 	-107.344 	43.6281 	-0.600673 	0
0.0885603 	-107.202 	43.6277 	-0.589982 	0
0.0891317 	-107.073 	43.6279 	-0.579234 	0
0.089703 	-106.942 	43.6282 	-0.568559 	0
0.0902744 	-106.811 	43.6284 	-0.558021 	0
0.0908457 	-106.679 	43.6286 	-0.547482 	0
0.0914171 	-106.548 	43.6288 	-0.536943 	0
0.0919884 	-106.43 	43.63 	-0.526326 	0
0.0925598 	-106.317 	43.6316 	-0.515677 	0
0.0931312 	-106.204 	43.6332 	-0.505206 	0
0.0937025 	-106.089 	43.6348 	-0.494757 	0
0.0942739 	-105.975 	43.6364 	-0.484309 	0
0.0948452 	-105.873 	43.6391 	-0.473771 	0
0.0954166 	-105.775 	43.6423 	-0.463224 	0
0.0959879 	-105.675 	43.6454 	-0.452846 	0
0.0965593 	-105.576 	43.6486 	-0.442468 	0
0.0971307 	-105.481 	43.6524 	-0.432042 	0
0.097702 	-105.395 	43.6573 	-0.421532 	0
0.0982734 	-105.308 	43.6623 	-0.411207 	0
0.0988447 	-105.221 	43.6672 	-0.400887 	0
0.0994161 	-105.141 	43.6733 	-0.39049 	0
0.0999874 	-105.065 	43.6803 	-0.380102 	0
0.100559 	-104.988 	43.6873 	-0.369833 	0
0.10113 	-104.914 	43.6949 	-0.359528 	0
0.101702 	-104.848 	43.7043 	-0.34915 	0
0.102273 	-104.78 	43.7137 	-0.338918 	0
0.102844 	-104.716 	43.724 	-0.328637 	0
0.103416 	-104.657 	43.7361 	-0.318348 	0
0.103987 	-104.597 	43.7481 	-0.308159 	0
0.104558 	-104.544 	43.7627 	-0.297854 	0
0.10513 	-104.491 	43.7776 	-0.287694 	0
0.105701 	-104.442 	43.7946 	-0.277437 	0
0.106272 	-104.395 	43.8128 	-0.267292 	0
0.106844 	-104.352 	43.8333 	-0.257092 	0
0.107415 	-104.311 	43.8548 	-0.247004 	0
0.107986 	-104.273 	43.8797 	-0.236795 	0
0.108558 	-104.238 	43.9067 	-0.226676 	0
0.109129 	-104.205 	43.9347 	-0.216643 	0
0.109701 	-104.175 	43.9347 	-0.20634 	0
0.110272 	-104.145 	43.6801 	-0.19273 	0
0.110843 	-104.118 	42.5437 	-0.164664 	0
0.111415 	-104.102 	40.3638 	-0.123227 	0
0.111986 	-104.097 	37.5753 	-0.0834568 	0
0.112557 	-104.105 	34.383 	-0.0496499 	0
0.113129 	-104.127 	29.8735 	-0.0212216 	0
0.1137 	-104.151 	1.29717e-10 	-5.44655e-15 	0
