0 	50.2703 	0 	0 	0
0.000571357 	50.2468 	18.1431 	-0.0108493 	0
0.00114271 	50.2013 	19.7279 	-0.0311893 	0
0.00171407 	50.1595 	20.5625 	-0.0560934 	0
0.00228543 	50.1206 	21.1877 	-0.0868054 	0
0.00285678 	50.0823 	21.7124 	-0.123764 	0
0.00342814 	50.0436 	22.1803 	-0.166888 	0
0.0039995 	50.0043 	22.6279 	-0.215147 	0
0.00457085 	49.9624 	23.0907 	-0.266751 	0
0.00514221 	49.9107 	23.6058 	-0.319527 	0
0.00571357 	49.839 	24.2027 	-0.370905 	0
0.00628492 	49.7371 	24.8967 	-0.419123 	0
0.00685628 	49.5982 	25.6867 	-0.463314 	0
0.00742764 	49.4288 	26.5594 	-0.503154 	0
0.00799899 	49.2405 	27.5349 	-0.538131 	0
0.00857035 	49.0161 	28.6152 	-0.569311 	0
0.00914171 	48.7466 	29.7294 	-0.595761 	0
0.00971307 	48.4583 	30.7953 	-0.617678 	0
0.0102844 	48.1574 	31.7879 	-0.633228 	0
0.0108558 	47.8404 	32.6598 	-0.640887 	0
0.0114271 	47.496 	33.3294 	-0.642552 	0
0.0119985 	47.1157 	33.7551 	-0.63952 	0
0.0125698 	46.838 	33.9544 	-0.634792 	0
0.0131412 	47.5891 	34.3657 	-0.626758 	0
0.0137126 	47.3927 	35.0857 	-0.618461 	0
0.0142839 	46.9966 	35.8538 	-0.610503 	0
0.0148553 	46.5494 	36.2808 	-0.613234 	0
0.0154266 	46.0917 	36.5768 	-0.619971 	0
0.015998 	45.6294 	36.8582 	-0.626705 	0
0.0165693 	45.1629 	37.1297 	-0.633121 	0
0.0171407 	44.6926 	37.3922 	-0.639267 	0
0.0177121 	44.2192 	37.6465 	-0.645149 	0
0.0182834 	43.7431 	37.8933 	-0.650786 	0
0.0188548 	43.2655 	38.1308 	-0.656139 	0
0.0194261 	42.7843 	38.3583 	-0.661156 	0
0.0199975 	42.3019 	38.5812 	-0.666022 	0
0.0205688 	41.8187 	38.7874 	-0.670416 	0
0.0211402 	41.3333 	38.9905 	-0.674692 	0
0.0217116 	40.8483 	39.1729 	-0.678422 	0
0.0222829 	40.3633 	39.3552 	-0.682152 	0
0.0228543 	39.876 	39.5063 	-0.685007 	0
0.0234256 	39.3907 	39.6551 	-0.687839 	0
0.023997 	38.9042 	39.7857 	-0.690164 	0
0.0245683 	38.4216 	39.8901 	-0.691877 	0
0.0251397 	37.939 	39.9945 	-0.693591 	0
0.0257111 	37.4576 	40.0722 	-0.694541 	0
0.0262824 	36.982 	40.1251 	-0.69491 	0
0.0268538 	36.5065 	40.178 	-0.695279 	0
0.0274251 	36.0309 	40.2216 	-0.695309 	0
0.0279965 	35.5682 	40.2286 	-0.694441 	0
0.0285678 	35.1056 	40.2356 	-0.693573 	0
0.0291392 	34.6429 	40.2427 	-0.692705 	0
0.0297106 	34.1848 	40.2413 	-0.691392 	0
0.0302819 	33.7408 	40.2273 	-0.689693 	0
0.0308533 	33.2967 	40.2133 	-0.687993 	0
0.0314246 	32.8526 	40.1992 	-0.686294 	0
0.031996 	32.4065 	40.1859 	-0.684464 	0
0.0325673 	31.9837 	40.1825 	-0.682705 	0
0.0331387 	31.5608 	40.1791 	-0.680945 	0
0.0337101 	31.138 	40.1757 	-0.679186 	0
0.0342814 	30.7151 	40.1723 	-0.677426 	0
0.0348528 	30.2902 	40.1699 	-0.675533 	0
0.0354241 	29.8874 	40.1843 	-0.673833 	0
0.0359955 	29.4846 	40.1987 	-0.672132 	0
0.0365668 	29.0819 	40.2131 	-0.670432 	0
0.0371382 	28.6791 	40.2275 	-0.668732 	0
0.0377095 	28.2763 	40.2419 	-0.667031 	0
0.0382809 	27.8774 	40.2551 	-0.664968 	0
0.0388523 	27.4965 	40.2659 	-0.662607 	0
0.0394236 	27.1155 	40.2766 	-0.660245 	0
0.039995 	26.7346 	40.2873 	-0.657884 	0
0.0405663 	26.3536 	40.2981 	-0.655523 	0
0.0411377 	25.9727 	40.3088 	-0.653161 	0
0.041709 	25.5917 	40.3196 	-0.6508 	0
0.0422804 	25.2275 	40.3267 	-0.647926 	0
0.0428518 	24.8729 	40.3326 	-0.645102 	0
0.0434231 	24.5182 	40.3385 	-0.642278 	0
0.0439945 	24.1635 	40.3444 	-0.639454 	0
0.0445658 	23.8089 	40.3503 	-0.63663 	0
0.0451372 	23.4542 	40.3562 	-0.633806 	0
0.0457085 	23.0995 	40.3621 	-0.630982 	0
0.0462799 	22.7483 	40.3686 	-0.627907 	0
0.0468513 	22.4218 	40.3766 	-0.624763 	0
0.0474226 	22.0953 	40.3846 	-0.621619 	0
0.047994 	21.7688 	40.3926 	-0.618475 	0
0.0485653 	21.4424 	40.4006 	-0.615331 	0
0.0491367 	21.1159 	40.4085 	-0.612188 	0
0.049708 	20.7894 	40.4165 	-0.609044 	0
0.0502794 	20.463 	40.4245 	-0.6059 	0
0.0508508 	20.1365 	40.4325 	-0.602756 	0
0.0514221 	19.8257 	40.44 	-0.599138 	0
0.0519935 	19.5302 	40.447 	-0.595524 	0
0.0525648 	19.2347 	40.4541 	-0.591911 	0
0.0531362 	18.9391 	40.4612 	-0.588298 	0
0.0537075 	18.6436 	40.4683 	-0.584685 	0
0.0542789 	18.3481 	40.4753 	-0.581072 	0
0.0548503 	18.0526 	40.4824 	-0.577458 	0
0.0554216 	17.7571 	40.4895 	-0.573845 	0
0.055993 	17.4616 	40.4965 	-0.570232 	0
0.0565643 	17.1661 	40.5036 	-0.566619 	0
0.0571357 	16.8971 	40.5104 	-0.562648 	0
0.057707 	16.6427 	40.5169 	-0.558815 	0
0.0582784 	16.3883 	40.5234 	-0.554983 	0
0.0588497 	16.1338 	40.5299 	-0.55115 	0
0.0594211 	15.8794 	40.5365 	-0.547318 	0
0.0599925 	15.625 	40.543 	-0.543485 	0
0.0605638 	15.3706 	40.5495 	-0.539653 	0
0.0611352 	15.1162 	40.5561 	-0.53582 	0
0.0617065 	14.8618 	40.5626 	-0.531988 	0
0.0622779 	14.6074 	40.5691 	-0.528155 	0
0.0628492 	14.3529 	40.5756 	-0.524323 	0
0.0634206 	14.108 	40.5821 	-0.520164 	0
0.063992 	13.8858 	40.5882 	-0.516021 	0
0.0645633 	13.6636 	40.5944 	-0.511878 	0
0.0651347 	13.4414 	40.6005 	-0.507736 	0
0.065706 	13.2192 	40.6067 	-0.503593 	0
0.0662774 	12.9971 	40.6128 	-0.49945 	0
0.0668487 	12.7749 	40.619 	-0.495308 	0
0.0674201 	12.5527 	40.6251 	-0.491165 	0
0.0679915 	12.3305 	40.6313 	-0.487022 	0
0.0685628 	12.1083 	40.6374 	-0.48288 	0
0.0691342 	11.8862 	40.6436 	-0.478737 	0
0.0697055 	11.6627 	40.6497 	-0.474385 	0
0.0702769 	11.4642 	40.6558 	-0.469884 	0
0.0708482 	11.2656 	40.6618 	-0.465383 	0
0.0714196 	11.0671 	40.6679 	-0.460882 	0
0.071991 	10.8686 	40.6739 	-0.456382 	0
0.0725623 	10.6701 	40.68 	-0.451881 	0
0.0731337 	10.4715 	40.686 	-0.44738 	0
0.073705 	10.273 	40.6921 	-0.44288 	0
0.0742764 	10.0745 	40.6981 	-0.438379 	0
0.0748477 	9.87597 	40.7041 	-0.433878 	0
0.0754191 	9.67969 	40.7102 	-0.429188 	0
0.0759905 	9.50679 	40.7161 	-0.424523 	0
0.0765618 	9.33388 	40.7221 	-0.419858 	0
0.0771332 	9.16098 	40.728 	-0.415194 	0
0.0777045 	8.98808 	40.7339 	-0.410529 	0
0.0782759 	8.81518 	40.7399 	-0.405864 	0
0.0788472 	8.64228 	40.7458 	-0.401199 	0
0.0794186 	8.46938 	40.7517 	-0.396535 	0
0.0799899 	8.29648 	40.7577 	-0.39187 	0
0.0805613 	8.13377 	40.7636 	-0.387002 	0
0.0811327 	7.98253 	40.7696 	-0.382211 	0
0.081704 	7.83129 	40.7756 	-0.37742 	0
0.0822754 	7.68004 	40.7816 	-0.372629 	0
0.0828467 	7.5288 	40.7876 	-0.367838 	0
0.0834181 	7.37755 	40.7936 	-0.363047 	0
0.0839894 	7.22631 	40.7996 	-0.358256 	0
0.0845608 	7.07422 	40.8056 	-0.35335 	0
0.0851322 	6.9414 	40.8119 	-0.348479 	0
0.0857035 	6.80858 	40.8182 	-0.343609 	0
0.0862749 	6.67575 	40.8245 	-0.338739 	0
0.0868462 	6.54293 	40.8307 	-0.333868 	0
0.0874176 	6.41011 	40.837 	-0.328998 	0
0.0879889 	6.27729 	40.8433 	-0.324128 	0
0.0885603 	6.15071 	40.8498 	-0.319131 	0
0.0891317 	6.03361 	40.8565 	-0.314194 	0
0.089703 	5.91652 	40.8633 	-0.309258 	0
0.0902744 	5.79942 	40.8701 	-0.304321 	0
0.0908457 	5.68233 	40.8769 	-0.299384 	0
0.0914171 	5.56523 	40.8837 	-0.294448 	0
0.0919884 	5.45729 	40.891 	-0.289401 	0
0.0925598 	5.35369 	40.8986 	-0.284427 	0
0.0931312 	5.2501 	40.9062 	-0.279452 	0
0.0937025 	5.1465 	40.9137 	-0.274478 	0
0.0942739 	5.0429 	40.9213 	-0.269503 	0
0.0948452 	4.9473 	40.9297 	-0.264434 	0
0.0954166 	4.85531 	40.9384 	-0.259427 	0
0.0959879 	4.76331 	40.9471 	-0.25442 	0
0.0965593 	4.67132 	40.9558 	-0.249413 	0
0.0971307 	4.5827 	40.9651 	-0.244339 	0
0.097702 	4.50072 	40.9753 	-0.239317 	0
0.0982734 	4.41874 	40.9855 	-0.234294 	0
0.0988447 	4.33676 	40.9957 	-0.229272 	0
0.0994161 	4.25946 	41.007 	-0.224189 	0
0.0999874 	4.18613 	41.0191 	-0.219154 	0
0.100559 	4.11279 	41.0312 	-0.214119 	0
0.10113 	4.04118 	41.0438 	-0.209038 	0
0.101702 	3.97534 	41.0582 	-0.203998 	0
0.102273 	3.90949 	41.0726 	-0.198959 	0
0.102844 	3.84585 	41.0879 	-0.193882 	0
0.103416 	3.78647 	41.1049 	-0.188847 	0
0.103987 	3.72709 	41.122 	-0.183812 	0
0.104558 	3.67233 	41.1417 	-0.178751 	0
0.10513 	3.61856 	41.162 	-0.173725 	0
0.105701 	3.56794 	41.1837 	-0.168695 	0
0.106272 	3.5192 	41.2064 	-0.16371 	0
0.106844 	3.47393 	41.1898 	-0.158511 	0
0.107415 	3.4303 	41.1421 	-0.152997 	0
0.107986 	3.39222 	40.769 	-0.142497 	0
0.108558 	3.35607 	40.0585 	-0.126621 	0
0.109129 	3.32203 	38.9881 	-0.106044 	0
0.109701 	3.29019 	37.6156 	-0.0837814 	0
0.110272 	3.26131 	36.0895 	-0.0633762 	0
0.110843 	3.23439 	34.4797 	-0.045352 	0
0.111415 	3.20977 	32.8111 	-0.030308 	0
0.111986 	3.18838 	30.9918 	-0.0186297 	0
0.112557 	3.17133 	28.7441 	-0.00971171 	0
0.113129 	3.15997 	25.1976 	-0.00350325 	0
0.1137 	3.15595 	1.0616e-10 	-1.09408e-15 	0
