0 	-159.422 	0 	0 	0
0.000571357 	-159.564 	-7.63427 	-0.0363194 	0
0.00114271 	-159.826 	-7.05218 	-0.0889654 	0
0.00171407 	-160.092 	-6.29256 	-0.145919 	0
0.00228543 	-160.349 	-5.45217 	-0.207525 	0
0.00285678 	-160.589 	-4.56187 	-0.272496 	0
0.00342814 	-160.814 	-3.62783 	-0.34247 	0
0.0039995 	-161.016 	-2.65465 	-0.416566 	0
0.00457085 	-161.192 	-1.63882 	-0.495556 	0
0.00514221 	-161.337 	-0.571762 	-0.580483 	0
0.00571357 	-161.444 	0.553978 	-0.671342 	0
0.00628492 	-161.506 	1.74735 	-0.768208 	0
0.00685628 	-161.505 	3.02262 	-0.871447 	0
0.00742764 	-161.396 	4.4252 	-0.982463 	0
0.00799899 	-161.185 	6.05904 	-1.10483 	0
0.00857035 	-160.91 	7.90099 	-1.23422 	0
0.00914171 	-160.588 	9.95795 	-1.36684 	0
0.00971307 	-160.249 	12.1509 	-1.49881 	0
0.0102844 	-159.939 	14.4348 	-1.62782 	0
0.0108558 	-159.68 	16.7417 	-1.75478 	0
0.0114271 	-159.423 	19.0309 	-1.88038 	0
0.0119985 	-159.061 	21.3412 	-2.00213 	0
0.0125698 	-158.657 	23.3546 	-2.10061 	0
0.0131412 	-158.006 	26.3727 	-2.238 	0
0.0137126 	-157.359 	29.0385 	-2.3454 	0
0.0142839 	-156.574 	32.0425 	-2.43864 	0
0.0148553 	-155.691 	35.071 	-2.51203 	0
0.0154266 	-154.768 	36.5301 	-2.53981 	0
0.015998 	-153.863 	37.0428 	-2.53948 	0
0.0165693 	-152.947 	37.5722 	-2.54116 	0
0.0171407 	-152.028 	38.0623 	-2.54043 	0
0.0177121 	-151.109 	38.5028 	-2.5367 	0
0.0182834 	-150.176 	38.9123 	-2.53162 	0
0.0188548 	-149.254 	39.2924 	-2.52479 	0
0.0194261 	-148.35 	39.6444 	-2.51644 	0
0.0199975 	-147.416 	39.9858 	-2.50809 	0
0.0205688 	-146.523 	40.2941 	-2.49772 	0
0.0211402 	-145.603 	40.5994 	-2.48774 	0
0.0217116 	-144.724 	40.8769 	-2.47623 	0
0.0222829 	-143.809 	41.1555 	-2.46537 	0
0.0228543 	-142.954 	41.4069 	-2.4528 	0
0.0234256 	-142.058 	41.6573 	-2.44094 	0
0.023997 	-141.188 	41.8968 	-2.42855 	0
0.0245683 	-140.345 	42.1213 	-2.41557 	0
0.0251397 	-139.469 	42.3461 	-2.40321 	0
0.0257111 	-138.629 	42.5571 	-2.39009 	0
0.0262824 	-137.812 	42.7557 	-2.37648 	0
0.0268538 	-136.963 	42.9548 	-2.36351 	0
0.0274251 	-136.128 	43.1455 	-2.35015 	0
0.0279965 	-135.35 	43.3046 	-2.33534 	0
0.0285678 	-134.544 	43.4649 	-2.32117 	0
0.0291392 	-133.727 	43.6256 	-2.30723 	0
0.0297106 	-132.941 	43.7556 	-2.29156 	0
0.0302819 	-132.2 	43.8415 	-2.27339 	0
0.0308533 	-131.432 	43.929 	-2.2559 	0
0.0314246 	-130.655 	44.0173 	-2.23869 	0
0.031996 	-129.883 	44.1006 	-2.22122 	0
0.0325673 	-129.198 	44.0983 	-2.19941 	0
0.0331387 	-128.509 	44.0961 	-2.1777 	0
0.0337101 	-127.791 	44.095 	-2.15682 	0
0.0342814 	-127.073 	44.0939 	-2.13593 	0
0.0348528 	-126.361 	44.0913 	-2.115 	0
0.0354241 	-125.746 	44.0656 	-2.09332 	0
0.0359955 	-125.131 	44.0398 	-2.07163 	0
0.0365668 	-124.492 	44.0137 	-2.0506 	0
0.0371382 	-123.847 	43.9875 	-2.0297 	0
0.0377095 	-123.203 	43.9613 	-2.0088 	0
0.0382809 	-122.591 	43.9396 	-1.98821 	0
0.0388523 	-122.043 	43.9268 	-1.96822 	0
0.0394236 	-121.494 	43.9139 	-1.94824 	0
0.039995 	-120.925 	43.9006 	-1.92878 	0
0.0405663 	-120.352 	43.8871 	-1.90947 	0
0.0411377 	-119.778 	43.8737 	-1.89017 	0
0.041709 	-119.204 	43.8602 	-1.87086 	0
0.0422804 	-118.701 	43.8476 	-1.85193 	0
0.0428518 	-118.219 	43.8352 	-1.83313 	0
0.0434231 	-117.737 	43.8229 	-1.81432 	0
0.0439945 	-117.237 	43.8102 	-1.79602 	0
0.0445658 	-116.734 	43.7974 	-1.77781 	0
0.0451372 	-116.23 	43.7846 	-1.75961 	0
0.0457085 	-115.727 	43.7718 	-1.7414 	0
0.0462799 	-115.245 	43.7596 	-1.72333 	0
0.0468513 	-114.829 	43.7492 	-1.70569 	0
0.0474226 	-114.413 	43.7388 	-1.68805 	0
0.047994 	-113.996 	43.7284 	-1.67041 	0
0.0485653 	-113.564 	43.7177 	-1.65324 	0
0.0491367 	-113.129 	43.7069 	-1.63612 	0
0.049708 	-112.695 	43.6961 	-1.61899 	0
0.0502794 	-112.261 	43.6853 	-1.60187 	0
0.0508508 	-111.826 	43.6745 	-1.58475 	0
0.0514221 	-111.442 	43.6651 	-1.56803 	0
0.0519935 	-111.09 	43.6565 	-1.55155 	0
0.0525648 	-110.737 	43.6479 	-1.53506 	0
0.0531362 	-110.385 	43.6393 	-1.51858 	0
0.0537075 	-110.02 	43.6305 	-1.50244 	0
0.0542789 	-109.652 	43.6215 	-1.48641 	0
0.0548503 	-109.285 	43.6126 	-1.47037 	0
0.0554216 	-108.917 	43.6037 	-1.45433 	0
0.055993 	-108.549 	43.5948 	-1.43829 	0
0.0565643 	-108.181 	43.5859 	-1.42225 	0
0.0571357 	-107.874 	43.5786 	-1.40694 	0
0.057707 	-107.588 	43.572 	-1.3919 	0
0.0582784 	-107.303 	43.5653 	-1.37686 	0
0.0588497 	-107.018 	43.5587 	-1.36181 	0
0.0594211 	-106.729 	43.5519 	-1.34689 	0
0.0599925 	-106.432 	43.545 	-1.33221 	0
0.0605638 	-106.135 	43.5381 	-1.31754 	0
0.0611352 	-105.837 	43.5312 	-1.30287 	0
0.0617065 	-105.54 	43.5243 	-1.28819 	0
0.0622779 	-105.243 	43.5174 	-1.27352 	0
0.0628492 	-104.946 	43.5104 	-1.25884 	0
0.0634206 	-104.673 	43.5042 	-1.24437 	0
0.063992 	-104.439 	43.4992 	-1.23022 	0
0.0645633 	-104.204 	43.4941 	-1.21607 	0
0.0651347 	-103.97 	43.489 	-1.20193 	0
0.065706 	-103.736 	43.4839 	-1.18778 	0
0.0662774 	-103.492 	43.4787 	-1.17394 	0
0.0668487 	-103.248 	43.4734 	-1.1601 	0
0.0674201 	-103.004 	43.4681 	-1.14627 	0
0.0679915 	-102.76 	43.4628 	-1.13243 	0
0.0685628 	-102.516 	43.4575 	-1.11859 	0
0.0691342 	-102.272 	43.4522 	-1.10476 	0
0.0697055 	-102.03 	43.447 	-1.09092 	0
0.0702769 	-101.832 	43.4432 	-1.07711 	0
0.0708482 	-101.634 	43.4394 	-1.0633 	0
0.0714196 	-101.436 	43.4356 	-1.04948 	0
0.071991 	-101.236 	43.4318 	-1.03572 	0
0.0725623 	-101.03 	43.4278 	-1.02219 	0
0.0731337 	-100.824 	43.4238 	-1.00865 	0
0.073705 	-100.617 	43.4198 	-0.995117 	0
0.0742764 	-100.411 	43.4159 	-0.981582 	0
0.0748477 	-100.205 	43.4119 	-0.968046 	0
0.0754191 	-100.005 	43.4081 	-0.954549 	0
0.0759905 	-99.8387 	43.4056 	-0.941259 	0
0.0765618 	-99.6729 	43.403 	-0.927968 	0
0.0771332 	-99.5071 	43.4004 	-0.914678 	0
0.0777045 	-99.3357 	43.3977 	-0.901588 	0
0.0782759 	-99.1631 	43.395 	-0.888547 	0
0.0788472 	-98.9905 	43.3923 	-0.875507 	0
0.0794186 	-98.8178 	43.3895 	-0.862466 	0
0.0799899 	-98.6452 	43.3868 	-0.849425 	0
0.0805613 	-98.4895 	43.3848 	-0.83645 	0
0.0811327 	-98.3491 	43.3833 	-0.823536 	0
0.081704 	-98.2086 	43.3819 	-0.810621 	0
0.0822754 	-98.0647 	43.3804 	-0.797844 	0
0.0828467 	-97.9185 	43.3788 	-0.785157 	0
0.0834181 	-97.7724 	43.3772 	-0.772471 	0
0.0839894 	-97.6262 	43.3757 	-0.759784 	0
0.0845608 	-97.4801 	43.3741 	-0.747098 	0
0.0851322 	-97.3598 	43.3738 	-0.734474 	0
0.0857035 	-97.2396 	43.3734 	-0.721849 	0
0.0862749 	-97.1172 	43.3731 	-0.709321 	0
0.0868462 	-96.9921 	43.3726 	-0.696909 	0
0.0874176 	-96.8669 	43.3722 	-0.684497 	0
0.0879889 	-96.7418 	43.3718 	-0.672085 	0
0.0885603 	-96.6261 	43.3719 	-0.659674 	0
0.0891317 	-96.5224 	43.3728 	-0.647263 	0
0.089703 	-96.4178 	43.3736 	-0.634896 	0
0.0902744 	-96.3099 	43.3744 	-0.622687 	0
0.0908457 	-96.202 	43.3751 	-0.610477 	0
0.0914171 	-96.0941 	43.3759 	-0.598268 	0
0.0919884 	-95.9989 	43.3776 	-0.586036 	0
0.0925598 	-95.9088 	43.3798 	-0.573795 	0
0.0931312 	-95.8159 	43.3819 	-0.561703 	0
0.0937025 	-95.7222 	43.384 	-0.549654 	0
0.0942739 	-95.6285 	43.3861 	-0.537605 	0
0.0948452 	-95.5456 	43.3893 	-0.525512 	0
0.0954166 	-95.4668 	43.393 	-0.513407 	0
0.0959879 	-95.385 	43.3966 	-0.501482 	0
0.0965593 	-95.3032 	43.4002 	-0.489558 	0
0.0971307 	-95.226 	43.4044 	-0.477603 	0
0.097702 	-95.157 	43.4099 	-0.465597 	0
0.0982734 	-95.0855 	43.4152 	-0.453752 	0
0.0988447 	-95.0138 	43.4206 	-0.441926 	0
0.0994161 	-94.9482 	43.4271 	-0.430047 	0
0.0999874 	-94.8867 	43.4346 	-0.418177 	0
0.100559 	-94.8236 	43.442 	-0.406434 	0
0.10113 	-94.7628 	43.45 	-0.394664 	0
0.101702 	-94.7088 	43.4598 	-0.382837 	0
0.102273 	-94.653 	43.4696 	-0.371161 	0
0.102844 	-94.6001 	43.4804 	-0.359443 	0
0.103416 	-94.5518 	43.4928 	-0.347717 	0
0.103987 	-94.5023 	43.5053 	-0.336096 	0
0.104558 	-94.4588 	43.5202 	-0.324384 	0
0.10513 	-94.4149 	43.5356 	-0.312819 	0
0.105701 	-94.3748 	43.553 	-0.301166 	0
0.106272 	-94.3356 	43.5715 	-0.289611 	0
0.106844 	-94.3 	43.5925 	-0.278011 	0
0.107415 	-94.265 	43.6144 	-0.266533 	0
0.107986 	-94.2339 	43.6398 	-0.254996 	0
0.108558 	-94.2042 	43.6674 	-0.243456 	0
0.109129 	-94.1764 	43.6886 	-0.232052 	0
0.109701 	-94.1499 	43.6331 	-0.21988 	0
0.110272 	-94.1212 	43.1509 	-0.200721 	0
0.110843 	-94.1006 	41.7017 	-0.165821 	0
0.111415 	-94.0904 	39.4455 	-0.123524 	0
0.111986 	-94.0876 	36.7626 	-0.0844302 	0
0.112557 	-94.0982 	33.6959 	-0.0507208 	0
0.113129 	-94.1222 	29.2906 	-0.0217536 	0
0.1137 	-94.1469 	1.25956e-10 	-5.47205e-15 	0
