0 	23.5629 	0 	0 	0
0.000571357 	23.5611 	18.4957 	0.00065666 	0
0.00114271 	23.5511 	20.7559 	-0.00162437 	0
0.00171407 	23.5365 	21.9282 	-0.00494829 	0
0.00228543 	23.5214 	22.7933 	-0.00790241 	0
0.00285678 	23.5061 	23.5456 	-0.0102497 	0
0.00342814 	23.4893 	24.2598 	-0.0116199 	0
0.0039995 	23.4638 	24.9742 	-0.013047 	0
0.00457085 	23.4321 	25.6397 	-0.0155563 	0
0.00514221 	23.4082 	26.2566 	-0.0182535 	0
0.00571357 	23.3918 	26.8526 	-0.0205012 	0
0.00628492 	23.3751 	27.4356 	-0.0219367 	0
0.00685628 	23.3565 	28.0081 	-0.0223756 	0
0.00742764 	23.3366 	28.5719 	-0.0215193 	0
0.00799899 	23.3146 	29.1183 	-0.0181734 	0
0.00857035 	23.29 	29.6529 	-0.0129187 	0
0.00914171 	23.2605 	30.154 	-0.00432978 	0
0.00971307 	23.2252 	30.6238 	0.00694986 	0
0.0102844 	23.1823 	31.023 	0.0215368 	0
0.0108558 	23.131 	31.3308 	0.0387812 	0
0.0114271 	23.0668 	31.5258 	0.0574658 	0
0.0119985 	22.9874 	31.5794 	0.0768129 	0
0.0125698 	22.9521 	31.5162 	0.0922714 	0
0.0131412 	23.619 	31.7609 	0.110616 	0
0.0137126 	23.6852 	32.7315 	0.127253 	0
0.0142839 	23.6885 	33.6779 	0.142954 	0
0.0148553 	23.6674 	34.5194 	0.158968 	0
0.0154266 	23.6314 	35.3498 	0.176473 	0
0.015998 	23.5892 	36.1691 	0.195261 	0
0.0165693 	23.5438 	36.9754 	0.21566 	0
0.0171407 	23.4903 	37.6775 	0.232396 	0
0.0177121 	23.4261 	38.1772 	0.240472 	0
0.0182834 	23.3517 	38.4881 	0.24086 	0
0.0188548 	23.2765 	38.7258 	0.238748 	0
0.0194261 	23.2036 	38.9434 	0.236344 	0
0.0199975 	23.1224 	39.1535 	0.233796 	0
0.0205688 	23.0472 	39.3469 	0.231225 	0
0.0211402 	22.965 	39.5365 	0.228562 	0
0.0217116 	22.888 	39.7051 	0.225846 	0
0.0222829 	22.8016 	39.873 	0.223041 	0
0.0228543 	22.7267 	40.0096 	0.220174 	0
0.0234256 	22.6381 	40.1429 	0.217208 	0
0.023997 	22.5557 	40.2582 	0.214162 	0
0.0245683 	22.474 	40.3472 	0.210978 	0
0.0251397 	22.3834 	40.4356 	0.207767 	0
0.0257111 	22.3012 	40.4978 	0.204429 	0
0.0262824 	22.2187 	40.5359 	0.200984 	0
0.0268538 	22.1268 	40.5734 	0.197548 	0
0.0274251 	22.0385 	40.6019 	0.19406 	0
0.0279965 	21.9634 	40.5965 	0.190377 	0
0.0285678 	21.8714 	40.5907 	0.18677 	0
0.0291392 	21.7791 	40.5848 	0.183165 	0
0.0297106 	21.694 	40.5717 	0.179523 	0
0.0302819 	21.6192 	40.5482 	0.175826 	0
0.0308533 	21.5272 	40.5249 	0.172248 	0
0.0314246 	21.4353 	40.5017 	0.16867 	0
0.031996 	21.3443 	40.4792 	0.1651 	0
0.0325673 	21.2703 	40.4679 	0.161664 	0
0.0331387 	21.1888 	40.4569 	0.158278 	0
0.0337101 	21.0977 	40.4464 	0.154956 	0
0.0342814 	21.0067 	40.4358 	0.151634 	0
0.0348528 	20.9167 	40.4263 	0.148319 	0
0.0354241 	20.8429 	40.4323 	0.145118 	0
0.0359955 	20.7656 	40.4384 	0.141938 	0
0.0365668 	20.6749 	40.445 	0.138835 	0
0.0371382 	20.5842 	40.4516 	0.135733 	0
0.0377095 	20.4935 	40.4582 	0.132631 	0
0.0382809 	20.4086 	40.4633 	0.129579 	0
0.0388523 	20.3352 	40.4657 	0.126628 	0
0.0394236 	20.2583 	40.4682 	0.123704 	0
0.039995 	20.1683 	40.471 	0.120879 	0
0.0405663 	20.0783 	40.4737 	0.118054 	0
0.0411377 	19.9882 	40.4765 	0.115229 	0
0.041709 	19.8982 	40.4793 	0.112404 	0
0.0422804 	19.8222 	40.4789 	0.109609 	0
0.0428518 	19.7504 	40.4775 	0.106822 	0
0.0434231 	19.6732 	40.4762 	0.104086 	0
0.0439945 	19.5852 	40.4753 	0.10145 	0
0.0445658 	19.4972 	40.4743 	0.0988128 	0
0.0451372 	19.4092 	40.4733 	0.0961761 	0
0.0457085 	19.3212 	40.4724 	0.0935394 	0
0.0462799 	19.2377 	40.472 	0.0909259 	0
0.0468513 	19.1677 	40.4734 	0.0883839 	0
0.0474226 	19.0977 	40.4748 	0.0858418 	0
0.047994 	19.0206 	40.4764 	0.0833754 	0
0.0485653 	18.9351 	40.4783 	0.0809996 	0
0.0491367 	18.8496 	40.4801 	0.0786239 	0
0.049708 	18.7641 	40.482 	0.0762481 	0
0.0502794 	18.6786 	40.4839 	0.0738724 	0
0.0508508 	18.5931 	40.4857 	0.0714966 	0
0.0514221 	18.519 	40.4872 	0.0691927 	0
0.0519935 	18.452 	40.4884 	0.0669332 	0
0.0525648 	18.3849 	40.4897 	0.0646736 	0
0.0531362 	18.3118 	40.4911 	0.0624952 	0
0.0537075 	18.2301 	40.4927 	0.0604298 	0
0.0542789 	18.1484 	40.4944 	0.0583644 	0
0.0548503 	18.0668 	40.496 	0.056299 	0
0.0554216 	17.9851 	40.4977 	0.0542336 	0
0.055993 	17.9034 	40.4993 	0.0521681 	0
0.0565643 	17.8218 	40.501 	0.0501027 	0
0.0571357 	17.755 	40.5026 	0.0481135 	0
0.057707 	17.6938 	40.5043 	0.046153 	0
0.0582784 	17.6327 	40.5059 	0.0441924 	0
0.0588497 	17.5707 	40.5076 	0.0422441 	0
0.0594211 	17.4965 	40.5096 	0.0404954 	0
0.0599925 	17.4222 	40.5116 	0.0387468 	0
0.0605638 	17.348 	40.5136 	0.0369981 	0
0.0611352 	17.2738 	40.5157 	0.0352494 	0
0.0617065 	17.1995 	40.5177 	0.0335007 	0
0.0622779 	17.1253 	40.5197 	0.031752 	0
0.0628492 	17.051 	40.5217 	0.0300034 	0
0.0634206 	16.9837 	40.5237 	0.0282771 	0
0.063992 	16.9274 	40.5257 	0.0265863 	0
0.0645633 	16.8711 	40.5277 	0.0248956 	0
0.0651347 	16.8147 	40.5297 	0.0232048 	0
0.065706 	16.7499 	40.532 	0.0216828 	0
0.0662774 	16.6818 	40.5343 	0.0202274 	0
0.0668487 	16.6137 	40.5366 	0.0187719 	0
0.0674201 	16.5456 	40.5389 	0.0173165 	0
0.0679915 	16.4775 	40.5412 	0.015861 	0
0.0685628 	16.4094 	40.5436 	0.0144056 	0
0.0691342 	16.3413 	40.5459 	0.0129501 	0
0.0697055 	16.2739 	40.5482 	0.0114905 	0
0.0702769 	16.2215 	40.5506 	0.00994653 	0
0.0708482 	16.1691 	40.5531 	0.00840251 	0
0.0714196 	16.1167 	40.5555 	0.0068585 	0
0.071991 	16.0552 	40.5582 	0.00553641 	0
0.0725623 	15.992 	40.5609 	0.00425467 	0
0.0731337 	15.9288 	40.5636 	0.00297293 	0
0.073705 	15.8655 	40.5663 	0.0016912 	0
0.0742764 	15.8023 	40.569 	0.00040946 	0
0.0748477 	15.7391 	40.5718 	-0.000872276 	0
0.0754191 	15.6784 	40.5745 	-0.00216795 	0
0.0759905 	15.6313 	40.5773 	-0.00353956 	0
0.0765618 	15.5842 	40.5802 	-0.00491116 	0
0.0771332 	15.5336 	40.5831 	-0.00618236 	0
0.0777045 	15.4768 	40.5862 	-0.007278 	0
0.0782759 	15.4201 	40.5893 	-0.00837363 	0
0.0788472 	15.3633 	40.5924 	-0.00946927 	0
0.0794186 	15.3066 	40.5955 	-0.0105649 	0
0.0799899 	15.2499 	40.5986 	-0.0116605 	0
0.0805613 	15.2008 	40.6019 	-0.0128353 	0
0.0811327 	15.1587 	40.6052 	-0.0140808 	0
0.081704 	15.1157 	40.6086 	-0.0152996 	0
0.0822754 	15.0651 	40.6122 	-0.0162572 	0
0.0828467 	15.0144 	40.6158 	-0.0172147 	0
0.0834181 	14.9637 	40.6193 	-0.0181723 	0
0.0839894 	14.913 	40.6229 	-0.0191298 	0
0.0845608 	14.8623 	40.6265 	-0.0200878 	0
0.0851322 	14.8247 	40.6305 	-0.021237 	0
0.0857035 	14.7871 	40.6344 	-0.0223862 	0
0.0862749 	14.7428 	40.6386 	-0.0232755 	0
0.0868462 	14.6976 	40.6428 	-0.024129 	0
0.0874176 	14.6523 	40.647 	-0.0249824 	0
0.0879889 	14.6071 	40.6512 	-0.0258359 	0
0.0885603 	14.567 	40.6556 	-0.0267839 	0
0.0891317 	14.5335 	40.6604 	-0.0278529 	0
0.089703 	14.4959 	40.6653 	-0.0287447 	0
0.0902744 	14.4556 	40.6703 	-0.0295114 	0
0.0908457 	14.4153 	40.6753 	-0.0302782 	0
0.0914171 	14.375 	40.6803 	-0.0310449 	0
0.0919884 	14.3421 	40.6859 	-0.031988 	0
0.0925598 	14.3117 	40.6918 	-0.0329721 	0
0.0931312 	14.2757 	40.6978 	-0.0336792 	0
0.0937025 	14.2398 	40.7039 	-0.0343864 	0
0.0942739 	14.2038 	40.7099 	-0.0350936 	0
0.0948452 	14.1746 	40.7168 	-0.0359854 	0
0.0954166 	14.1463 	40.7241 	-0.0368531 	0
0.0959879 	14.1142 	40.7315 	-0.0375068 	0
0.0965593 	14.0822 	40.7389 	-0.0381605 	0
0.0971307 	14.0531 	40.7468 	-0.0389156 	0
0.097702 	14.0287 	40.7558 	-0.0398059 	0
0.0982734 	14.0001 	40.7649 	-0.0404257 	0
0.0988447 	13.9714 	40.774 	-0.0410455 	0
0.0994161 	13.947 	40.7842 	-0.0418256 	0
0.0999874 	13.9236 	40.7953 	-0.0425739 	0
0.100559 	13.898 	40.8065 	-0.0431616 	0
0.10113 	13.874 	40.8183 	-0.0438213 	0
0.101702 	13.8538 	40.8319 	-0.0445973 	0
0.102273 	13.8308 	40.8455 	-0.045158 	0
0.102844 	13.81 	40.8602 	-0.0458319 	0
0.103416 	13.7909 	40.8768 	-0.0465387 	0
0.103987 	13.7702 	40.8934 	-0.0471046 	0
0.104558 	13.7535 	40.9103 	-0.047932 	0
0.10513 	13.7348 	40.9284 	-0.048509 	0
0.105701 	13.7196 	40.8894 	-0.0487954 	0
0.106272 	13.7034 	40.838 	-0.048854 	0
0.106844 	13.6895 	40.5137 	-0.0457293 	0
0.107415 	13.6746 	40.0932 	-0.041289 	0
0.107986 	13.6595 	39.2237 	-0.0315905 	0
0.108558 	13.6452 	38.2261 	-0.0218349 	0
0.109129 	13.6315 	37.1011 	-0.0124369 	0
0.109701 	13.619 	35.9009 	-0.00478072 	0
0.110272 	13.6068 	34.6677 	0.000828446 	0
0.110843 	13.5961 	33.4054 	0.00423892 	0
0.111415 	13.5881 	32.074 	0.00581005 	0
0.111986 	13.5839 	30.5415 	0.00561345 	0
0.112557 	13.5831 	28.5466 	0.00416752 	0
0.113129 	13.5853 	25.1997 	0.0019315 	0
0.1137 	13.5878 	1.01007e-10 	3.4693e-16 	0
