0 	-74.7856 	0 	0 	0
0.000571357 	-75.1357 	-3.48189 	-0.102547 	0
0.00114271 	-75.7219 	-2.67132 	-0.22892 	0
0.00171407 	-76.2894 	-1.77631 	-0.359036 	0
0.00228543 	-76.8141 	-0.828138 	-0.491508 	0
0.00285678 	-77.2938 	0.161429 	-0.624897 	0
0.00342814 	-77.7301 	1.19247 	-0.759344 	0
0.0039995 	-78.1232 	2.26683 	-0.894132 	0
0.00457085 	-78.4735 	3.39043 	-1.02921 	0
0.00514221 	-78.7829 	4.57164 	-1.16498 	0
0.00571357 	-79.0536 	5.8179 	-1.30114 	0
0.00628492 	-79.2841 	7.13691 	-1.43781 	0
0.00685628 	-79.3936 	8.55002 	-1.57429 	0
0.00742764 	-79.3918 	10.111 	-1.71085 	0
0.00799899 	-79.4072 	11.8516 	-1.84765 	0
0.00857035 	-79.4436 	13.7332 	-1.98423 	0
0.00914171 	-79.4903 	15.7613 	-2.12132 	0
0.00971307 	-79.5416 	17.8939 	-2.25813 	0
0.0102844 	-79.6056 	20.0955 	-2.39366 	0
0.0108558 	-79.6638 	22.2944 	-2.52459 	0
0.0114271 	-79.6647 	24.4755 	-2.64817 	0
0.0119985 	-79.5785 	26.7497 	-2.76421 	0
0.0125698 	-79.5299 	28.8446 	-2.86191 	0
0.0131412 	-80.1901 	31.8576 	-3.01267 	0
0.0137126 	-80.362 	34.042 	-3.13344 	0
0.0142839 	-80.4419 	35.466 	-3.18972 	0
0.0148553 	-80.5025 	35.9827 	-3.18792 	0
0.0154266 	-80.5456 	36.5356 	-3.19338 	0
0.015998 	-80.5743 	36.9516 	-3.18493 	0
0.0165693 	-80.5831 	37.3409 	-3.17546 	0
0.0171407 	-80.5845 	37.7326 	-3.16653 	0
0.0177121 	-80.5803 	38.1017 	-3.15583 	0
0.0182834 	-80.5508 	38.4483 	-3.14347 	0
0.0188548 	-80.5209 	38.7756 	-3.13007 	0
0.0194261 	-80.5024 	39.0853 	-3.11569 	0
0.0199975 	-80.4449 	39.3887 	-3.10084 	0
0.0205688 	-80.4151 	39.6698 	-3.08501 	0
0.0211402 	-80.3525 	39.9489 	-3.06901 	0
0.0217116 	-80.3134 	40.2079 	-3.05227 	0
0.0222829 	-80.2336 	40.4678 	-3.03548 	0
0.0228543 	-80.2013 	40.7068 	-3.01806 	0
0.0234256 	-80.1122 	40.9454 	-3.0005 	0
0.023997 	-80.0474 	41.1739 	-2.98274 	0
0.0245683 	-79.9851 	41.3888 	-2.96466 	0
0.0251397 	-79.8877 	41.6043 	-2.94655 	0
0.0257111 	-79.82 	41.8019 	-2.92778 	0
0.0262824 	-79.7505 	41.9842 	-2.90844 	0
0.0268538 	-79.6448 	42.1678 	-2.88913 	0
0.0274251 	-79.5511 	42.3393 	-2.86927 	0
0.0279965 	-79.5022 	42.4654 	-2.8473 	0
0.0285678 	-79.3921 	42.595 	-2.82553 	0
0.0291392 	-79.2803 	42.7246 	-2.80377 	0
0.0297106 	-79.1909 	42.8207 	-2.7801 	0
0.0302819 	-79.1337 	42.8686 	-2.75369 	0
0.0308533 	-79.0174 	42.9198 	-2.7275 	0
0.0314246 	-78.9006 	42.971 	-2.70132 	0
0.031996 	-78.7868 	43.0186 	-2.67498 	0
0.0325673 	-78.724 	43.0049 	-2.646 	0
0.0331387 	-78.6381 	42.9913 	-2.61706 	0
0.0337101 	-78.5213 	42.9781 	-2.58816 	0
0.0342814 	-78.4046 	42.9648 	-2.55926 	0
0.0348528 	-78.291 	42.9516 	-2.53047 	0
0.0354241 	-78.2252 	42.9384 	-2.50329 	0
0.0359955 	-78.1499 	42.925 	-2.47611 	0
0.0365668 	-78.0363 	42.9105 	-2.44892 	0
0.0371382 	-77.9227 	42.8959 	-2.42173 	0
0.0377095 	-77.8091 	42.8814 	-2.39453 	0
0.0382809 	-77.7109 	42.8716 	-2.3681 	0
0.0388523 	-77.6432 	42.8711 	-2.34318 	0
0.0394236 	-77.567 	42.8704 	-2.31826 	0
0.039995 	-77.4568 	42.8689 	-2.29336 	0
0.0405663 	-77.3465 	42.8673 	-2.26847 	0
0.0411377 	-77.2363 	42.8657 	-2.24357 	0
0.041709 	-77.1261 	42.8641 	-2.21867 	0
0.0422804 	-77.0495 	42.8611 	-2.19486 	0
0.0428518 	-76.983 	42.8576 	-2.17138 	0
0.0434231 	-76.9045 	42.8539 	-2.14792 	0
0.0439945 	-76.8007 	42.8496 	-2.1245 	0
0.0445658 	-76.697 	42.8453 	-2.10108 	0
0.0451372 	-76.5932 	42.841 	-2.07766 	0
0.0457085 	-76.4895 	42.8368 	-2.05424 	0
0.0462799 	-76.3955 	42.8329 	-2.03122 	0
0.0468513 	-76.3314 	42.8304 	-2.00939 	0
0.0474226 	-76.2673 	42.8278 	-1.98757 	0
0.047994 	-76.1892 	42.825 	-1.96578 	0
0.0485653 	-76.0932 	42.8217 	-1.94402 	0
0.0491367 	-75.9971 	42.8185 	-1.92227 	0
0.049708 	-75.901 	42.8152 	-1.90051 	0
0.0502794 	-75.8049 	42.8119 	-1.87876 	0
0.0508508 	-75.7089 	42.8087 	-1.85701 	0
0.0514221 	-75.6354 	42.8062 	-1.83621 	0
0.0519935 	-75.5758 	42.8042 	-1.816 	0
0.0525648 	-75.5163 	42.8021 	-1.79579 	0
0.0531362 	-75.446 	42.7999 	-1.77561 	0
0.0537075 	-75.3595 	42.7973 	-1.75549 	0
0.0542789 	-75.2731 	42.7946 	-1.73536 	0
0.0548503 	-75.1866 	42.792 	-1.71523 	0
0.0554216 	-75.1001 	42.7894 	-1.6951 	0
0.055993 	-75.0136 	42.7867 	-1.67498 	0
0.0565643 	-74.9271 	42.7841 	-1.65485 	0
0.0571357 	-74.8656 	42.7824 	-1.63611 	0
0.057707 	-74.8135 	42.781 	-1.61789 	0
0.0582784 	-74.7614 	42.7796 	-1.59967 	0
0.0588497 	-74.7085 	42.7782 	-1.58146 	0
0.0594211 	-74.6347 	42.7764 	-1.56332 	0
0.0599925 	-74.5609 	42.7745 	-1.54519 	0
0.0605638 	-74.4871 	42.7726 	-1.52705 	0
0.0611352 	-74.4133 	42.7707 	-1.50892 	0
0.0617065 	-74.3396 	42.7689 	-1.49078 	0
0.0622779 	-74.2658 	42.767 	-1.47264 	0
0.0628492 	-74.192 	42.7651 	-1.45451 	0
0.0634206 	-74.1291 	42.7637 	-1.43684 	0
0.063992 	-74.0834 	42.7629 	-1.41992 	0
0.0645633 	-74.0377 	42.7621 	-1.403 	0
0.0651347 	-73.992 	42.7614 	-1.38607 	0
0.065706 	-73.934 	42.7603 	-1.36921 	0
0.0662774 	-73.8706 	42.7591 	-1.35237 	0
0.0668487 	-73.8072 	42.7579 	-1.33552 	0
0.0674201 	-73.7439 	42.7568 	-1.31868 	0
0.0679915 	-73.6805 	42.7556 	-1.30184 	0
0.0685628 	-73.6171 	42.7544 	-1.285 	0
0.0691342 	-73.5538 	42.7532 	-1.26815 	0
0.0697055 	-73.4914 	42.7521 	-1.25134 	0
0.0702769 	-73.4509 	42.7519 	-1.23499 	0
0.0708482 	-73.4103 	42.7518 	-1.21864 	0
0.0714196 	-73.3697 	42.7516 	-1.2023 	0
0.071991 	-73.3169 	42.7512 	-1.18602 	0
0.0725623 	-73.2615 	42.7506 	-1.16975 	0
0.0731337 	-73.206 	42.7501 	-1.15348 	0
0.073705 	-73.1506 	42.7496 	-1.13722 	0
0.0742764 	-73.0952 	42.7491 	-1.12095 	0
0.0748477 	-73.0398 	42.7486 	-1.10468 	0
0.0754191 	-72.9875 	42.7482 	-1.08852 	0
0.0759905 	-72.9523 	42.7487 	-1.07294 	0
0.0765618 	-72.9171 	42.7492 	-1.05735 	0
0.0771332 	-72.8776 	42.7496 	-1.0418 	0
0.0777045 	-72.83 	42.7497 	-1.02629 	0
0.0782759 	-72.7824 	42.7499 	-1.01078 	0
0.0788472 	-72.7349 	42.7501 	-0.995273 	0
0.0794186 	-72.6873 	42.7503 	-0.979765 	0
0.0799899 	-72.6397 	42.7505 	-0.964257 	0
0.0805613 	-72.6011 	42.7511 	-0.948998 	0
0.0811327 	-72.5705 	42.7523 	-0.933963 	0
0.081704 	-72.5391 	42.7534 	-0.918934 	0
0.0822754 	-72.4981 	42.7543 	-0.903973 	0
0.0828467 	-72.4571 	42.7552 	-0.889011 	0
0.0834181 	-72.416 	42.7561 	-0.874049 	0
0.0839894 	-72.375 	42.757 	-0.859088 	0
0.0845608 	-72.334 	42.7579 	-0.844127 	0
0.0851322 	-72.3073 	42.7599 	-0.829515 	0
0.0857035 	-72.2805 	42.7618 	-0.814903 	0
0.0862749 	-72.2461 	42.7635 	-0.800352 	0
0.0868462 	-72.2104 	42.7652 	-0.785811 	0
0.0874176 	-72.1747 	42.7669 	-0.77127 	0
0.0879889 	-72.1391 	42.7686 	-0.756729 	0
0.0885603 	-72.1088 	42.7708 	-0.742293 	0
0.0891317 	-72.0854 	42.7736 	-0.727994 	0
0.089703 	-72.0575 	42.7763 	-0.713734 	0
0.0902744 	-72.0265 	42.779 	-0.699503 	0
0.0908457 	-71.9954 	42.7816 	-0.685273 	0
0.0914171 	-71.9643 	42.7842 	-0.671042 	0
0.0919884 	-71.9407 	42.7878 	-0.656939 	0
0.0925598 	-71.9194 	42.7917 	-0.642893 	0
0.0931312 	-71.8922 	42.7954 	-0.628908 	0
0.0937025 	-71.8649 	42.7992 	-0.614923 	0
0.0942739 	-71.8377 	42.8029 	-0.600938 	0
0.0948452 	-71.8169 	42.8078 	-0.587041 	0
0.0954166 	-71.797 	42.813 	-0.573198 	0
0.0959879 	-71.773 	42.8181 	-0.5594 	0
0.0965593 	-71.749 	42.8232 	-0.545603 	0
0.0971307 	-71.7279 	42.8289 	-0.531837 	0
0.097702 	-71.7111 	42.8358 	-0.518137 	0
0.0982734 	-71.6899 	42.8426 	-0.504493 	0
0.0988447 	-71.6688 	42.8493 	-0.490848 	0
0.0994161 	-71.6514 	42.8572 	-0.477236 	0
0.0999874 	-71.635 	42.866 	-0.463679 	0
0.100559 	-71.6162 	42.8747 	-0.450154 	0
0.10113 	-71.5989 	42.884 	-0.436639 	0
0.101702 	-71.5849 	42.8951 	-0.423174 	0
0.102273 	-71.5682 	42.9061 	-0.409753 	0
0.102844 	-71.5534 	42.9181 	-0.396339 	0
0.103416 	-71.5401 	42.9318 	-0.382973 	0
0.103987 	-71.5252 	42.9455 	-0.369635 	0
0.104558 	-71.5139 	42.9616 	-0.356307 	0
0.10513 	-71.5004 	42.9782 	-0.343035 	0
0.105701 	-71.4898 	42.9968 	-0.329775 	0
0.106272 	-71.4778 	43.0165 	-0.316587 	0
0.106844 	-71.4681 	43.0386 	-0.303376 	0
0.107415 	-71.4574 	43.0619 	-0.290204 	0
0.107986 	-71.4485 	43.0889 	-0.277099 	0
0.108558 	-71.4402 	43.1093 	-0.264114 	0
0.109129 	-71.431 	43.0605 	-0.250241 	0
0.109701 	-71.4191 	42.746 	-0.232112 	0
0.110272 	-71.409 	41.7075 	-0.201396 	0
0.110843 	-71.406 	39.8831 	-0.160056 	0
0.111415 	-71.4055 	37.6561 	-0.119028 	0
0.111986 	-71.4134 	35.1823 	-0.0820186 	0
0.112557 	-71.4308 	32.3259 	-0.0496342 	0
0.113129 	-71.4584 	28.1116 	-0.0212382 	0
0.1137 	-71.4827 	1.23833e-10 	-5.42942e-15 	0
