0 	-192.663 	0 	0 	0
0.000571357 	-192.53 	-4.95947 	0.206534 	0
0.00114271 	-192.382 	-4.97525 	0.379544 	0
0.00171407 	-192.324 	-4.69585 	0.525231 	0
0.00228543 	-192.335 	-4.31698 	0.649494 	0
0.00285678 	-192.389 	-3.89152 	0.755638 	0
0.00342814 	-192.467 	-3.4391 	0.844725 	0
0.0039995 	-192.554 	-2.96999 	0.917974 	0
0.00457085 	-192.641 	-2.49106 	0.975952 	0
0.00514221 	-192.72 	-2.00296 	1.01856 	0
0.00571357 	-192.786 	-1.50969 	1.04573 	0
0.00628492 	-192.837 	-1.00905 	1.05679 	0
0.00685628 	-192.868 	-0.496806 	1.0502 	0
0.00742764 	-192.87 	0.0332121 	1.02361 	0
0.00799899 	-192.816 	0.614497 	0.970243 	0
0.00857035 	-192.683 	1.2814 	0.887069 	0
0.00914171 	-192.429 	2.12963 	0.759248 	0
0.00971307 	-192.057 	3.23893 	0.585944 	0
0.0102844 	-191.553 	4.81241 	0.361496 	0
0.0108558 	-190.965 	6.9655 	0.10162 	0
0.0114271 	-190.341 	9.71169 	-0.164533 	0
0.0119985 	-189.692 	13.0428 	-0.410993 	0
0.0125698 	-189.106 	16.1953 	-0.583024 	0
0.0131412 	-188.072 	21.329 	-0.732929 	0
0.0137126 	-187.187 	26.0346 	-0.756349 	0
0.0142839 	-186.447 	29.8095 	-0.752409 	0
0.0148553 	-185.784 	32.4112 	-0.789127 	0
0.0154266 	-185.06 	34.6138 	-0.82993 	0
0.015998 	-184.284 	36.0144 	-0.862504 	0
0.0165693 	-183.486 	36.8301 	-0.888395 	0
0.0171407 	-182.674 	37.462 	-0.910507 	0
0.0177121 	-181.85 	38.0261 	-0.930431 	0
0.0182834 	-181.016 	38.5395 	-0.948643 	0
0.0188548 	-180.179 	39.002 	-0.964971 	0
0.0194261 	-179.328 	39.4243 	-0.979735 	0
0.0199975 	-178.48 	39.8293 	-0.993835 	0
0.0205688 	-177.62 	40.1884 	-1.00595 	0
0.0211402 	-176.762 	40.542 	-1.01781 	0
0.0217116 	-175.9 	40.859 	-1.02805 	0
0.0222829 	-175.041 	41.1762 	-1.03832 	0
0.0228543 	-174.173 	41.4583 	-1.04676 	0
0.0234256 	-173.313 	41.7384 	-1.05515 	0
0.023997 	-172.446 	42.0046 	-1.06277 	0
0.0245683 	-171.589 	42.252 	-1.06951 	0
0.0251397 	-170.731 	42.4994 	-1.07624 	0
0.0257111 	-169.869 	42.7316 	-1.08199 	0
0.0262824 	-169.018 	42.9504 	-1.08704 	0
0.0268538 	-168.167 	43.1692 	-1.09209 	0
0.0274251 	-167.315 	43.3815 	-1.09677 	0
0.0279965 	-166.473 	43.5703 	-1.10029 	0
0.0285678 	-165.635 	43.7594 	-1.10389 	0
0.0291392 	-164.797 	43.9484 	-1.10748 	0
0.0297106 	-163.96 	44.1128 	-1.10987 	0
0.0302819 	-163.139 	44.243 	-1.11087 	0
0.0308533 	-162.319 	44.3734 	-1.1119 	0
0.0314246 	-161.499 	44.5037 	-1.11292 	0
0.031996 	-160.68 	44.6284 	-1.11373 	0
0.0325673 	-159.892 	44.6556 	-1.11096 	0
0.0331387 	-159.11 	44.6834 	-1.10842 	0
0.0337101 	-158.328 	44.7111 	-1.10587 	0
0.0342814 	-157.545 	44.7389 	-1.10333 	0
0.0348528 	-156.766 	44.7636 	-1.10064 	0
0.0354241 	-156.039 	44.7409 	-1.09593 	0
0.0359955 	-155.318 	44.7185 	-1.09148 	0
0.0365668 	-154.597 	44.6961 	-1.08703 	0
0.0371382 	-153.875 	44.6737 	-1.08257 	0
0.0377095 	-153.154 	44.6512 	-1.07812 	0
0.0382809 	-152.452 	44.6309 	-1.07333 	0
0.0388523 	-151.791 	44.6149 	-1.06812 	0
0.0394236 	-151.133 	44.5989 	-1.06307 	0
0.039995 	-150.476 	44.5829 	-1.05802 	0
0.0405663 	-149.818 	44.567 	-1.05297 	0
0.0411377 	-149.161 	44.551 	-1.04792 	0
0.041709 	-148.503 	44.535 	-1.04287 	0
0.0422804 	-147.893 	44.5203 	-1.03707 	0
0.0428518 	-147.302 	44.506 	-1.03139 	0
0.0434231 	-146.711 	44.4918 	-1.02574 	0
0.0439945 	-146.12 	44.4776 	-1.02008 	0
0.0445658 	-145.529 	44.4633 	-1.01443 	0
0.0451372 	-144.938 	44.4491 	-1.00878 	0
0.0457085 	-144.348 	44.4349 	-1.00313 	0
0.0462799 	-143.773 	44.4211 	-0.997255 	0
0.0468513 	-143.248 	44.4087 	-0.990808 	0
0.0474226 	-142.727 	44.3963 	-0.984602 	0
0.047994 	-142.205 	44.384 	-0.978397 	0
0.0485653 	-141.683 	44.3716 	-0.972191 	0
0.0491367 	-141.161 	44.3593 	-0.965985 	0
0.049708 	-140.64 	44.347 	-0.95978 	0
0.0502794 	-140.118 	44.3346 	-0.953574 	0
0.0508508 	-139.596 	44.3223 	-0.947368 	0
0.0514221 	-139.116 	44.3111 	-0.940699 	0
0.0519935 	-138.663 	44.3006 	-0.933898 	0
0.0525648 	-138.212 	44.2902 	-0.927242 	0
0.0531362 	-137.76 	44.2797 	-0.920587 	0
0.0537075 	-137.308 	44.2693 	-0.913931 	0
0.0542789 	-136.856 	44.2589 	-0.907276 	0
0.0548503 	-136.405 	44.2484 	-0.90062 	0
0.0554216 	-135.953 	44.238 	-0.893964 	0
0.055993 	-135.501 	44.2276 	-0.887309 	0
0.0565643 	-135.05 	44.2171 	-0.880653 	0
0.0571357 	-134.654 	44.2082 	-0.873664 	0
0.057707 	-134.28 	44.1998 	-0.866669 	0
0.0582784 	-133.907 	44.1915 	-0.859813 	0
0.0588497 	-133.534 	44.1832 	-0.852958 	0
0.0594211 	-133.161 	44.1749 	-0.846102 	0
0.0599925 	-132.788 	44.1666 	-0.839246 	0
0.0605638 	-132.415 	44.1583 	-0.83239 	0
0.0611352 	-132.042 	44.1499 	-0.825534 	0
0.0617065 	-131.669 	44.1416 	-0.818678 	0
0.0622779 	-131.296 	44.1333 	-0.811822 	0
0.0628492 	-130.923 	44.125 	-0.804967 	0
0.0634206 	-130.574 	44.1173 	-0.797924 	0
0.063992 	-130.261 	44.1107 	-0.790612 	0
0.0645633 	-129.949 	44.1042 	-0.783501 	0
0.0651347 	-129.638 	44.0976 	-0.776391 	0
0.065706 	-129.326 	44.091 	-0.76928 	0
0.0662774 	-129.014 	44.0844 	-0.762169 	0
0.0668487 	-128.703 	44.0779 	-0.755058 	0
0.0674201 	-128.391 	44.0713 	-0.747947 	0
0.0679915 	-128.079 	44.0647 	-0.740837 	0
0.0685628 	-127.768 	44.0582 	-0.733726 	0
0.0691342 	-127.456 	44.0516 	-0.726615 	0
0.0697055 	-127.146 	44.0451 	-0.719478 	0
0.0702769 	-126.878 	44.0399 	-0.711799 	0
0.0708482 	-126.611 	44.0347 	-0.704319 	0
0.0714196 	-126.344 	44.0296 	-0.696852 	0
0.071991 	-126.076 	44.0244 	-0.689384 	0
0.0725623 	-125.809 	44.0193 	-0.681916 	0
0.0731337 	-125.542 	44.0141 	-0.674449 	0
0.073705 	-125.275 	44.009 	-0.666981 	0
0.0742764 	-125.007 	44.0038 	-0.659513 	0
0.0748477 	-124.74 	43.9986 	-0.652045 	0
0.0754191 	-124.479 	43.9937 	-0.644532 	0
0.0759905 	-124.253 	43.9899 	-0.636806 	0
0.0765618 	-124.027 	43.9861 	-0.629236 	0
0.0771332 	-123.801 	43.9824 	-0.621666 	0
0.0777045 	-123.575 	43.9786 	-0.614097 	0
0.0782759 	-123.35 	43.9748 	-0.606527 	0
0.0788472 	-123.124 	43.971 	-0.598957 	0
0.0794186 	-122.898 	43.9672 	-0.591388 	0
0.0799899 	-122.672 	43.9635 	-0.583818 	0
0.0805613 	-122.464 	43.9603 	-0.576116 	0
0.0811327 	-122.271 	43.9578 	-0.56842 	0
0.081704 	-122.078 	43.9553 	-0.560781 	0
0.0822754 	-121.886 	43.9528 	-0.553142 	0
0.0828467 	-121.693 	43.9503 	-0.545503 	0
0.0834181 	-121.501 	43.9478 	-0.537864 	0
0.0839894 	-121.308 	43.9452 	-0.530225 	0
0.0845608 	-121.116 	43.9427 	-0.522585 	0
0.0851322 	-120.951 	43.9414 	-0.514781 	0
0.0857035 	-120.785 	43.9402 	-0.507103 	0
0.0862749 	-120.62 	43.9389 	-0.499424 	0
0.0868462 	-120.454 	43.9376 	-0.491746 	0
0.0874176 	-120.289 	43.9363 	-0.484068 	0
0.0879889 	-120.124 	43.935 	-0.476389 	0
0.0885603 	-119.968 	43.9343 	-0.468626 	0
0.0891317 	-119.825 	43.9343 	-0.460887 	0
0.089703 	-119.683 	43.9342 	-0.453181 	0
0.0902744 	-119.54 	43.9342 	-0.445475 	0
0.0908457 	-119.397 	43.9342 	-0.437769 	0
0.0914171 	-119.254 	43.9342 	-0.430063 	0
0.0919884 	-119.125 	43.9352 	-0.422257 	0
0.0925598 	-119.001 	43.9365 	-0.414537 	0
0.0931312 	-118.877 	43.9379 	-0.406817 	0
0.0937025 	-118.753 	43.9392 	-0.399097 	0
0.0942739 	-118.629 	43.9406 	-0.391378 	0
0.0948452 	-118.516 	43.9431 	-0.383576 	0
0.0954166 	-118.408 	43.946 	-0.375847 	0
0.0959879 	-118.3 	43.9489 	-0.368119 	0
0.0965593 	-118.192 	43.9518 	-0.360391 	0
0.0971307 	-118.089 	43.9554 	-0.352606 	0
0.097702 	-117.994 	43.96 	-0.344867 	0
0.0982734 	-117.9 	43.9647 	-0.337138 	0
0.0988447 	-117.805 	43.9694 	-0.329408 	0
0.0994161 	-117.718 	43.9753 	-0.321624 	0
0.0999874 	-117.635 	43.982 	-0.313897 	0
0.100559 	-117.552 	43.9888 	-0.30617 	0
0.10113 	-117.471 	43.9961 	-0.298407 	0
0.101702 	-117.398 	44.0052 	-0.290673 	0
0.102273 	-117.326 	44.0143 	-0.28295 	0
0.102844 	-117.256 	44.0243 	-0.275191 	0
0.103416 	-117.191 	44.0361 	-0.267481 	0
0.103987 	-117.127 	44.0478 	-0.259772 	0
0.104558 	-117.069 	44.062 	-0.252025 	0
0.10513 	-117.012 	44.0766 	-0.244314 	0
0.105701 	-116.96 	44.0932 	-0.236593 	0
0.106272 	-116.91 	44.111 	-0.228916 	0
0.106844 	-116.863 	44.1311 	-0.221195 	0
0.107415 	-116.819 	44.1523 	-0.213489 	0
0.107986 	-116.779 	44.1767 	-0.20583 	0
0.108558 	-116.742 	44.2031 	-0.198155 	0
0.109129 	-116.708 	44.2321 	-0.190467 	0
0.109701 	-116.676 	44.2605 	-0.18284 	0
0.110272 	-116.648 	44.2139 	-0.174635 	0
0.110843 	-116.619 	43.6104 	-0.15807 	0
0.111415 	-116.602 	41.7455 	-0.122427 	0
0.111986 	-116.596 	38.8207 	-0.0816576 	0
0.112557 	-116.602 	35.4045 	-0.0472746 	0
0.113129 	-116.622 	30.7144 	-0.0198661 	0
0.1137 	-116.644 	1.3513e-10 	-5.23926e-15 	0
