0 	-3.09718 	0 	0 	0
0.000571357 	-3.4646 	2.94608 	-0.127452 	0
0.00114271 	-4.12443 	4.01128 	-0.288684 	0
0.00171407 	-4.78983 	4.93097 	-0.450265 	0
0.00228543 	-5.41336 	5.83207 	-0.608707 	0
0.00285678 	-5.99469 	6.75833 	-0.76325 	0
0.00342814 	-6.53552 	7.72064 	-0.914053 	0
0.0039995 	-7.03822 	8.73094 	-1.06183 	0
0.00457085 	-7.5042 	9.79395 	-1.20684 	0
0.00514221 	-7.93435 	10.9187 	-1.34933 	0
0.00571357 	-8.3339 	12.111 	-1.48925 	0
0.00628492 	-8.71522 	13.3796 	-1.62707 	0
0.00685628 	-9.02815 	14.7347 	-1.76237 	0
0.00742764 	-9.21832 	16.2218 	-1.89433 	0
0.00799899 	-9.4182 	17.8957 	-2.02159 	0
0.00857035 	-9.66856 	19.7182 	-2.14696 	0
0.00914171 	-9.99287 	21.617 	-2.26446 	0
0.00971307 	-10.3437 	23.5453 	-2.37821 	0
0.0102844 	-10.7247 	25.4246 	-2.48155 	0
0.0108558 	-11.1233 	27.2802 	-2.5744 	0
0.0114271 	-11.5429 	29.2376 	-2.66236 	0
0.0119985 	-11.9899 	31.3683 	-2.74626 	0
0.0125698 	-12.3699 	33.1398 	-2.80791 	0
0.0131412 	-13.0847 	34.6301 	-2.85338 	0
0.0137126 	-13.7519 	35.1079 	-2.86037 	0
0.0142839 	-14.3752 	35.5251 	-2.8616 	0
0.0148553 	-14.9702 	35.9207 	-2.86079 	0
0.0154266 	-15.5372 	36.3012 	-2.85832 	0
0.015998 	-16.1072 	36.6631 	-2.85493 	0
0.0165693 	-16.6636 	37.0079 	-2.85014 	0
0.0171407 	-17.2066 	37.3375 	-2.84414 	0
0.0177121 	-17.7363 	37.6546 	-2.83717 	0
0.0182834 	-18.2529 	37.9623 	-2.82941 	0
0.0188548 	-18.7846 	38.2534 	-2.8212 	0
0.0194261 	-19.3054 	38.5341 	-2.81229 	0
0.0199975 	-19.7875 	38.8115 	-2.80229 	0
0.0205688 	-20.3251 	39.0694 	-2.7929 	0
0.0211402 	-20.7849 	39.3295 	-2.78174 	0
0.0217116 	-21.3106 	39.57 	-2.77144 	0
0.0222829 	-21.7554 	39.8146 	-2.75943 	0
0.0228543 	-22.261 	40.0364 	-2.74803 	0
0.0234256 	-22.7383 	40.2585 	-2.73604 	0
0.023997 	-23.1768 	40.4701 	-2.72278 	0
0.0245683 	-23.6734 	40.6606 	-2.70996 	0
0.0251397 	-24.1074 	40.856 	-2.69606 	0
0.0257111 	-24.5393 	41.0269 	-2.68096 	0
0.0262824 	-25.0171 	41.1717 	-2.66557 	0
0.0268538 	-25.4513 	41.3214 	-2.64955 	0
0.0274251 	-25.8335 	41.463 	-2.63209 	0
0.0279965 	-26.2878 	41.5439 	-2.61309 	0
0.0285678 	-26.742 	41.6248 	-2.59408 	0
0.0291392 	-27.1115 	41.7161 	-2.57394 	0
0.0297106 	-27.4867 	41.7785 	-2.55248 	0
0.0302819 	-27.9105 	41.7941 	-2.52968 	0
0.0308533 	-28.3342 	41.8098 	-2.50688 	0
0.0314246 	-28.6934 	41.8305 	-2.48298 	0
0.031996 	-29.0122 	41.8526 	-2.45838 	0
0.0325673 	-29.4004 	41.8388 	-2.4347 	0
0.0331387 	-29.7886 	41.8251 	-2.41102 	0
0.0337101 	-30.1768 	41.8114 	-2.38735 	0
0.0342814 	-30.4798 	41.7969 	-2.36177 	0
0.0348528 	-30.7687 	41.7833 	-2.33605 	0
0.0354241 	-31.1206 	41.7854 	-2.31433 	0
0.0359955 	-31.4725 	41.7876 	-2.29261 	0
0.0365668 	-31.8244 	41.7897 	-2.27089 	0
0.0371382 	-32.1415 	41.7903 	-2.24838 	0
0.0377095 	-32.3959 	41.7882 	-2.22442 	0
0.0382809 	-32.671 	41.7901 	-2.20162 	0
0.0388523 	-32.9872 	41.7998 	-2.18109 	0
0.0394236 	-33.3034 	41.8095 	-2.16056 	0
0.039995 	-33.6196 	41.8191 	-2.14004 	0
0.0405663 	-33.9277 	41.8286 	-2.11934 	0
0.0411377 	-34.1525 	41.8359 	-2.09695 	0
0.041709 	-34.3772 	41.8432 	-2.07455 	0
0.0422804 	-34.6445 	41.848 	-2.05409 	0
0.0428518 	-34.9243 	41.8522 	-2.03422 	0
0.0434231 	-35.2042 	41.8563 	-2.01434 	0
0.0439945 	-35.4841 	41.8604 	-1.99446 	0
0.0445658 	-35.7639 	41.8646 	-1.97459 	0
0.0451372 	-35.9677 	41.867 	-1.95325 	0
0.0457085 	-36.1632 	41.8693 	-1.93176 	0
0.0462799 	-36.3704 	41.8723 	-1.91093 	0
0.0468513 	-36.6135 	41.8771 	-1.89212 	0
0.0474226 	-36.8566 	41.882 	-1.87331 	0
0.047994 	-37.0997 	41.8868 	-1.8545 	0
0.0485653 	-37.3428 	41.8917 	-1.83569 	0
0.0491367 	-37.5859 	41.8965 	-1.81688 	0
0.049708 	-37.7783 	41.9001 	-1.79714 	0
0.0502794 	-37.9449 	41.9031 	-1.77693 	0
0.0508508 	-38.1115 	41.906 	-1.75672 	0
0.0514221 	-38.3033 	41.9098 	-1.738 	0
0.0519935 	-38.5105 	41.9142 	-1.7202 	0
0.0525648 	-38.7177 	41.9185 	-1.7024 	0
0.0531362 	-38.9249 	41.9228 	-1.6846 	0
0.0537075 	-39.1322 	41.9272 	-1.6668 	0
0.0542789 	-39.3394 	41.9315 	-1.649 	0
0.0548503 	-39.5318 	41.9355 	-1.63095 	0
0.0554216 	-39.6711 	41.9382 	-1.61197 	0
0.055993 	-39.8105 	41.9409 	-1.593 	0
0.0565643 	-39.9498 	41.9436 	-1.57402 	0
0.0571357 	-40.11 	41.9471 	-1.557 	0
0.057707 	-40.278 	41.951 	-1.54071 	0
0.0582784 	-40.446 	41.9549 	-1.52442 	0
0.0588497 	-40.614 	41.9588 	-1.50813 	0
0.0594211 	-40.782 	41.9627 	-1.49184 	0
0.0599925 	-40.95 	41.9666 	-1.47555 	0
0.0605638 	-41.118 	41.9704 	-1.45926 	0
0.0611352 	-41.2638 	41.9738 	-1.4426 	0
0.0617065 	-41.3746 	41.9763 	-1.42535 	0
0.0622779 	-41.4854 	41.9788 	-1.40811 	0
0.0628492 	-41.5963 	41.9813 	-1.39086 	0
0.0634206 	-41.7178 	41.9842 	-1.37434 	0
0.063992 	-41.8564 	41.9879 	-1.35897 	0
0.0645633 	-41.9949 	41.9915 	-1.34359 	0
0.0651347 	-42.1335 	41.9952 	-1.32822 	0
0.065706 	-42.2721 	41.9988 	-1.31285 	0
0.0662774 	-42.4106 	42.0025 	-1.29747 	0
0.0668487 	-42.5492 	42.0061 	-1.2821 	0
0.0674201 	-42.6854 	42.0097 	-1.26669 	0
0.0679915 	-42.7752 	42.0122 	-1.25052 	0
0.0685628 	-42.865 	42.0147 	-1.23434 	0
0.0691342 	-42.9549 	42.0171 	-1.21817 	0
0.0697055 	-43.046 	42.0196 	-1.20205 	0
0.0702769 	-43.1641 	42.0233 	-1.18696 	0
0.0708482 	-43.2822 	42.027 	-1.17188 	0
0.0714196 	-43.4002 	42.0306 	-1.15679 	0
0.071991 	-43.5183 	42.0343 	-1.14171 	0
0.0725623 	-43.6364 	42.0379 	-1.12662 	0
0.0731337 	-43.7545 	42.0416 	-1.11154 	0
0.073705 	-43.845 	42.0446 	-1.096 	0
0.0742764 	-43.9205 	42.0472 	-1.08021 	0
0.0748477 	-43.996 	42.0498 	-1.06442 	0
0.0754191 	-44.0751 	42.0526 	-1.04882 	0
0.0759905 	-44.1741 	42.0564 	-1.03431 	0
0.0765618 	-44.273 	42.0601 	-1.0198 	0
0.0771332 	-44.372 	42.0638 	-1.00529 	0
0.0777045 	-44.471 	42.0675 	-0.990784 	0
0.0782759 	-44.57 	42.0713 	-0.976274 	0
0.0788472 	-44.6481 	42.0745 	-0.961409 	0
0.0794186 	-44.7107 	42.0773 	-0.946277 	0
0.0799899 	-44.7732 	42.0802 	-0.931146 	0
0.0805613 	-44.8471 	42.0836 	-0.916566 	0
0.0811327 	-44.9311 	42.0875 	-0.902479 	0
0.081704 	-45.0151 	42.0915 	-0.888392 	0
0.0822754 	-45.099 	42.0955 	-0.874305 	0
0.0828467 	-45.183 	42.0994 	-0.860218 	0
0.0834181 	-45.2464 	42.1029 	-0.84576 	0
0.0839894 	-45.299 	42.106 	-0.831111 	0
0.0845608 	-45.3516 	42.1092 	-0.816464 	0
0.0851322 	-45.4235 	42.1136 	-0.802713 	0
0.0857035 	-45.4954 	42.118 	-0.788962 	0
0.0862749 	-45.5673 	42.1223 	-0.775211 	0
0.0868462 	-45.6392 	42.1267 	-0.761459 	0
0.0874176 	-45.6906 	42.1306 	-0.747316 	0
0.0879889 	-45.7353 	42.1342 	-0.733045 	0
0.0885603 	-45.7877 	42.1385 	-0.719112 	0
0.0891317 	-45.8497 	42.1435 	-0.705611 	0
0.089703 	-45.9117 	42.1485 	-0.69211 	0
0.0902744 	-45.9738 	42.1535 	-0.678609 	0
0.0908457 	-46.0184 	42.158 	-0.66475 	0
0.0914171 	-46.0568 	42.1624 	-0.65076 	0
0.0919884 	-46.1062 	42.1678 	-0.637265 	0
0.0925598 	-46.16 	42.1737 	-0.623968 	0
0.0931312 	-46.2139 	42.1795 	-0.610672 	0
0.0937025 	-46.2577 	42.1851 	-0.597151 	0
0.0942739 	-46.2908 	42.1904 	-0.583388 	0
0.0948452 	-46.3339 	42.1969 	-0.570073 	0
0.0954166 	-46.3809 	42.204 	-0.556933 	0
0.0959879 	-46.4279 	42.211 	-0.543792 	0
0.0965593 	-46.4584 	42.2176 	-0.530248 	0
0.0971307 	-46.4916 	42.2248 	-0.51687 	0
0.097702 	-46.5328 	42.2333 	-0.503861 	0
0.0982734 	-46.574 	42.2418 	-0.490852 	0
0.0988447 	-46.6005 	42.2499 	-0.477449 	0
0.0994161 	-46.6319 	42.2593 	-0.464309 	0
0.0999874 	-46.6681 	42.2696 	-0.451404 	0
0.100559 	-46.6983 	42.2798 	-0.43832 	0
0.10113 	-46.7227 	42.2904 	-0.425119 	0
0.101702 	-46.7548 	42.303 	-0.412302 	0
0.102273 	-46.7819 	42.3155 	-0.399328 	0
0.102844 	-46.8044 	42.3287 	-0.386273 	0
0.103416 	-46.8328 	42.3439 	-0.373535 	0
0.103987 	-46.8527 	42.3587 	-0.360498 	0
0.104558 	-46.8767 	42.3762 	-0.347741 	0
0.10513 	-46.8976 	42.3941 	-0.334891 	0
0.105701 	-46.9174 	42.414 	-0.322104 	0
0.106272 	-46.9362 	42.435 	-0.309327 	0
0.106844 	-46.9544 	42.4588 	-0.296667 	0
0.107415 	-46.9695 	42.4834 	-0.283903 	0
0.107986 	-46.9865 	42.5058 	-0.271501 	0
0.108558 	-46.9986 	42.4545 	-0.257917 	0
0.109129 	-47.008 	42.2042 	-0.241064 	0
0.109701 	-47.0152 	41.4673 	-0.215775 	0
0.110272 	-47.0238 	40.0242 	-0.179467 	0
0.110843 	-47.0346 	38.1345 	-0.140747 	0
0.111415 	-47.0472 	36.0246 	-0.104004 	0
0.111986 	-47.065 	33.7365 	-0.0715787 	0
0.112557 	-47.0893 	31.0552 	-0.0430428 	0
0.113129 	-47.1187 	27.0204 	-0.0180904 	0
0.1137 	-47.1405 	1.12766e-10 	-4.29499e-15 	0
