0.0131412 	-157.812 	20.4843 	-0.0101922 	0
0.0137126 	-157.8 	24.8867 	-0.0212496 	0
0.0142839 	-157.764 	28.2775 	-0.0212601 	0
0.0148553 	-157.714 	31.3579 	-0.0114894 	0
0.0154266 	-157.658 	33.57 	-0.00519674 	0
0.015998 	-157.602 	34.741 	-0.0117091 	0
0.0165693 	-157.536 	35.5803 	-0.0205863 	0
0.0171407 	-157.463 	36.2944 	-0.0293759 	0
0.0177121 	-157.38 	36.9266 	-0.0380858 	0
0.0182834 	-157.29 	37.4997 	-0.0466968 	0
0.0188548 	-157.194 	38.0139 	-0.055054 	0
0.0194261 	-157.086 	38.4828 	-0.0633699 	0
0.0199975 	-156.976 	38.9318 	-0.0715353 	0
0.0205688 	-156.852 	39.3295 	-0.0795176 	0
0.0211402 	-156.727 	39.721 	-0.0874458 	0
0.0217116 	-156.589 	40.0718 	-0.0951027 	0
0.0222829 	-156.454 	40.4227 	-0.102708 	0
0.0228543 	-156.3 	40.735 	-0.110115 	0
0.0234256 	-156.149 	41.0448 	-0.117374 	0
0.023997 	-155.986 	41.3396 	-0.1246 	0
0.0245683 	-155.82 	41.6134 	-0.131477 	0
0.0251397 	-155.653 	41.8872 	-0.138353 	0
0.0257111 	-155.471 	42.1442 	-0.145106 	0
0.0262824 	-155.288 	42.3864 	-0.151512 	0
0.0268538 	-155.106 	42.6286 	-0.157917 	0
0.0274251 	-154.915 	42.8647 	-0.164286 	0
0.0279965 	-154.712 	43.0785 	-0.17028 	0
0.0285678 	-154.513 	43.2924 	-0.176218 	0
0.0291392 	-154.314 	43.5063 	-0.182157 	0
0.0297106 	-154.1 	43.6993 	-0.187866 	0
0.0302819 	-153.884 	43.8631 	-0.193047 	0
0.0308533 	-153.668 	44.0269 	-0.198218 	0
0.0314246 	-153.453 	44.1907 	-0.203388 	0
0.031996 	-153.236 	44.3487 	-0.208508 	0
0.0325673 	-152.999 	44.4059 	-0.212677 	0
0.0331387 	-152.772 	44.4635 	-0.216796 	0
0.0337101 	-152.545 	44.5211 	-0.220915 	0
0.0342814 	-152.318 	44.5787 	-0.225034 	0
0.0348528 	-152.09 	44.6324 	-0.229103 	0
0.0354241 	-151.849 	44.6253 	-0.232379 	0
0.0359955 	-151.618 	44.6184 	-0.235639 	0
0.0365668 	-151.387 	44.6116 	-0.238899 	0
0.0371382 	-151.156 	44.6047 	-0.242159 	0
0.0377095 	-150.926 	44.5979 	-0.245419 	0
0.0382809 	-150.689 	44.5911 	-0.248451 	0
0.0388523 	-150.452 	44.5845 	-0.251042 	0
0.0394236 	-150.22 	44.5781 	-0.253641 	0
0.039995 	-149.989 	44.5717 	-0.256239 	0
0.0405663 	-149.758 	44.5653 	-0.258837 	0
0.0411377 	-149.527 	44.5589 	-0.261436 	0
0.041709 	-149.295 	44.5525 	-0.264034 	0
0.0422804 	-149.054 	44.5462 	-0.266073 	0
0.0428518 	-148.826 	44.5403 	-0.268004 	0
0.0434231 	-148.598 	44.5345 	-0.269937 	0
0.0439945 	-148.369 	44.5286 	-0.27187 	0
0.0445658 	-148.141 	44.5227 	-0.273802 	0
0.0451372 	-147.913 	44.5168 	-0.275735 	0
0.0457085 	-147.684 	44.511 	-0.277668 	0
0.0462799 	-147.455 	44.5052 	-0.279403 	0
0.0468513 	-147.225 	44.4996 	-0.280565 	0
0.0474226 	-147.004 	44.4943 	-0.281792 	0
0.047994 	-146.783 	44.489 	-0.283018 	0
0.0485653 	-146.562 	44.4837 	-0.284244 	0
0.0491367 	-146.341 	44.4783 	-0.285471 	0
0.049708 	-146.12 	44.473 	-0.286697 	0
0.0502794 	-145.899 	44.4677 	-0.287923 	0
0.0508508 	-145.678 	44.4624 	-0.28915 	0
0.0514221 	-145.457 	44.4573 	-0.289862 	0
0.0519935 	-145.242 	44.4525 	-0.290331 	0
0.0525648 	-145.033 	44.4478 	-0.290853 	0
0.0531362 	-144.824 	44.443 	-0.291374 	0
0.0537075 	-144.615 	44.4383 	-0.291896 	0
0.0542789 	-144.406 	44.4336 	-0.292417 	0
0.0548503 	-144.196 	44.4289 	-0.292938 	0
0.0554216 	-143.987 	44.4242 	-0.29346 	0
0.055993 	-143.778 	44.4195 	-0.293981 	0
0.0565643 	-143.569 	44.4148 	-0.294503 	0
0.0571357 	-143.368 	44.4105 	-0.294423 	0
0.057707 	-143.176 	44.4066 	-0.294195 	0
0.0582784 	-142.988 	44.4027 	-0.294034 	0
0.0588497 	-142.8 	44.3988 	-0.293873 	0
0.0594211 	-142.612 	44.3949 	-0.293712 	0
0.0599925 	-142.425 	44.391 	-0.293551 	0
0.0605638 	-142.237 	44.3871 	-0.29339 	0
0.0611352 	-142.049 	44.3832 	-0.293229 	0
0.0617065 	-141.861 	44.3793 	-0.293068 	0
0.0622779 	-141.674 	44.3755 	-0.292907 	0
0.0628492 	-141.486 	44.3716 	-0.292746 	0
0.0634206 	-141.302 	44.3679 	-0.292297 	0
0.063992 	-141.127 	44.3647 	-0.29142 	0
0.0645633 	-140.959 	44.3616 	-0.290673 	0
0.0651347 	-140.791 	44.3585 	-0.289925 	0
0.065706 	-140.622 	44.3554 	-0.289178 	0
0.0662774 	-140.454 	44.3523 	-0.28843 	0
0.0668487 	-140.285 	44.3492 	-0.287682 	0
0.0674201 	-140.117 	44.346 	-0.286935 	0
0.0679915 	-139.949 	44.3429 	-0.286187 	0
0.0685628 	-139.78 	44.3398 	-0.28544 	0
0.0691342 	-139.612 	44.3367 	-0.284692 	0
0.0697055 	-139.444 	44.3337 	-0.283913 	0
0.0702769 	-139.285 	44.3312 	-0.2825 	0
0.0708482 	-139.132 	44.3288 	-0.281258 	0
0.0714196 	-138.98 	44.3264 	-0.280017 	0
0.071991 	-138.827 	44.3241 	-0.278775 	0
0.0725623 	-138.675 	44.3217 	-0.277533 	0
0.0731337 	-138.522 	44.3194 	-0.276292 	0
0.073705 	-138.37 	44.317 	-0.27505 	0
0.0742764 	-138.217 	44.3147 	-0.273809 	0
0.0748477 	-138.065 	44.3123 	-0.272567 	0
0.0754191 	-137.915 	44.3101 	-0.271244 	0
0.0759905 	-137.776 	44.3085 	-0.269517 	0
0.0765618 	-137.643 	44.3069 	-0.267926 	0
0.0771332 	-137.509 	44.3054 	-0.266334 	0
0.0777045 	-137.375 	44.3039 	-0.264742 	0
0.0782759 	-137.241 	44.3024 	-0.26315 	0
0.0788472 	-137.107 	44.3008 	-0.261558 	0
0.0794186 	-136.973 	44.2993 	-0.259966 	0
0.0799899 	-136.84 	44.2978 	-0.258374 	0
0.0805613 	-136.712 	44.2967 	-0.25655 	0
0.0811327 	-136.594 	44.296 	-0.254652 	0
0.081704 	-136.476 	44.2953 	-0.252803 	0
0.0822754 	-136.359 	44.2946 	-0.250953 	0
0.0828467 	-136.242 	44.2939 	-0.249103 	0
0.0834181 	-136.125 	44.2933 	-0.247253 	0
0.0839894 	-136.008 	44.2926 	-0.245404 	0
0.0845608 	-135.891 	44.2919 	-0.243553 	0
0.0851322 	-135.785 	44.2921 	-0.241385 	0
0.0857035 	-135.683 	44.2923 	-0.239344 	0
0.0862749 	-135.58 	44.2926 	-0.237302 	0
0.0868462 	-135.478 	44.2928 	-0.235261 	0
0.0874176 	-135.375 	44.293 	-0.23322 	0
0.0879889 	-135.273 	44.2933 	-0.231178 	0
0.0885603 	-135.175 	44.2939 	-0.228993 	0
0.0891317 	-135.085 	44.2952 	-0.226779 	0
0.089703 	-134.995 	44.2964 	-0.224595 	0
0.0902744 	-134.906 	44.2977 	-0.222411 	0
0.0908457 	-134.816 	44.2989 	-0.220227 	0
0.0914171 	-134.727 	44.3002 	-0.218043 	0
0.0919884 	-134.644 	44.3022 	-0.215686 	0
0.0925598 	-134.566 	44.3046 	-0.213395 	0
0.0931312 	-134.487 	44.307 	-0.211105 	0
0.0937025 	-134.409 	44.3094 	-0.208814 	0
0.0942739 	-134.331 	44.3118 	-0.206523 	0
0.0948452 	-134.259 	44.3152 	-0.204091 	0
0.0954166 	-134.191 	44.319 	-0.201721 	0
0.0959879 	-134.123 	44.3227 	-0.199351 	0
0.0965593 	-134.055 	44.3265 	-0.196981 	0
0.0971307 	-133.989 	44.3308 	-0.194522 	0
0.097702 	-133.929 	44.3362 	-0.192087 	0
0.0982734 	-133.87 	44.3416 	-0.189659 	0
0.0988447 	-133.81 	44.347 	-0.18723 	0
0.0994161 	-133.754 	44.3534 	-0.184713 	0
0.0999874 	-133.703 	44.3607 	-0.182242 	0
0.100559 	-133.651 	44.3679 	-0.179771 	0
0.10113 	-133.6 	44.3758 	-0.177246 	0
0.101702 	-133.555 	44.3852 	-0.174735 	0
0.102273 	-133.51 	44.3947 	-0.172233 	0
0.102844 	-133.466 	44.4051 	-0.169676 	0
0.103416 	-133.427 	44.417 	-0.167154 	0
0.103987 	-133.388 	44.429 	-0.164632 	0
0.104558 	-133.352 	44.4433 	-0.162056 	0
0.10513 	-133.318 	44.458 	-0.159521 	0
0.105701 	-133.286 	44.4747 	-0.156944 	0
0.106272 	-133.256 	44.4924 	-0.154401 	0
0.106844 	-133.229 	44.5124 	-0.151824 	0
0.107415 	-133.203 	44.5335 	-0.149269 	0
0.107986 	-133.18 	44.5576 	-0.146704 	0
0.108558 	-133.159 	44.5836 	-0.144132 	0
0.109129 	-133.14 	44.612 	-0.141568 	0
0.109701 	-133.123 	44.6432 	-0.139015 	0
0.110272 	-133.108 	44.6777 	-0.136449 	0
0.110843 	-133.096 	44.6991 	-0.134026 	0
0.111415 	-133.082 	44.3713 	-0.127257 	0
0.111986 	-133.08 	41.9785 	-0.0910174 	0
0.112557 	-133.091 	37.9153 	-0.0488085 	0
0.113129 	-133.115 	32.5424 	-0.0183919 	0
0.1137 	-133.136 	1.46742e-10 	-4.67959e-15 	0
