0 	8.13573 	0 	0 	0
0.000571357 	7.93326 	19.4962 	-0.108813 	0
0.00114271 	7.57921 	20.5305 	-0.253505 	0
0.00171407 	7.34213 	20.461 	-0.409859 	0
0.00228543 	7.29418 	20.129 	-0.567694 	0
0.00285678 	7.37233 	20.0617 	-0.715076 	0
0.00342814 	7.33738 	20.9852 	-0.820227 	0
0.0039995 	7.10503 	22.4858 	-0.894607 	0
0.00457085 	6.78319 	23.7337 	-0.9685 	0
0.00514221 	6.40931 	24.8321 	-1.04156 	0
0.00571357 	5.9934 	25.8335 	-1.11109 	0
0.00628492 	5.52959 	26.7825 	-1.17816 	0
0.00685628 	5.01601 	27.6738 	-1.24264 	0
0.00742764 	4.45762 	28.5083 	-1.30375 	0
0.00799899 	3.88339 	29.2759 	-1.35913 	0
0.00857035 	3.22089 	29.9985 	-1.4148 	0
0.00914171 	2.56883 	30.6433 	-1.46342 	0
0.00971307 	1.83348 	31.2438 	-1.51143 	0
0.0102844 	1.08532 	31.7885 	-1.55757 	0
0.0108558 	0.395754 	32.2775 	-1.58637 	0
0.0114271 	-0.280716 	32.7044 	-1.6032 	0
0.0119985 	-1.35077 	33.0885 	-1.6872 	0
0.0125698 	-2.60909 	33.4387 	-1.76581 	0
0.0131412 	-3.18449 	33.9532 	-1.84902 	0
0.0137126 	-3.48384 	34.3043 	-1.87659 	0
0.0142839 	-3.98957 	34.6532 	-1.90213 	0
0.0148553 	-4.60925 	34.992 	-1.92666 	0
0.0154266 	-5.31136 	35.3203 	-1.95073 	0
0.015998 	-6.05644 	35.6336 	-1.97282 	0
0.0165693 	-6.84414 	35.9362 	-1.99411 	0
0.0171407 	-7.67024 	36.2284 	-2.01448 	0
0.0177121 	-8.53099 	36.5107 	-2.03387 	0
0.0182834 	-9.42308 	36.7846 	-2.05225 	0
0.0188548 	-10.3058 	37.043 	-2.0688 	0
0.0194261 	-11.2096 	37.289 	-2.08419 	0
0.0199975 	-12.1767 	37.5348 	-2.09916 	0
0.0205688 	-13.0612 	37.7487 	-2.11154 	0
0.0211402 	-14.0686 	37.9717 	-2.1238 	0
0.0217116 	-14.9681 	38.1571 	-2.13369 	0
0.0222829 	-15.9994 	38.3568 	-2.1432 	0
0.0228543 	-16.92 	38.5096 	-2.1502 	0
0.0234256 	-17.8867 	38.6651 	-2.1566 	0
0.023997 	-18.9076 	38.8084 	-2.16111 	0
0.0245683 	-19.8186 	38.914 	-2.16439 	0
0.0251397 	-20.8329 	39.0308 	-2.16631 	0
0.0257111 	-21.8295 	39.1223 	-2.16636 	0
0.0262824 	-22.7311 	39.1823 	-2.16575 	0
0.0268538 	-23.7033 	39.2491 	-2.16374 	0
0.0274251 	-24.7471 	39.3156 	-2.15948 	0
0.0279965 	-25.6261 	39.3394 	-2.15535 	0
0.0285678 	-26.5051 	39.3631 	-2.15122 	0
0.0291392 	-27.516 	39.3965 	-2.14347 	0
0.0297106 	-28.4838 	39.4225 	-2.13546 	0
0.0302819 	-29.3269 	39.4332 	-2.1288 	0
0.0308533 	-30.1701 	39.444 	-2.12214 	0
0.0314246 	-31.107 	39.4587 	-2.11217 	0
0.031996 	-32.0974 	39.4765 	-2.10016 	0
0.0325673 	-32.8973 	39.499 	-2.09259 	0
0.0331387 	-33.6972 	39.5214 	-2.08503 	0
0.0337101 	-34.4971 	39.5439 	-2.07747 	0
0.0342814 	-35.4088 	39.569 	-2.06521 	0
0.0348528 	-36.3334 	39.5953 	-2.05225 	0
0.0354241 	-37.0876 	39.6311 	-2.04383 	0
0.0359955 	-37.8418 	39.6668 	-2.03541 	0
0.0365668 	-38.596 	39.7026 	-2.027 	0
0.0371382 	-39.3894 	39.7397 	-2.01666 	0
0.0377095 	-40.2537 	39.7791 	-2.00283 	0
0.0382809 	-41.0629 	39.8147 	-1.99011 	0
0.0388523 	-41.7627 	39.843 	-1.97958 	0
0.0394236 	-42.4625 	39.8712 	-1.96905 	0
0.039995 	-43.1623 	39.8995 	-1.95851 	0
0.0405663 	-43.8695 	39.928 	-1.94752 	0
0.0411377 	-44.6522 	39.9601 	-1.93171 	0
0.041709 	-45.4348 	39.9922 	-1.91591 	0
0.0422804 	-46.1023 	40.0161 	-1.90305 	0
0.0428518 	-46.7356 	40.0375 	-1.89105 	0
0.0434231 	-47.3688 	40.059 	-1.87905 	0
0.0439945 	-48.0021 	40.0804 	-1.86705 	0
0.0445658 	-48.6354 	40.1019 	-1.85506 	0
0.0451372 	-49.3183 	40.1254 	-1.83849 	0
0.0457085 	-50.0065 	40.1492 	-1.82142 	0
0.0462799 	-50.6633 	40.1724 	-1.80539 	0
0.0468513 	-51.2241 	40.1939 	-1.79251 	0
0.0474226 	-51.7849 	40.2153 	-1.77964 	0
0.047994 	-52.3457 	40.2368 	-1.76677 	0
0.0485653 	-52.9065 	40.2583 	-1.7539 	0
0.0491367 	-53.4672 	40.2797 	-1.74103 	0
0.049708 	-54.0468 	40.302 	-1.7251 	0
0.0502794 	-54.6359 	40.3247 	-1.70762 	0
0.0508508 	-55.225 	40.3475 	-1.69014 	0
0.0514221 	-55.7486 	40.3674 	-1.67498 	0
0.0519935 	-56.2318 	40.3856 	-1.66125 	0
0.0525648 	-56.715 	40.4039 	-1.64752 	0
0.0531362 	-57.1982 	40.4221 	-1.63379 	0
0.0537075 	-57.6814 	40.4403 	-1.62006 	0
0.0542789 	-58.1646 	40.4585 	-1.60633 	0
0.0548503 	-58.6491 	40.4769 	-1.59172 	0
0.0554216 	-59.1384 	40.4957 	-1.57395 	0
0.055993 	-59.6277 	40.5145 	-1.55617 	0
0.0565643 	-60.117 	40.5333 	-1.5384 	0
0.0571357 	-60.5359 	40.5496 	-1.52363 	0
0.057707 	-60.9284 	40.5649 	-1.50998 	0
0.0582784 	-61.3208 	40.5802 	-1.49633 	0
0.0588497 	-61.7133 	40.5955 	-1.48269 	0
0.0594211 	-62.1057 	40.6109 	-1.46904 	0
0.0599925 	-62.4982 	40.6262 	-1.4554 	0
0.0605638 	-62.8906 	40.6415 	-1.44175 	0
0.0611352 	-63.2794 	40.6568 	-1.42681 	0
0.0617065 	-63.6622 	40.6721 	-1.40983 	0
0.0622779 	-64.0451 	40.6875 	-1.39285 	0
0.0628492 	-64.428 	40.7028 	-1.37586 	0
0.0634206 	-64.7877 	40.7173 	-1.36015 	0
0.063992 	-65.1105 	40.7304 	-1.34646 	0
0.0645633 	-65.4333 	40.7435 	-1.33277 	0
0.0651347 	-65.7562 	40.7566 	-1.31908 	0
0.065706 	-66.079 	40.7698 	-1.30539 	0
0.0662774 	-66.4018 	40.7829 	-1.2917 	0
0.0668487 	-66.7247 	40.796 	-1.27801 	0
0.0674201 	-67.0466 	40.8091 	-1.26419 	0
0.0679915 	-67.3508 	40.8219 	-1.24772 	0
0.0685628 	-67.655 	40.8348 	-1.23125 	0
0.0691342 	-67.9592 	40.8476 	-1.21477 	0
0.0697055 	-68.262 	40.8603 	-1.19842 	0
0.0702769 	-68.5353 	40.8721 	-1.18443 	0
0.0708482 	-68.8085 	40.8839 	-1.17045 	0
0.0714196 	-69.0818 	40.8956 	-1.15646 	0
0.071991 	-69.355 	40.9074 	-1.14247 	0
0.0725623 	-69.6282 	40.9192 	-1.12849 	0
0.0731337 	-69.9015 	40.9309 	-1.1145 	0
0.073705 	-70.1599 	40.9424 	-1.09895 	0
0.0742764 	-70.4102 	40.9536 	-1.08253 	0
0.0748477 	-70.6606 	40.9649 	-1.06612 	0
0.0754191 	-70.9073 	40.9761 	-1.05011 	0
0.0759905 	-71.1345 	40.9866 	-1.03633 	0
0.0765618 	-71.3618 	40.9972 	-1.02255 	0
0.0771332 	-71.589 	41.0077 	-1.00878 	0
0.0777045 	-71.8163 	41.0183 	-0.994996 	0
0.0782759 	-72.0435 	41.0288 	-0.981217 	0
0.0788472 	-72.2573 	41.0391 	-0.966227 	0
0.0794186 	-72.4611 	41.0491 	-0.950334 	0
0.0799899 	-72.6648 	41.059 	-0.93444 	0
0.0805613 	-72.862 	41.0689 	-0.919767 	0
0.0811327 	-73.0534 	41.0786 	-0.906186 	0
0.081704 	-73.2447 	41.0884 	-0.892604 	0
0.0822754 	-73.4361 	41.0981 	-0.879023 	0
0.0828467 	-73.6274 	41.1079 	-0.865441 	0
0.0834181 	-73.8039 	41.1172 	-0.850615 	0
0.0839894 	-73.9727 	41.1264 	-0.835143 	0
0.0845608 	-74.1414 	41.1356 	-0.819675 	0
0.0851322 	-74.3042 	41.1449 	-0.806304 	0
0.0857035 	-74.467 	41.1542 	-0.792933 	0
0.0862749 	-74.6297 	41.1635 	-0.779562 	0
0.0868462 	-74.7925 	41.1728 	-0.76619 	0
0.0874176 	-74.9394 	41.1817 	-0.751511 	0
0.0879889 	-75.0811 	41.1904 	-0.736408 	0
0.0885603 	-75.2219 	41.1994 	-0.722141 	0
0.0891317 	-75.3616 	41.2086 	-0.708945 	0
0.089703 	-75.5013 	41.2178 	-0.695748 	0
0.0902744 	-75.641 	41.227 	-0.682551 	0
0.0908457 	-75.7665 	41.2358 	-0.668165 	0
0.0914171 	-75.8867 	41.2445 	-0.653348 	0
0.0919884 	-76.0073 	41.2537 	-0.639808 	0
0.0925598 	-76.1281 	41.2632 	-0.62678 	0
0.0931312 	-76.2489 	41.2727 	-0.613753 	0
0.0937025 	-76.361 	41.2819 	-0.599981 	0
0.0942739 	-76.4637 	41.2909 	-0.58541 	0
0.0948452 	-76.5683 	41.3007 	-0.572055 	0
0.0954166 	-76.6735 	41.3108 	-0.559173 	0
0.0959879 	-76.7787 	41.321 	-0.546292 	0
0.0965593 	-76.8686 	41.3306 	-0.532067 	0
0.0971307 	-76.9583 	41.3408 	-0.518286 	0
0.097702 	-77.0506 	41.352 	-0.50554 	0
0.0982734 	-77.1429 	41.3632 	-0.492793 	0
0.0988447 	-77.2205 	41.374 	-0.47873 	0
0.0994161 	-77.2996 	41.3858 	-0.465422 	0
0.0999874 	-77.3812 	41.3985 	-0.452803 	0
0.100559 	-77.4561 	41.4109 	-0.439583 	0
0.10113 	-77.5236 	41.4237 	-0.425919 	0
0.101702 	-77.5962 	41.4383 	-0.413413 	0
0.102273 	-77.6629 	41.4527 	-0.400367 	0
0.102844 	-77.7229 	41.4678 	-0.386995 	0
0.103416 	-77.7882 	41.4847 	-0.374604 	0
0.103987 	-77.8422 	41.5011 	-0.361185 	0
0.104558 	-77.8998 	41.5201 	-0.348649 	0
0.10513 	-77.9525 	41.5394 	-0.335766 	0
0.105701 	-78.0026 	41.5607 	-0.32301 	0
0.106272 	-78.0504 	41.583 	-0.310228 	0
0.106844 	-78.0969 	41.6081 	-0.297788 	0
0.107415 	-78.1374 	41.6329 	-0.284961 	0
0.107986 	-78.1809 	41.6375 	-0.272876 	0
0.108558 	-78.2154 	41.5025 	-0.257557 	0
0.109129 	-78.2454 	41.1078 	-0.237216 	0
0.109701 	-78.2738 	40.1806 	-0.207036 	0
0.110272 	-78.3042 	38.6623 	-0.168444 	0
0.110843 	-78.334 	36.8129 	-0.130057 	0
0.111415 	-78.3625 	34.7691 	-0.0940503 	0
0.111986 	-78.3935 	32.5501 	-0.0632443 	0
0.112557 	-78.4262 	29.9454 	-0.0369533 	0
0.113129 	-78.4582 	26.0446 	-0.0148382 	0
0.1137 	-78.4772 	1.06846e-10 	-3.42718e-15 	0
