0 	-174.827 	0 	0 	0
0.000571357 	-174.573 	36.651 	0.0514108 	0
0.00114271 	-173.272 	40.5126 	0.403725 	0
0.00171407 	-171.116 	36.5377 	0.750969 	0
0.00228543 	-167.852 	31.3666 	1.16013 	0
0.00285678 	-163.877 	19.2709 	2.77582 	0
0.00342814 	-160.951 	-7.32858 	6.60779 	0
0.0039995 	-162.427 	-11.3058 	7.55197 	0
0.00457085 	-165 	-11.1785 	7.61056 	0
0.00514221 	-167.015 	-10.7069 	7.6243 	0
0.00571357 	-168.467 	-9.90281 	7.61197 	0
0.00628492 	-169.421 	-8.7185 	7.5653 	0
0.00685628 	-169.987 	-7.25472 	7.48684 	0
0.00742764 	-170.197 	-5.7038 	7.38868 	0
0.00799899 	-170.123 	-4.16825 	7.28265 	0
0.00857035 	-169.836 	-2.67635 	7.17451 	0
0.00914171 	-169.428 	-1.23217 	7.06729 	0
0.00971307 	-168.904 	0.16858 	6.96168 	0
0.0102844 	-168.3 	1.53919 	6.85927 	0
0.0108558 	-167.634 	2.88744 	6.76229 	0
0.0114271 	-166.917 	4.2186 	6.6734 	0
0.0119985 	-166.159 	5.53916 	6.59531 	0
0.0125698 	-165.256 	6.82121 	6.51868 	0
0.0131412 	-163.748 	8.26823 	6.49641 	0
0.0137126 	-163.031 	9.37546 	6.56275 	0
0.0142839 	-162.508 	10.6144 	6.63489 	0
0.0148553 	-162.041 	11.923 	6.7019 	0
0.0154266 	-161.595 	13.2724 	6.76463 	0
0.015998 	-161.151 	14.6587 	6.82466 	0
0.0165693 	-160.67 	16.0837 	6.88497 	0
0.0171407 	-160.142 	17.5438 	6.94712 	0
0.0177121 	-159.556 	19.0344 	7.0085 	0
0.0182834 	-158.895 	20.5473 	7.07278 	0
0.0188548 	-158.14 	22.0832 	7.14056 	0
0.0194261 	-157.272 	23.6355 	7.21029 	0
0.0199975 	-156.278 	25.2014 	7.2852 	0
0.0205688 	-155.139 	26.7944 	7.37062 	0
0.0211402 	-153.83 	28.4289 	7.47187 	0
0.0217116 	-152.278 	30.111 	7.58609 	0
0.0222829 	-150.438 	31.8635 	7.72406 	0
0.0228543 	-148.314 	33.6703 	7.88203 	0
0.0234256 	-145.914 	35.5109 	8.04778 	0
0.023997 	-142.991 	37.4033 	8.21367 	0
0.0245683 	-139.667 	39.2747 	8.38463 	0
0.0251397 	-136.085 	41.0824 	8.53465 	0
0.0257111 	-131.813 	42.4757 	8.55665 	0
0.0262824 	-127.657 	43.582 	8.49435 	0
0.0268538 	-123.164 	44.148 	8.27615 	0
0.0274251 	-119.117 	44.4908 	7.99339 	0
0.0279965 	-115.101 	44.5729 	7.66417 	0
0.0285678 	-111.588 	44.6358 	7.327 	0
0.0291392 	-108.285 	44.6964 	7.02825 	0
0.0297106 	-105.284 	44.7856 	6.73145 	0
0.0302819 	-102.577 	44.9655 	6.48586 	0
0.0308533 	-99.877 	45.1536 	6.24616 	0
0.0314246 	-97.6696 	45.3894 	6.0232 	0
0.031996 	-95.3489 	45.619 	5.81619 	0
0.0325673 	-93.2813 	45.859 	5.60821 	0
0.0331387 	-91.3095 	46.0534 	5.40925 	0
0.0337101 	-89.296 	46.2362 	5.21231 	0
0.0342814 	-87.6306 	46.4258 	5.01295 	0
0.0348528 	-85.8903 	46.5508 	4.82525 	0
0.0354241 	-84.1489 	46.6754 	4.6376 	0
0.0359955 	-82.7226 	46.8068 	4.4484 	0
0.0365668 	-81.2385 	46.8788 	4.27102 	0
0.0371382 	-79.7371 	46.9458 	4.0946 	0
0.0377095 	-78.4087 	47.017 	3.9176 	0
0.0382809 	-77.2024 	47.0541 	3.74732 	0
0.0388523 	-75.908 	47.066 	3.5818 	0
0.0394236 	-74.6135 	47.078 	3.41628 	0
0.039995 	-73.6499 	47.0974 	3.25057 	0
0.0405663 	-72.5271 	47.0741 	3.09868 	0
0.0411377 	-71.4044 	47.0509 	2.94679 	0
0.041709 	-70.3087 	47.0285 	2.7949 	0
0.0422804 	-69.4831 	47.0111 	2.64549 	0
0.0428518 	-68.4877 	46.9686 	2.50833 	0
0.0434231 	-67.4922 	46.9262 	2.37117 	0
0.0439945 	-66.4967 	46.8837 	2.23401 	0
0.0445658 	-65.7781 	46.8516 	2.0974 	0
0.0451372 	-64.8636 	46.8083 	1.97492 	0
0.0457085 	-63.9476 	46.765 	1.85255 	0
0.0462799 	-63.0316 	46.7217 	1.73018 	0
0.0468513 	-62.2467 	46.6837 	1.6084 	0
0.0474226 	-61.4705 	46.6492 	1.4934 	0
0.047994 	-60.5849 	46.6141 	1.38519 	0
0.0485653 	-59.6992 	46.5789 	1.27698 	0
0.0491367 	-58.8135 	46.5437 	1.16878 	0
0.049708 	-58.0843 	46.5146 	1.06173 	0
0.0502794 	-57.2735 	46.4817 	0.961436 	0
0.0508508 	-56.3762 	46.445 	0.865291 	0
0.0514221 	-55.479 	46.4083 	0.769147 	0
0.0519935 	-54.5818 	46.3717 	0.673003 	0
0.0525648 	-53.7896 	46.3387 	0.577977 	0
0.0531362 	-52.9982 	46.3041 	0.486646 	0
0.0537075 	-52.0594 	46.2609 	0.400959 	0
0.0542789 	-51.1205 	46.2177 	0.315273 	0
0.0548503 	-50.1817 	46.1745 	0.229586 	0
0.0554216 	-49.2429 	46.1313 	0.1439 	0
0.055993 	-48.4636 	46.0933 	0.0605574 	0
0.0565643 	-47.5384 	46.0479 	-0.0182813 	0
0.0571357 	-46.5332 	45.9985 	-0.0946922 	0
0.057707 	-45.5279 	45.949 	-0.171103 	0
0.0582784 	-44.5227 	45.8996 	-0.247514 	0
0.0588497 	-43.5175 	45.8502 	-0.323925 	0
0.0594211 	-42.6523 	45.805 	-0.397582 	0
0.0599925 	-41.6877 	45.754 	-0.467679 	0
0.0605638 	-40.617 	45.6971 	-0.534381 	0
0.0611352 	-39.5462 	45.6403 	-0.601084 	0
0.0617065 	-38.4755 	45.5834 	-0.667786 	0
0.0622779 	-37.4048 	45.5265 	-0.734488 	0
0.0628492 	-36.3922 	45.4713 	-0.799755 	0
0.0634206 	-35.4578 	45.4184 	-0.863091 	0
0.063992 	-34.3327 	45.3524 	-0.922242 	0
0.0645633 	-33.1769 	45.2843 	-0.980718 	0
0.0651347 	-32.021 	45.2162 	-1.03919 	0
0.065706 	-30.8652 	45.1481 	-1.09767 	0
0.0662774 	-29.7093 	45.0799 	-1.15614 	0
0.0668487 	-28.6577 	45.015 	-1.21158 	0
0.0674201 	-27.5848 	44.9469 	-1.26534 	0
0.0679915 	-26.3362 	44.8648 	-1.31615 	0
0.0685628 	-25.0877 	44.7828 	-1.36696 	0
0.0691342 	-23.8392 	44.7007 	-1.41777 	0
0.0697055 	-22.5907 	44.6187 	-1.46857 	0
0.0702769 	-21.4125 	44.539 	-1.51709 	0
0.0708482 	-20.285 	44.4602 	-1.56312 	0
0.0714196 	-18.9906 	44.3656 	-1.60439 	0
0.071991 	-17.6962 	44.2709 	-1.64566 	0
0.0725623 	-16.4018 	44.1762 	-1.68693 	0
0.0731337 	-15.1073 	44.0816 	-1.7282 	0
0.073705 	-13.9104 	43.9908 	-1.76611 	0
0.0742764 	-12.6927 	43.8951 	-1.80039 	0
0.0748477 	-11.383 	43.7891 	-1.83085 	0
0.0754191 	-10.0733 	43.6831 	-1.86131 	0
0.0759905 	-8.76368 	43.5771 	-1.89177 	0
0.0765618 	-7.50164 	43.4734 	-1.92062 	0
0.0771332 	-6.31064 	43.372 	-1.94564 	0
0.0777045 	-5.01689 	43.2554 	-1.96362 	0
0.0782759 	-3.72314 	43.1389 	-1.98161 	0
0.0788472 	-2.42939 	43.0224 	-1.99959 	0
0.0794186 	-1.18567 	42.909 	-2.01603 	0
0.0799899 	0.000493616 	42.796 	-2.0276 	0
0.0805613 	1.24878 	42.6696 	-2.03144 	0
0.0811327 	2.49708 	42.5432 	-2.03528 	0
0.081704 	3.74537 	42.4168 	-2.03912 	0
0.0822754 	4.89912 	42.2978 	-2.04071 	0
0.0828467 	6.06306 	42.1687 	-2.03266 	0
0.0834181 	7.23977 	42.0351 	-2.02126 	0
0.0839894 	8.41649 	41.9016 	-2.00986 	0
0.0845608 	9.53613 	41.7738 	-1.99782 	0
0.0851322 	10.6153 	41.643 	-1.97726 	0
0.0857035 	11.7014 	41.5057 	-1.95026 	0
0.0862749 	12.7874 	41.3684 	-1.92326 	0
0.0868462 	13.8208 	41.2381 	-1.89668 	0
0.0874176 	14.8094 	41.1047 	-1.85993 	0
0.0879889 	15.7936 	40.9678 	-1.81841 	0
0.0885603 	16.7777 	40.8309 	-1.77689 	0
0.0891317 	17.6947 	40.704 	-1.73587 	0
0.089703 	18.579 	40.5715 	-1.68124 	0
0.0902744 	19.4634 	40.439 	-1.62662 	0
0.0908457 	20.3217 	40.3119 	-1.57411 	0
0.0914171 	21.1177 	40.1868 	-1.51154 	0
0.0919884 	21.9026 	40.0613 	-1.44599 	0
0.0925598 	22.6788 	39.9394 	-1.38311 	0
0.0931312 	23.3944 	39.8182 	-1.31083 	0
0.0937025 	24.0913 	39.6955 	-1.23384 	0
0.0942739 	24.795 	39.5797 	-1.16229 	0
0.0948452 	25.427 	39.4181 	-1.07191 	0
0.0954166 	26.0495 	39.2502 	-0.978661 	0
0.0959879 	26.6769 	39.0782 	-0.89066 	0
0.0965593 	27.2269 	38.8611 	-0.786176 	0
0.0971307 	27.7997 	38.6459 	-0.687449 	0
0.097702 	28.305 	38.4298 	-0.585026 	0
0.0982734 	28.7979 	38.2124 	-0.48174 	0
0.0988447 	29.2805 	37.9977 	-0.384244 	0
0.0994161 	29.7063 	37.788 	-0.281353 	0
0.0999874 	30.1571 	37.5709 	-0.188296 	0
0.100559 	30.5381 	37.3544 	-0.0895106 	0
0.10113 	30.9478 	37.1537 	-0.00215473 	0
0.101702 	31.317 	36.9714 	0.0858564 	0
0.102273 	31.6759 	36.7662 	0.169063 	0
0.102844 	32.0563 	36.5439 	0.249048 	0
0.103416 	32.3773 	36.238 	0.334097 	0
0.103987 	32.7506 	35.9766 	0.411044 	0
0.104558 	33.1193 	35.7742 	0.484911 	0
0.10513 	33.476 	35.7158 	0.552537 	0
0.105701 	33.8392 	35.7253 	0.617091 	0
0.106272 	34.2268 	35.6695 	0.67928 	0
0.106844 	34.6229 	35.431 	0.740855 	0
0.107415 	35.0318 	34.8999 	0.79972 	0
0.107986 	35.4537 	34.0231 	0.851835 	0
0.108558 	35.8817 	32.8088 	0.893098 	0
0.109129 	36.3001 	31.2874 	0.919863 	0
0.109701 	36.7011 	29.5199 	0.92745 	0
0.110272 	37.0677 	27.5735 	0.918167 	0
0.110843 	37.3908 	25.4767 	0.889857 	0
0.111415 	37.6581 	23.2707 	0.843769 	0
0.111986 	37.8314 	20.7359 	0.799527 	0
0.112557 	37.7592 	19.427 	0.692061 	0
0.113129 	37.9554 	20.1454 	0.51354 	0
0.1137 	38.7179 	21.7473 	0.312072 	0
