0 	12.6098 	0 	0 	0
0.000571357 	12.3093 	15.768 	-0.16878 	0
0.00114271 	11.8863 	16.4857 	-0.384918 	0
0.00171407 	11.755 	16.3014 	-0.61132 	0
0.00228543 	11.8589 	16.1467 	-0.827011 	0
0.00285678 	11.7918 	17.1497 	-0.99297 	0
0.00342814 	11.4567 	18.906 	-1.12298 	0
0.0039995 	11.0266 	20.4281 	-1.24832 	0
0.00457085 	10.5207 	21.7195 	-1.37117 	0
0.00514221 	9.94274 	22.8847 	-1.48836 	0
0.00571357 	9.27871 	23.9712 	-1.60173 	0
0.00628492 	8.53472 	25.0023 	-1.70984 	0
0.00685628 	7.7114 	25.9806 	-1.81271 	0
0.00742764 	6.79535 	26.9076 	-1.91155 	0
0.00799899 	5.80927 	27.7722 	-2.00289 	0
0.00857035 	4.75276 	28.5826 	-2.08908 	0
0.00914171 	3.60107 	29.3324 	-2.17015 	0
0.00971307 	2.3852 	30.032 	-2.2459 	0
0.0102844 	1.13731 	30.6762 	-2.31445 	0
0.0108558 	-0.17856 	31.2759 	-2.36777 	0
0.0114271 	-1.64489 	31.8112 	-2.42461 	0
0.0119985 	-3.56185 	32.2862 	-2.56744 	0
0.0125698 	-4.97369 	32.6898 	-2.63861 	0
0.0131412 	-4.83505 	33.2196 	-2.6246 	0
0.0137126 	-5.13898 	33.6022 	-2.66581 	0
0.0142839 	-5.83795 	33.9815 	-2.70446 	0
0.0148553 	-6.73916 	34.352 	-2.74066 	0
0.0154266 	-7.75491 	34.7116 	-2.77408 	0
0.015998 	-8.87946 	35.0615 	-2.80499 	0
0.0165693 	-10.0641 	35.4008 	-2.83329 	0
0.0171407 	-11.2959 	35.729 	-2.85901 	0
0.0177121 	-12.5628 	36.0463 	-2.88234 	0
0.0182834 	-13.8539 	36.3538 	-2.90361 	0
0.0188548 	-15.2247 	36.653 	-2.9224 	0
0.0194261 	-16.5631 	36.9354 	-2.93869 	0
0.0199975 	-17.9482 	37.2147 	-2.95385 	0
0.0205688 	-19.3311 	37.4718 	-2.96543 	0
0.0211402 	-20.7124 	37.725 	-2.97657 	0
0.0217116 	-22.1306 	37.9566 	-2.98374 	0
0.0222829 	-23.5721 	38.1901 	-2.99076 	0
0.0228543 	-24.9357 	38.3842 	-2.99379 	0
0.0234256 	-26.3779 	38.5825 	-2.9957 	0
0.023997 	-27.7281 	38.7551 	-2.99642 	0
0.0245683 	-29.1527 	38.9088 	-2.99244 	0
0.0251397 	-30.5774 	39.0625 	-2.98847 	0
0.0257111 	-31.8913 	39.1819 	-2.98295 	0
0.0262824 	-33.2737 	39.2841 	-2.97246 	0
0.0268538 	-34.6561 	39.3862 	-2.96198 	0
0.0274251 	-35.9698 	39.4746 	-2.95182 	0
0.0279965 	-37.2462 	39.5262 	-2.93628 	0
0.0285678 	-38.5571 	39.5801 	-2.91972 	0
0.0291392 	-39.8681 	39.634 	-2.90316 	0
0.0297106 	-41.0552 	39.6731 	-2.88823 	0
0.0302819 	-42.2655 	39.6992 	-2.86734 	0
0.0308533 	-43.4758 	39.7252 	-2.84645 	0
0.0314246 	-44.6861 	39.7513 	-2.82556 	0
0.031996 	-45.8814 	39.7774 	-2.80508 	0
0.0325673 	-46.9109 	39.8048 	-2.78661 	0
0.0331387 	-48.0025 	39.8333 	-2.76469 	0
0.0337101 	-49.0942 	39.8618 	-2.74277 	0
0.0342814 	-50.1858 	39.8903 	-2.72085 	0
0.0348528 	-51.2636 	39.9195 	-2.69942 	0
0.0354241 	-52.184 	39.9604 	-2.68128 	0
0.0359955 	-53.1519 	40.0025 	-2.65947 	0
0.0365668 	-54.1197 	40.0446 	-2.63767 	0
0.0371382 	-55.0876 	40.0867 	-2.61586 	0
0.0377095 	-56.0555 	40.1288 	-2.59406 	0
0.0382809 	-56.9612 	40.1675 	-2.57426 	0
0.0388523 	-57.7852 	40.2018 	-2.55302 	0
0.0394236 	-58.6237 	40.2368 	-2.52986 	0
0.039995 	-59.4622 	40.2718 	-2.5067 	0
0.0405663 	-60.3008 	40.3068 	-2.48354 	0
0.0411377 	-61.1393 	40.3418 	-2.46039 	0
0.041709 	-61.9778 	40.3768 	-2.43723 	0
0.0422804 	-62.7017 	40.4032 	-2.41817 	0
0.0428518 	-63.4046 	40.4282 	-2.3944 	0
0.0434231 	-64.1075 	40.4531 	-2.37064 	0
0.0439945 	-64.8104 	40.478 	-2.34687 	0
0.0445658 	-65.5133 	40.5029 	-2.3231 	0
0.0451372 	-66.2162 	40.5278 	-2.29933 	0
0.0457085 	-66.9191 	40.5527 	-2.27557 	0
0.0462799 	-67.594 	40.5771 	-2.25334 	0
0.0468513 	-68.1748 	40.5998 	-2.23319 	0
0.0474226 	-68.7459 	40.6224 	-2.20995 	0
0.047994 	-69.317 	40.645 	-2.1867 	0
0.0485653 	-69.888 	40.6677 	-2.16346 	0
0.0491367 	-70.4591 	40.6903 	-2.14021 	0
0.049708 	-71.0302 	40.7129 	-2.11696 	0
0.0502794 	-71.6013 	40.7355 	-2.09372 	0
0.0508508 	-72.1724 	40.7581 	-2.07047 	0
0.0514221 	-72.6929 	40.7784 	-2.05061 	0
0.0519935 	-73.1534 	40.7967 	-2.02942 	0
0.0525648 	-73.6029 	40.8148 	-2.00691 	0
0.0531362 	-74.0523 	40.8329 	-1.9844 	0
0.0537075 	-74.5017 	40.851 	-1.96189 	0
0.0542789 	-74.9512 	40.8691 	-1.93939 	0
0.0548503 	-75.4006 	40.8873 	-1.91688 	0
0.0554216 	-75.85 	40.9054 	-1.89437 	0
0.055993 	-76.2994 	40.9235 	-1.87186 	0
0.0565643 	-76.7489 	40.9416 	-1.84935 	0
0.0571357 	-77.1499 	40.9577 	-1.83086 	0
0.057707 	-77.4983 	40.9722 	-1.81132 	0
0.0582784 	-77.8318 	40.9865 	-1.79069 	0
0.0588497 	-78.1653 	41.0007 	-1.77005 	0
0.0594211 	-78.4988 	41.015 	-1.74941 	0
0.0599925 	-78.8323 	41.0293 	-1.72878 	0
0.0605638 	-79.1658 	41.0435 	-1.70814 	0
0.0611352 	-79.4993 	41.0578 	-1.68751 	0
0.0617065 	-79.8328 	41.072 	-1.66687 	0
0.0622779 	-80.1663 	41.0863 	-1.64623 	0
0.0628492 	-80.4998 	41.1005 	-1.6256 	0
0.0634206 	-80.822 	41.1142 	-1.60657 	0
0.063992 	-81.1076 	41.1266 	-1.58908 	0
0.0645633 	-81.36 	41.1382 	-1.56975 	0
0.0651347 	-81.6125 	41.1498 	-1.55042 	0
0.065706 	-81.8649 	41.1614 	-1.5311 	0
0.0662774 	-82.1173 	41.173 	-1.51177 	0
0.0668487 	-82.3697 	41.1846 	-1.49245 	0
0.0674201 	-82.6221 	41.1962 	-1.47312 	0
0.0679915 	-82.8745 	41.2079 	-1.4538 	0
0.0685628 	-83.1269 	41.2195 	-1.43447 	0
0.0691342 	-83.3793 	41.2311 	-1.41514 	0
0.0697055 	-83.6316 	41.2427 	-1.39595 	0
0.0702769 	-83.8744 	41.2537 	-1.37919 	0
0.0708482 	-84.0741 	41.2638 	-1.36043 	0
0.0714196 	-84.2737 	41.2738 	-1.34168 	0
0.071991 	-84.4734 	41.2839 	-1.32293 	0
0.0725623 	-84.6731 	41.2939 	-1.30417 	0
0.0731337 	-84.8728 	41.304 	-1.28542 	0
0.073705 	-85.0725 	41.314 	-1.26666 	0
0.0742764 	-85.2721 	41.3241 	-1.24791 	0
0.0748477 	-85.4718 	41.3341 	-1.22915 	0
0.0754191 	-85.6721 	41.3442 	-1.21084 	0
0.0759905 	-85.8588 	41.3537 	-1.19423 	0
0.0765618 	-86.0167 	41.3626 	-1.1764 	0
0.0771332 	-86.1747 	41.3715 	-1.15858 	0
0.0777045 	-86.3326 	41.3803 	-1.14076 	0
0.0782759 	-86.4905 	41.3892 	-1.12293 	0
0.0788472 	-86.6484 	41.398 	-1.10511 	0
0.0794186 	-86.8064 	41.4069 	-1.08728 	0
0.0799899 	-86.9643 	41.4158 	-1.06946 	0
0.0805613 	-87.1279 	41.4248 	-1.05288 	0
0.0811327 	-87.2624 	41.4331 	-1.03601 	0
0.081704 	-87.3906 	41.4412 	-1.01888 	0
0.0822754 	-87.5188 	41.4494 	-1.00175 	0
0.0828467 	-87.6471 	41.4575 	-0.984629 	0
0.0834181 	-87.7753 	41.4656 	-0.967503 	0
0.0839894 	-87.9035 	41.4738 	-0.950377 	0
0.0845608 	-88.0317 	41.4819 	-0.933256 	0
0.0851322 	-88.1589 	41.4903 	-0.917557 	0
0.0857035 	-88.265 	41.4981 	-0.900991 	0
0.0862749 	-88.3712 	41.5059 	-0.884425 	0
0.0868462 	-88.4773 	41.5137 	-0.867859 	0
0.0874176 	-88.5834 	41.5216 	-0.851292 	0
0.0879889 	-88.6896 	41.5294 	-0.834726 	0
0.0885603 	-88.8019 	41.5376 	-0.818927 	0
0.0891317 	-88.8935 	41.5455 	-0.802883 	0
0.089703 	-88.9827 	41.5533 	-0.786732 	0
0.0902744 	-89.0719 	41.5612 	-0.77058 	0
0.0908457 	-89.161 	41.569 	-0.754429 	0
0.0914171 	-89.2502 	41.5768 	-0.738277 	0
0.0919884 	-89.342 	41.5853 	-0.722928 	0
0.0925598 	-89.4175 	41.5935 	-0.707108 	0
0.0931312 	-89.4931 	41.6017 	-0.691288 	0
0.0937025 	-89.5687 	41.6099 	-0.675468 	0
0.0942739 	-89.6442 	41.6181 	-0.659648 	0
0.0948452 	-89.7212 	41.6271 	-0.644482 	0
0.0954166 	-89.7855 	41.6361 	-0.628914 	0
0.0959879 	-89.8499 	41.645 	-0.613346 	0
0.0965593 	-89.9142 	41.6539 	-0.597778 	0
0.0971307 	-89.9824 	41.6635 	-0.582685 	0
0.097702 	-90.0372 	41.6736 	-0.567317 	0
0.0982734 	-90.0921 	41.6836 	-0.55195 	0
0.0988447 	-90.1469 	41.6937 	-0.536583 	0
0.0994161 	-90.2028 	41.7048 	-0.521654 	0
0.0999874 	-90.2494 	41.7163 	-0.506448 	0
0.100559 	-90.296 	41.7279 	-0.491243 	0
0.10113 	-90.3452 	41.7401 	-0.476358 	0
0.101702 	-90.3849 	41.7536 	-0.461291 	0
0.102273 	-90.4243 	41.7671 	-0.44621 	0
0.102844 	-90.4654 	41.7815 	-0.431436 	0
0.103416 	-90.4986 	41.7973 	-0.416465 	0
0.103987 	-90.5318 	41.8131 	-0.401495 	0
0.104558 	-90.5637 	41.8312 	-0.386823 	0
0.10513 	-90.5916 	41.8496 	-0.371925 	0
0.105701 	-90.6191 	41.87 	-0.357281 	0
0.106272 	-90.6423 	41.8914 	-0.342455 	0
0.106844 	-90.665 	41.9155 	-0.327928 	0
0.107415 	-90.6849 	41.9401 	-0.313315 	0
0.107986 	-90.7014 	41.9637 	-0.298749 	0
0.108558 	-90.7151 	41.9215 	-0.283311 	0
0.109129 	-90.7249 	41.6811 	-0.264219 	0
0.109701 	-90.7317 	40.9709 	-0.235924 	0
0.110272 	-90.7387 	39.5661 	-0.195252 	0
0.110843 	-90.7476 	37.6863 	-0.151917 	0
0.111415 	-90.7605 	35.5613 	-0.111192 	0
0.111986 	-90.779 	33.2338 	-0.0753853 	0
0.112557 	-90.8051 	30.5289 	-0.0445682 	0
0.113129 	-90.837 	26.5189 	-0.0183515 	0
0.1137 	-90.8596 	1.08615e-10 	-3.9561e-15 	0
