0 	-314.413 	0 	0 	0
0.000571357 	-316.818 	16.9308 	0.677543 	0
0.00114271 	-334.148 	-7.50538 	7.01862 	0
0.00171407 	-370.194 	-20.4638 	11.6478 	0
0.00228543 	-421.467 	-19.2848 	12.4979 	0
0.00285678 	-473.222 	-18.1164 	12.6372 	0
0.00342814 	-520.771 	-17.5222 	12.9436 	0
0.0039995 	-564.279 	-16.8726 	13.3111 	0
0.00457085 	-603.406 	-15.9155 	13.6651 	0
0.00514221 	-636.846 	-14.368 	13.9298 	0
0.00571357 	-663.387 	-12.2368 	14.0527 	0
0.00628492 	-682.863 	-9.69045 	14.0122 	0
0.00685628 	-695.831 	-6.83932 	13.7947 	0
0.00742764 	-702.683 	-3.64533 	13.422 	0
0.00799899 	-703.098 	-0.577185 	12.8833 	0
0.00857035 	-699.106 	2.33948 	12.3124 	0
0.00914171 	-691.109 	5.09538 	11.7101 	0
0.00971307 	-680.744 	7.82551 	11.0809 	0
0.0102844 	-668.024 	10.6269 	10.4092 	0
0.0108558 	-653.338 	13.3806 	9.68042 	0
0.0114271 	-636.712 	15.9461 	8.8934 	0
0.0119985 	-615.753 	17.8821 	8.29767 	0
0.0125698 	-599.865 	21.427 	7.52063 	0
0.0131412 	-638.079 	31.9909 	5.78895 	0
0.0137126 	-622.97 	34.2341 	4.88007 	0
0.0142839 	-599.356 	35.8399 	4.12331 	0
0.0148553 	-574.969 	37.3157 	3.46011 	0
0.0154266 	-550.938 	38.7293 	2.86487 	0
0.015998 	-527.049 	40.1141 	2.3407 	0
0.0165693 	-503.992 	41.5826 	1.83431 	0
0.0171407 	-480.947 	43.1483 	1.38314 	0
0.0177121 	-458.105 	44.5479 	0.989697 	0
0.0182834 	-436.815 	45.6016 	0.60314 	0
0.0188548 	-416.864 	45.9841 	0.273582 	0
0.0194261 	-398.513 	46.061 	0.0226071 	0
0.0199975 	-382.29 	46.0628 	-0.28115 	0
0.0205688 	-367.435 	45.9912 	-0.47121 	0
0.0211402 	-353.881 	45.949 	-0.712373 	0
0.0217116 	-341.464 	45.9008 	-0.869821 	0
0.0222829 	-330.098 	45.8801 	-1.08416 	0
0.0228543 	-319.439 	45.845 	-1.19651 	0
0.0234256 	-310.097 	45.8425 	-1.36841 	0
0.023997 	-301.062 	45.8352 	-1.50232 	0
0.0245683 	-292.827 	45.8309 	-1.60135 	0
0.0251397 	-285.25 	45.8443 	-1.73403 	0
0.0257111 	-278.044 	45.8518 	-1.82724 	0
0.0262824 	-271.425 	45.861 	-1.89699 	0
0.0268538 	-265.347 	45.8852 	-1.99398 	0
0.0274251 	-259.407 	45.9045 	-2.0782 	0
0.0279965 	-253.988 	45.9055 	-2.11433 	0
0.0285678 	-249.054 	45.9209 	-2.1746 	0
0.0291392 	-244.223 	45.9395 	-2.24004 	0
0.0297106 	-239.642 	45.934 	-2.28466 	0
0.0302819 	-235.421 	45.894 	-2.29937 	0
0.0308533 	-231.544 	45.8654 	-2.3317 	0
0.0314246 	-227.742 	45.8393 	-2.36786 	0
0.031996 	-223.973 	45.8093 	-2.40187 	0
0.0325673 	-220.766 	45.711 	-2.39839 	0
0.0331387 	-217.625 	45.6148 	-2.39849 	0
0.0337101 	-214.7 	45.5253 	-2.41036 	0
0.0342814 	-211.775 	45.4357 	-2.42224 	0
0.0348528 	-208.882 	45.3459 	-2.43262 	0
0.0354241 	-206.496 	45.251 	-2.41989 	0
0.0359955 	-204.11 	45.156 	-2.40716 	0
0.0365668 	-201.897 	45.065 	-2.40456 	0
0.0371382 	-199.688 	44.9741 	-2.40226 	0
0.0377095 	-197.48 	44.8832 	-2.39996 	0
0.0382809 	-195.415 	44.8021 	-2.39271 	0
0.0388523 	-193.635 	44.7403 	-2.37562 	0
0.0394236 	-191.855 	44.6785 	-2.35853 	0
0.039995 	-190.174 	44.6187 	-2.3479 	0
0.0405663 	-188.5 	44.559 	-2.33767 	0
0.0411377 	-186.826 	44.4993 	-2.32745 	0
0.041709 	-185.151 	44.4395 	-2.31722 	0
0.0422804 	-183.742 	44.3903 	-2.29941 	0
0.0428518 	-182.411 	44.3443 	-2.27934 	0
0.0434231 	-181.082 	44.2982 	-2.25939 	0
0.0439945 	-179.81 	44.2532 	-2.24381 	0
0.0445658 	-178.537 	44.2083 	-2.22824 	0
0.0451372 	-177.264 	44.1633 	-2.21266 	0
0.0457085 	-175.992 	44.1183 	-2.19708 	0
0.0462799 	-174.787 	44.0763 	-2.18009 	0
0.0468513 	-173.792 	44.0434 	-2.15874 	0
0.0474226 	-172.797 	44.0105 	-2.13739 	0
0.047994 	-171.804 	43.9776 	-2.11633 	0
0.0485653 	-170.837 	43.9452 	-2.0979 	0
0.0491367 	-169.869 	43.9127 	-2.07947 	0
0.049708 	-168.902 	43.8802 	-2.06104 	0
0.0502794 	-167.934 	43.8477 	-2.04261 	0
0.0508508 	-166.967 	43.8152 	-2.02418 	0
0.0514221 	-166.137 	43.7885 	-2.00393 	0
0.0519935 	-165.392 	43.7653 	-1.98257 	0
0.0525648 	-164.646 	43.7422 	-1.9612 	0
0.0531362 	-163.901 	43.719 	-1.93985 	0
0.0537075 	-163.167 	43.6959 	-1.92037 	0
0.0542789 	-162.432 	43.6728 	-1.90088 	0
0.0548503 	-161.697 	43.6497 	-1.88139 	0
0.0554216 	-160.962 	43.6266 	-1.8619 	0
0.055993 	-160.227 	43.6035 	-1.84241 	0
0.0565643 	-159.493 	43.5804 	-1.82292 	0
0.0571357 	-158.897 	43.5627 	-1.80299 	0
0.057707 	-158.353 	43.5472 	-1.78289 	0
0.0582784 	-157.809 	43.5317 	-1.76278 	0
0.0588497 	-157.265 	43.5161 	-1.74268 	0
0.0594211 	-156.721 	43.5005 	-1.72328 	0
0.0599925 	-156.178 	43.4848 	-1.70436 	0
0.0605638 	-155.635 	43.4691 	-1.68545 	0
0.0611352 	-155.092 	43.4534 	-1.66653 	0
0.0617065 	-154.549 	43.4377 	-1.64762 	0
0.0622779 	-154.006 	43.4221 	-1.62871 	0
0.0628492 	-153.463 	43.4064 	-1.60979 	0
0.0634206 	-152.971 	43.3926 	-1.59083 	0
0.063992 	-152.558 	43.382 	-1.57178 	0
0.0645633 	-152.145 	43.3714 	-1.55274 	0
0.0651347 	-151.732 	43.3608 	-1.5337 	0
0.065706 	-151.319 	43.3501 	-1.51485 	0
0.0662774 	-150.903 	43.3393 	-1.49661 	0
0.0668487 	-150.487 	43.3284 	-1.47836 	0
0.0674201 	-150.072 	43.3176 	-1.46012 	0
0.0679915 	-149.656 	43.3068 	-1.44188 	0
0.0685628 	-149.24 	43.2959 	-1.42363 	0
0.0691342 	-148.824 	43.2851 	-1.40539 	0
0.0697055 	-148.413 	43.2744 	-1.38713 	0
0.0702769 	-148.082 	43.267 	-1.36862 	0
0.0708482 	-147.751 	43.2595 	-1.35011 	0
0.0714196 	-147.42 	43.252 	-1.3316 	0
0.071991 	-147.088 	43.2445 	-1.31335 	0
0.0725623 	-146.752 	43.2368 	-1.29543 	0
0.0731337 	-146.417 	43.2291 	-1.27751 	0
0.073705 	-146.082 	43.2215 	-1.25959 	0
0.0742764 	-145.747 	43.2138 	-1.24167 	0
0.0748477 	-145.412 	43.2061 	-1.22375 	0
0.0754191 	-145.087 	43.1988 	-1.20587 	0
0.0759905 	-144.82 	43.1938 	-1.1882 	0
0.0765618 	-144.552 	43.1887 	-1.17054 	0
0.0771332 	-144.284 	43.1837 	-1.15288 	0
0.0777045 	-144.012 	43.1785 	-1.13567 	0
0.0782759 	-143.74 	43.1732 	-1.11846 	0
0.0788472 	-143.467 	43.168 	-1.10124 	0
0.0794186 	-143.195 	43.1627 	-1.08403 	0
0.0799899 	-142.923 	43.1575 	-1.06682 	0
0.0805613 	-142.677 	43.1533 	-1.04971 	0
0.0811327 	-142.455 	43.1502 	-1.03268 	0
0.081704 	-142.233 	43.147 	-1.01566 	0
0.0822754 	-142.008 	43.1437 	-0.998922 	0
0.0828467 	-141.781 	43.1403 	-0.982267 	0
0.0834181 	-141.555 	43.137 	-0.965611 	0
0.0839894 	-141.328 	43.1336 	-0.948955 	0
0.0845608 	-141.102 	43.1302 	-0.932299 	0
0.0851322 	-140.915 	43.1287 	-0.915777 	0
0.0857035 	-140.728 	43.1271 	-0.899255 	0
0.0862749 	-140.538 	43.1254 	-0.882924 	0
0.0868462 	-140.346 	43.1237 	-0.866715 	0
0.0874176 	-140.154 	43.122 	-0.850507 	0
0.0879889 	-139.963 	43.1202 	-0.834298 	0
0.0885603 	-139.785 	43.1192 	-0.818116 	0
0.0891317 	-139.625 	43.1192 	-0.801966 	0
0.089703 	-139.463 	43.119 	-0.785913 	0
0.0902744 	-139.299 	43.1188 	-0.77004 	0
0.0908457 	-139.135 	43.1186 	-0.754167 	0
0.0914171 	-138.971 	43.1184 	-0.738294 	0
0.0919884 	-138.825 	43.1194 	-0.72243 	0
0.0925598 	-138.686 	43.1209 	-0.706569 	0
0.0931312 	-138.545 	43.1223 	-0.690933 	0
0.0937025 	-138.402 	43.1236 	-0.675324 	0
0.0942739 	-138.26 	43.125 	-0.659715 	0
0.0948452 	-138.133 	43.1276 	-0.644081 	0
0.0954166 	-138.011 	43.1308 	-0.628467 	0
0.0959879 	-137.886 	43.1338 	-0.613057 	0
0.0965593 	-137.762 	43.1369 	-0.597647 	0
0.0971307 	-137.643 	43.1406 	-0.582211 	0
0.097702 	-137.536 	43.1457 	-0.566728 	0
0.0982734 	-137.425 	43.1507 	-0.551464 	0
0.0988447 	-137.314 	43.1556 	-0.536204 	0
0.0994161 	-137.211 	43.1618 	-0.520889 	0
0.0999874 	-137.112 	43.169 	-0.505607 	0
0.100559 	-137.012 	43.1761 	-0.490464 	0
0.10113 	-136.914 	43.1839 	-0.475291 	0
0.101702 	-136.823 	43.1935 	-0.460068 	0
0.102273 	-136.73 	43.2031 	-0.445012 	0
0.102844 	-136.64 	43.2137 	-0.429913 	0
0.103416 	-136.553 	43.226 	-0.414828 	0
0.103987 	-136.465 	43.2383 	-0.399856 	0
0.104558 	-136.382 	43.2532 	-0.384794 	0
0.10513 	-136.297 	43.2685 	-0.369903 	0
0.105701 	-136.216 	43.2858 	-0.354929 	0
0.106272 	-136.134 	43.3043 	-0.340092 	0
0.106844 	-136.056 	43.3252 	-0.325233 	0
0.107415 	-135.977 	43.3472 	-0.310517 	0
0.107986 	-135.902 	43.3725 	-0.295728 	0
0.108558 	-135.827 	43.4001 	-0.281041 	0
0.109129 	-135.755 	43.4269 	-0.266513 	0
0.109701 	-135.684 	43.4117 	-0.251587 	0
0.110272 	-135.612 	43.0854 	-0.231802 	0
0.110843 	-135.547 	41.83 	-0.195399 	0
0.111415 	-135.495 	39.5908 	-0.146333 	0
0.111986 	-135.46 	36.7977 	-0.0997476 	0
0.112557 	-135.446 	33.6133 	-0.0595526 	0
0.113129 	-135.456 	29.1372 	-0.0252271 	0
0.1137 	-135.477 	1.24998e-10 	-6.1734e-15 	0
