0 	-313.383 	0 	0 	0
0.000571357 	-316.609 	-14.4939 	-0.175161 	0
0.00114271 	-324.119 	-15.5852 	-0.437222 	0
0.00171407 	-334.827 	-15.554 	-0.652668 	0
0.00228543 	-347.781 	-14.2459 	-0.878304 	0
0.00285678 	-360.987 	-12.3671 	-1.07161 	0
0.00342814 	-372.988 	-10.152 	-1.23087 	0
0.0039995 	-382.726 	-7.68275 	-1.38119 	0
0.00457085 	-389.918 	-5.0989 	-1.56676 	0
0.00514221 	-394.673 	-2.81799 	-1.81988 	0
0.00571357 	-397.732 	-0.968139 	-2.1011 	0
0.00628492 	-399.557 	0.750297 	-2.38687 	0
0.00685628 	-400.067 	2.44446 	-2.63972 	0
0.00742764 	-399.292 	4.09507 	-2.83657 	0
0.00799899 	-397.461 	5.74457 	-2.99294 	0
0.00857035 	-394.746 	7.43379 	-3.11986 	0
0.00914171 	-391.139 	9.10541 	-3.18874 	0
0.00971307 	-386.897 	10.7404 	-3.20868 	0
0.0102844 	-381.978 	12.3547 	-3.20414 	0
0.0108558 	-376.267 	14.1859 	-3.28979 	0
0.0114271 	-369.185 	16.848 	-3.68932 	0
0.0119985 	-359.255 	20.9554 	-4.46751 	0
0.0125698 	-348.849 	25.1611 	-5.21044 	0
0.0131412 	-333.081 	29.9927 	-5.70923 	0
0.0137126 	-316.764 	32.1419 	-5.67589 	0
0.0142839 	-301.548 	34.0638 	-5.56549 	0
0.0148553 	-287.292 	35.6645 	-5.37743 	0
0.0154266 	-274.106 	36.5691 	-5.08733 	0
0.015998 	-262.595 	37.0059 	-4.7461 	0
0.0165693 	-252.539 	37.4167 	-4.43101 	0
0.0171407 	-243.792 	37.8152 	-4.14351 	0
0.0177121 	-236.17 	38.188 	-3.87921 	0
0.0182834 	-229.448 	38.5439 	-3.63487 	0
0.0188548 	-223.904 	38.892 	-3.40478 	0
0.0194261 	-218.989 	39.2205 	-3.20705 	0
0.0199975 	-214.423 	39.5431 	-3.0184 	0
0.0205688 	-211.04 	39.858 	-2.85123 	0
0.0211402 	-207.546 	40.1627 	-2.69545 	0
0.0217116 	-205.039 	40.4604 	-2.55929 	0
0.0222829 	-202.339 	40.7517 	-2.42792 	0
0.0228543 	-200.463 	41.0307 	-2.32018 	0
0.0234256 	-198.67 	41.3098 	-2.21339 	0
0.023997 	-196.879 	41.573 	-2.12194 	0
0.0245683 	-195.638 	41.8317 	-2.04206 	0
0.0251397 	-194.381 	42.09 	-1.96237 	0
0.0257111 	-193.143 	42.3307 	-1.89724 	0
0.0262824 	-192.291 	42.567 	-1.84071 	0
0.0268538 	-191.438 	42.8033 	-1.78417 	0
0.0274251 	-190.443 	43.0273 	-1.73309 	0
0.0279965 	-189.838 	43.2327 	-1.69586 	0
0.0285678 	-189.233 	43.4381 	-1.65863 	0
0.0291392 	-188.608 	43.643 	-1.62144 	0
0.0297106 	-187.908 	43.8174 	-1.58999 	0
0.0302819 	-187.431 	43.9571 	-1.5661 	0
0.0308533 	-186.955 	44.0968 	-1.54221 	0
0.0314246 	-186.478 	44.2365 	-1.51832 	0
0.031996 	-185.866 	44.3675 	-1.49448 	0
0.0325673 	-185.437 	44.4025 	-1.4783 	0
0.0331387 	-185.008 	44.4375 	-1.46213 	0
0.0337101 	-184.579 	44.4724 	-1.44596 	0
0.0342814 	-184.15 	44.5074 	-1.42979 	0
0.0348528 	-183.617 	44.5375 	-1.41319 	0
0.0354241 	-183.192 	44.5239 	-1.40265 	0
0.0359955 	-182.767 	44.5104 	-1.39212 	0
0.0365668 	-182.341 	44.4969 	-1.38159 	0
0.0371382 	-181.916 	44.4834 	-1.37106 	0
0.0377095 	-181.466 	44.4694 	-1.36023 	0
0.0382809 	-180.988 	44.4563 	-1.35037 	0
0.0388523 	-180.544 	44.4467 	-1.34355 	0
0.0394236 	-180.1 	44.4372 	-1.33673 	0
0.039995 	-179.656 	44.4276 	-1.32991 	0
0.0405663 	-179.212 	44.4181 	-1.3231 	0
0.0411377 	-178.768 	44.4085 	-1.31628 	0
0.041709 	-178.288 	44.3984 	-1.30887 	0
0.0422804 	-177.823 	44.387 	-1.30279 	0
0.0428518 	-177.364 	44.3753 	-1.29713 	0
0.0434231 	-176.904 	44.3636 	-1.29147 	0
0.0439945 	-176.444 	44.3519 	-1.28581 	0
0.0445658 	-175.985 	44.3403 	-1.28015 	0
0.0451372 	-175.525 	44.3286 	-1.27449 	0
0.0457085 	-175.055 	44.3168 	-1.26863 	0
0.0462799 	-174.582 	44.3049 	-1.26262 	0
0.0468513 	-174.121 	44.2925 	-1.25662 	0
0.0474226 	-173.66 	44.2802 	-1.25062 	0
0.047994 	-173.199 	44.2679 	-1.24462 	0
0.0485653 	-172.737 	44.2556 	-1.23862 	0
0.0491367 	-172.276 	44.2433 	-1.23262 	0
0.049708 	-171.815 	44.231 	-1.22663 	0
0.0502794 	-171.353 	44.2187 	-1.22061 	0
0.0508508 	-170.886 	44.2065 	-1.21452 	0
0.0514221 	-170.435 	44.1945 	-1.20783 	0
0.0519935 	-169.993 	44.1826 	-1.20079 	0
0.0525648 	-169.55 	44.1708 	-1.19375 	0
0.0531362 	-169.108 	44.1589 	-1.1867 	0
0.0537075 	-168.666 	44.1471 	-1.17966 	0
0.0542789 	-168.224 	44.1353 	-1.17261 	0
0.0548503 	-167.782 	44.1234 	-1.16557 	0
0.0554216 	-167.34 	44.1116 	-1.15853 	0
0.055993 	-166.897 	44.0998 	-1.15152 	0
0.0565643 	-166.455 	44.0881 	-1.14457 	0
0.0571357 	-166.047 	44.0775 	-1.1368 	0
0.057707 	-165.653 	44.0673 	-1.12874 	0
0.0582784 	-165.259 	44.057 	-1.12068 	0
0.0588497 	-164.864 	44.0468 	-1.11262 	0
0.0594211 	-164.47 	44.0365 	-1.10456 	0
0.0599925 	-164.076 	44.0263 	-1.0965 	0
0.0605638 	-163.681 	44.016 	-1.08843 	0
0.0611352 	-163.287 	44.0058 	-1.08037 	0
0.0617065 	-162.892 	43.9955 	-1.07231 	0
0.0622779 	-162.499 	43.9854 	-1.06432 	0
0.0628492 	-162.106 	43.9753 	-1.05644 	0
0.0634206 	-161.731 	43.9658 	-1.04813 	0
0.063992 	-161.383 	43.9573 	-1.03911 	0
0.0645633 	-161.035 	43.9487 	-1.0301 	0
0.0651347 	-160.688 	43.9402 	-1.02108 	0
0.065706 	-160.34 	43.9317 	-1.01207 	0
0.0662774 	-159.993 	43.9232 	-1.00305 	0
0.0668487 	-159.645 	43.9147 	-0.994036 	0
0.0674201 	-159.297 	43.9061 	-0.985021 	0
0.0679915 	-158.95 	43.8976 	-0.976006 	0
0.0685628 	-158.602 	43.8891 	-0.967003 	0
0.0691342 	-158.256 	43.8807 	-0.958215 	0
0.0697055 	-157.912 	43.8724 	-0.949375 	0
0.0702769 	-157.604 	43.8654 	-0.939476 	0
0.0708482 	-157.295 	43.8585 	-0.929576 	0
0.0714196 	-156.987 	43.8516 	-0.919677 	0
0.071991 	-156.678 	43.8446 	-0.909778 	0
0.0725623 	-156.37 	43.8377 	-0.899879 	0
0.0731337 	-156.061 	43.8307 	-0.88998 	0
0.073705 	-155.753 	43.8238 	-0.880081 	0
0.0742764 	-155.444 	43.8169 	-0.870181 	0
0.0748477 	-155.137 	43.81 	-0.860502 	0
0.0754191 	-154.836 	43.8034 	-0.850748 	0
0.0759905 	-154.569 	43.7981 	-0.840467 	0
0.0765618 	-154.302 	43.7928 	-0.830186 	0
0.0771332 	-154.035 	43.7875 	-0.819905 	0
0.0777045 	-153.769 	43.7822 	-0.809624 	0
0.0782759 	-153.502 	43.7769 	-0.799343 	0
0.0788472 	-153.235 	43.7716 	-0.789062 	0
0.0794186 	-152.968 	43.7663 	-0.778795 	0
0.0799899 	-152.702 	43.761 	-0.768752 	0
0.0805613 	-152.454 	43.7566 	-0.758463 	0
0.0811327 	-152.223 	43.7528 	-0.747954 	0
0.081704 	-151.991 	43.749 	-0.737445 	0
0.0822754 	-151.76 	43.7452 	-0.726936 	0
0.0828467 	-151.528 	43.7414 	-0.716427 	0
0.0834181 	-151.296 	43.7376 	-0.705918 	0
0.0839894 	-151.065 	43.7338 	-0.695486 	0
0.0845608 	-150.834 	43.7301 	-0.685207 	0
0.0851322 	-150.632 	43.7277 	-0.674574 	0
0.0857035 	-150.431 	43.7254 	-0.663941 	0
0.0862749 	-150.229 	43.723 	-0.653308 	0
0.0868462 	-150.027 	43.7207 	-0.642675 	0
0.0874176 	-149.825 	43.7183 	-0.632042 	0
0.0879889 	-149.624 	43.716 	-0.621542 	0
0.0885603 	-149.434 	43.7143 	-0.611001 	0
0.0891317 	-149.257 	43.7134 	-0.600295 	0
0.089703 	-149.081 	43.7125 	-0.589588 	0
0.0902744 	-148.905 	43.7116 	-0.578881 	0
0.0908457 	-148.729 	43.7107 	-0.568174 	0
0.0914171 	-148.553 	43.7098 	-0.557624 	0
0.0919884 	-148.393 	43.71 	-0.546956 	0
0.0925598 	-148.239 	43.7107 	-0.536217 	0
0.0931312 	-148.085 	43.7113 	-0.525478 	0
0.0937025 	-147.931 	43.7119 	-0.514738 	0
0.0942739 	-147.777 	43.7126 	-0.504126 	0
0.0948452 	-147.638 	43.7144 	-0.493435 	0
0.0954166 	-147.503 	43.7167 	-0.482683 	0
0.0959879 	-147.369 	43.719 	-0.47193 	0
0.0965593 	-147.235 	43.7213 	-0.461205 	0
0.0971307 	-147.107 	43.7243 	-0.450583 	0
0.097702 	-146.99 	43.7285 	-0.439834 	0
0.0982734 	-146.873 	43.7327 	-0.429085 	0
0.0988447 	-146.756 	43.7369 	-0.418383 	0
0.0994161 	-146.647 	43.7423 	-0.407728 	0
0.0999874 	-146.545 	43.7487 	-0.396992 	0
0.100559 	-146.443 	43.755 	-0.386257 	0
0.10113 	-146.345 	43.762 	-0.375641 	0
0.101702 	-146.257 	43.7707 	-0.364928 	0
0.102273 	-146.168 	43.7795 	-0.354214 	0
0.102844 	-146.085 	43.7893 	-0.343609 	0
0.103416 	-146.008 	43.8008 	-0.332927 	0
0.103987 	-145.931 	43.8123 	-0.322297 	0
0.104558 	-145.863 	43.8263 	-0.31167 	0
0.10513 	-145.797 	43.8407 	-0.301022 	0
0.105701 	-145.737 	43.8572 	-0.290468 	0
0.106272 	-145.68 	43.8749 	-0.279877 	0
0.106844 	-145.629 	43.8949 	-0.269322 	0
0.107415 	-145.581 	43.9161 	-0.258775 	0
0.107986 	-145.54 	43.9404 	-0.248238 	0
0.108558 	-145.503 	43.9668 	-0.237706 	0
0.109129 	-145.471 	43.9958 	-0.227157 	0
0.109701 	-145.444 	44.0259 	-0.21667 	0
0.110272 	-145.422 	44.0033 	-0.205703 	0
0.110843 	-145.401 	43.5019 	-0.187438 	0
0.111415 	-145.391 	41.7421 	-0.14824 	0
0.111986 	-145.394 	38.7728 	-0.100282 	0
0.112557 	-145.413 	35.273 	-0.0590036 	0
0.113129 	-145.444 	30.5337 	-0.0255446 	0
0.1137 	-145.475 	1.37545e-10 	-7.65775e-15 	0
