0 	-0.955543 	0 	0 	0
0.000571357 	-0.991792 	25.7311 	-0.0257323 	0
0.00114271 	-1.10135 	27.7021 	-0.0711143 	0
0.00171407 	-1.23027 	27.9189 	-0.121986 	0
0.00228543 	-1.34789 	27.7204 	-0.171876 	0
0.00285678 	-1.45082 	27.4741 	-0.21934 	0
0.00342814 	-1.53304 	27.3005 	-0.264101 	0
0.0039995 	-1.58516 	27.242 	-0.306694 	0
0.00457085 	-1.60153 	27.3348 	-0.346062 	0
0.00514221 	-1.58408 	27.6928 	-0.377857 	0
0.00571357 	-1.56369 	28.5337 	-0.39192 	0
0.00628492 	-1.59461 	29.6401 	-0.396373 	0
0.00685628 	-1.66811 	30.4683 	-0.408812 	0
0.00742764 	-1.75811 	31.1542 	-0.42348 	0
0.00799899 	-1.85767 	31.7605 	-0.436964 	0
0.00857035 	-1.96717 	32.3061 	-0.449655 	0
0.00914171 	-2.07987 	32.8001 	-0.461678 	0
0.00971307 	-2.19852 	33.262 	-0.473974 	0
0.0102844 	-2.33295 	33.6448 	-0.485783 	0
0.0108558 	-2.47368 	33.8531 	-0.49337 	0
0.0114271 	-2.60853 	33.8209 	-0.494788 	0
0.0119985 	-2.71644 	33.5558 	-0.473554 	0
0.0125698 	-2.8818 	33.221 	-0.458939 	0
0.0131412 	-3.09192 	34.0004 	-0.479192 	0
0.0137126 	-3.33976 	35.4286 	-0.466733 	0
0.0142839 	-3.6009 	35.8651 	-0.471215 	0
0.0148553 	-3.87328 	36.1573 	-0.477476 	0
0.0154266 	-4.15494 	36.4362 	-0.483794 	0
0.015998 	-4.44273 	36.7028 	-0.489841 	0
0.0165693 	-4.73764 	36.959 	-0.495684 	0
0.0171407 	-5.03961 	37.2046 	-0.501307 	0
0.0177121 	-5.34824 	37.4392 	-0.506691 	0
0.0182834 	-5.66276 	37.6638 	-0.511859 	0
0.0188548 	-5.97823 	37.8743 	-0.516471 	0
0.0194261 	-6.30527 	38.071 	-0.521038 	0
0.0199975 	-6.63581 	38.2609 	-0.525467 	0
0.0205688 	-6.96687 	38.4256 	-0.529117 	0
0.0211402 	-7.307 	38.5873 	-0.532969 	0
0.0217116 	-7.64564 	38.7202 	-0.535996 	0
0.0222829 	-7.99152 	38.8542 	-0.539235 	0
0.0228543 	-8.3387 	38.9521 	-0.541632 	0
0.0234256 	-8.68414 	39.0472 	-0.543917 	0
0.023997 	-9.04278 	39.1268 	-0.546118 	0
0.0245683 	-9.39354 	39.1809 	-0.547594 	0
0.0251397 	-9.7443 	39.235 	-0.549071 	0
0.0257111 	-10.1095 	39.2714 	-0.550306 	0
0.0262824 	-10.4633 	39.2888 	-0.550941 	0
0.0268538 	-10.817 	39.3062 	-0.551575 	0
0.0274251 	-11.1858 	39.3205 	-0.552209 	0
0.0279965 	-11.5402 	39.3166 	-0.552234 	0
0.0285678 	-11.8946 	39.3126 	-0.552259 	0
0.0291392 	-12.249 	39.3087 	-0.552285 	0
0.0297106 	-12.62 	39.3062 	-0.552219 	0
0.0302819 	-12.9731 	39.3038 	-0.551893 	0
0.0308533 	-13.3262 	39.3013 	-0.551566 	0
0.0314246 	-13.6793 	39.2988 	-0.551239 	0
0.031996 	-14.0518 	39.2976 	-0.550913 	0
0.0325673 	-14.4031 	39.3116 	-0.550545 	0
0.0331387 	-14.7544 	39.3256 	-0.550177 	0
0.0337101 	-15.1057 	39.3396 	-0.549809 	0
0.0342814 	-15.457 	39.3535 	-0.54944 	0
0.0348528 	-15.8302 	39.3683 	-0.549053 	0
0.0354241 	-16.1802 	39.3908 	-0.548507 	0
0.0359955 	-16.5301 	39.4133 	-0.54796 	0
0.0365668 	-16.88 	39.4358 	-0.547413 	0
0.0371382 	-17.23 	39.4584 	-0.546866 	0
0.0377095 	-17.5821 	39.4809 	-0.546314 	0
0.0382809 	-17.9531 	39.5012 	-0.545481 	0
0.0388523 	-18.2985 	39.515 	-0.544254 	0
0.0394236 	-18.6438 	39.5288 	-0.543026 	0
0.039995 	-18.9892 	39.5427 	-0.541799 	0
0.0405663 	-19.3346 	39.5565 	-0.540572 	0
0.0411377 	-19.68 	39.5703 	-0.539344 	0
0.041709 	-20.0451 	39.5848 	-0.537948 	0
0.0422804 	-20.3908 	39.5965 	-0.536382 	0
0.0428518 	-20.7269 	39.6073 	-0.534797 	0
0.0434231 	-21.063 	39.6181 	-0.533213 	0
0.0439945 	-21.3992 	39.6288 	-0.531628 	0
0.0445658 	-21.7353 	39.6396 	-0.530043 	0
0.0451372 	-22.0715 	39.6503 	-0.528459 	0
0.0457085 	-22.4138 	39.6613 	-0.526784 	0
0.0462799 	-22.7696 	39.6733 	-0.524781 	0
0.0468513 	-23.0936 	39.6862 	-0.522837 	0
0.0474226 	-23.4175 	39.6992 	-0.520894 	0
0.047994 	-23.7415 	39.7121 	-0.51895 	0
0.0485653 	-24.0655 	39.7251 	-0.517006 	0
0.0491367 	-24.3894 	39.738 	-0.515063 	0
0.049708 	-24.7134 	39.751 	-0.513119 	0
0.0502794 	-25.0374 	39.764 	-0.511175 	0
0.0508508 	-25.3807 	39.7775 	-0.508814 	0
0.0514221 	-25.7041 	39.7898 	-0.506345 	0
0.0519935 	-26.0104 	39.8013 	-0.503912 	0
0.0525648 	-26.3167 	39.8127 	-0.50148 	0
0.0531362 	-26.623 	39.8242 	-0.499047 	0
0.0537075 	-26.9294 	39.8356 	-0.496614 	0
0.0542789 	-27.2357 	39.8471 	-0.494182 	0
0.0548503 	-27.542 	39.8586 	-0.491749 	0
0.0554216 	-27.8484 	39.87 	-0.489316 	0
0.055993 	-28.1547 	39.8815 	-0.486883 	0
0.0565643 	-28.4839 	39.8936 	-0.483706 	0
0.0571357 	-28.7737 	39.9047 	-0.480871 	0
0.057707 	-29.0487 	39.9154 	-0.478168 	0
0.0582784 	-29.3236 	39.9261 	-0.475465 	0
0.0588497 	-29.5985 	39.9367 	-0.472762 	0
0.0594211 	-29.8734 	39.9474 	-0.470059 	0
0.0599925 	-30.1483 	39.9581 	-0.467357 	0
0.0605638 	-30.4233 	39.9688 	-0.464654 	0
0.0611352 	-30.6982 	39.9794 	-0.461951 	0
0.0617065 	-30.9731 	39.9901 	-0.459248 	0
0.0622779 	-31.248 	40.0008 	-0.456545 	0
0.0628492 	-31.5381 	40.0119 	-0.453118 	0
0.0634206 	-31.8141 	40.0227 	-0.449744 	0
0.063992 	-32.0627 	40.0327 	-0.446688 	0
0.0645633 	-32.3114 	40.0428 	-0.443632 	0
0.0651347 	-32.5601 	40.0528 	-0.440575 	0
0.065706 	-32.8087 	40.0628 	-0.437519 	0
0.0662774 	-33.0574 	40.0728 	-0.434463 	0
0.0668487 	-33.306 	40.0829 	-0.431407 	0
0.0674201 	-33.5547 	40.0929 	-0.428351 	0
0.0679915 	-33.8034 	40.1029 	-0.425295 	0
0.0685628 	-34.052 	40.113 	-0.422239 	0
0.0691342 	-34.3076 	40.1232 	-0.4187 	0
0.0697055 	-34.5689 	40.1336 	-0.414693 	0
0.0702769 	-34.7968 	40.1434 	-0.411307 	0
0.0708482 	-35.0247 	40.1532 	-0.407922 	0
0.0714196 	-35.2526 	40.1629 	-0.404536 	0
0.071991 	-35.4805 	40.1727 	-0.40115 	0
0.0725623 	-35.7084 	40.1824 	-0.397765 	0
0.0731337 	-35.9363 	40.1922 	-0.394379 	0
0.073705 	-36.1642 	40.2019 	-0.390994 	0
0.0742764 	-36.3922 	40.2117 	-0.387608 	0
0.0748477 	-36.6247 	40.2216 	-0.383767 	0
0.0754191 	-36.858 	40.2316 	-0.379433 	0
0.0759905 	-37.0601 	40.2409 	-0.375887 	0
0.0765618 	-37.2622 	40.2503 	-0.372341 	0
0.0771332 	-37.4643 	40.2597 	-0.368796 	0
0.0777045 	-37.6664 	40.269 	-0.36525 	0
0.0782759 	-37.8685 	40.2784 	-0.361704 	0
0.0788472 	-38.0707 	40.2878 	-0.358158 	0
0.0794186 	-38.2728 	40.2971 	-0.354613 	0
0.0799899 	-38.4802 	40.3067 	-0.350349 	0
0.0805613 	-38.674 	40.316 	-0.346198 	0
0.0811327 	-38.8529 	40.3251 	-0.34253 	0
0.081704 	-39.0319 	40.3342 	-0.338862 	0
0.0822754 	-39.2108 	40.3433 	-0.335194 	0
0.0828467 	-39.3897 	40.3524 	-0.331527 	0
0.0834181 	-39.5686 	40.3615 	-0.327859 	0
0.0839894 	-39.7476 	40.3706 	-0.324191 	0
0.0845608 	-39.9326 	40.3799 	-0.319391 	0
0.0851322 	-40.0909 	40.389 	-0.315657 	0
0.0857035 	-40.2492 	40.398 	-0.311924 	0
0.0862749 	-40.4076 	40.4071 	-0.30819 	0
0.0868462 	-40.5659 	40.4162 	-0.304457 	0
0.0874176 	-40.7242 	40.4252 	-0.300723 	0
0.0879889 	-40.8839 	40.4344 	-0.296659 	0
0.0885603 	-41.0371 	40.4436 	-0.292224 	0
0.0891317 	-41.1773 	40.4529 	-0.288431 	0
0.089703 	-41.3175 	40.4621 	-0.284638 	0
0.0902744 	-41.4577 	40.4714 	-0.280846 	0
0.0908457 	-41.5979 	40.4806 	-0.277053 	0
0.0914171 	-41.7398 	40.49 	-0.272721 	0
0.0919884 	-41.8697 	40.4996 	-0.268557 	0
0.0925598 	-41.994 	40.5094 	-0.264733 	0
0.0931312 	-42.1183 	40.5192 	-0.260909 	0
0.0937025 	-42.2425 	40.529 	-0.257085 	0
0.0942739 	-42.3679 	40.5388 	-0.252825 	0
0.0948452 	-42.483 	40.5493 	-0.248638 	0
0.0954166 	-42.5934 	40.5599 	-0.244787 	0
0.0959879 	-42.7038 	40.5706 	-0.240936 	0
0.0965593 	-42.8141 	40.5813 	-0.237084 	0
0.0971307 	-42.9215 	40.5924 	-0.232544 	0
0.097702 	-43.0197 	40.6044 	-0.228674 	0
0.0982734 	-43.1179 	40.6163 	-0.224804 	0
0.0988447 	-43.2163 	40.6283 	-0.220874 	0
0.0994161 	-43.3094 	40.6412 	-0.216462 	0
0.0999874 	-43.3971 	40.6548 	-0.212582 	0
0.100559 	-43.4848 	40.6684 	-0.208702 	0
0.10113 	-43.5709 	40.6826 	-0.204298 	0
0.101702 	-43.6494 	40.6984 	-0.200406 	0
0.102273 	-43.7278 	40.7141 	-0.196513 	0
0.102844 	-43.804 	40.7308 	-0.192166 	0
0.103416 	-43.8745 	40.749 	-0.188272 	0
0.103987 	-43.9452 	40.7673 	-0.184181 	0
0.104558 	-44.0101 	40.7881 	-0.180092 	0
0.10513 	-44.0736 	40.8094 	-0.176202 	0
0.105701 	-44.1336 	40.8325 	-0.171992 	0
0.106272 	-44.191 	40.8566 	-0.168144 	0
0.106844 	-44.2445 	40.8486 	-0.163827 	0
0.107415 	-44.296 	40.8175 	-0.159282 	0
0.107986 	-44.3408 	40.4907 	-0.149703 	0
0.108558 	-44.3837 	39.8538 	-0.1341 	0
0.109129 	-44.4244 	38.8596 	-0.112968 	0
0.109701 	-44.4633 	37.5342 	-0.0890836 	0
0.110272 	-44.499 	36.0219 	-0.0667895 	0
0.110843 	-44.5324 	34.3972 	-0.0470501 	0
0.111415 	-44.5633 	32.6926 	-0.0304296 	0
0.111986 	-44.5901 	30.8397 	-0.0179465 	0
0.112557 	-44.6115 	28.5769 	-0.00869392 	0
0.113129 	-44.6256 	25.0653 	-0.00272957 	0
0.1137 	-44.6297 	1.05693e-10 	-8.34982e-16 	0
