0 	-260.075 	0 	0 	0
0.000571357 	-264.908 	-16.3884 	0.510301 	0
0.00114271 	-276.255 	-17.3969 	0.562661 	0
0.00171407 	-290.996 	-18.2722 	0.628789 	0
0.00228543 	-308.233 	-19.2117 	0.736731 	0
0.00285678 	-327.06 	-19.2024 	0.798874 	0
0.00342814 	-346.836 	-18.2439 	0.760466 	0
0.0039995 	-367.02 	-16.8469 	0.621109 	0
0.00457085 	-387.384 	-15.25 	0.38637 	0
0.00514221 	-407.589 	-13.3625 	0.0612566 	0
0.00571357 	-427.284 	-11.3408 	-0.331046 	0
0.00628492 	-446.354 	-8.7072 	-0.709917 	0
0.00685628 	-462.217 	-5.15635 	-1.02671 	0
0.00742764 	-471.927 	-1.19442 	-1.33437 	0
0.00799899 	-475.121 	2.63102 	-1.62578 	0
0.00857035 	-472.979 	6.38134 	-1.88732 	0
0.00914171 	-465.431 	10.1426 	-2.1282 	0
0.00971307 	-453.008 	13.7151 	-2.32747 	0
0.0102844 	-436.882 	16.8949 	-2.47856 	0
0.0108558 	-418.729 	19.5239 	-2.56899 	0
0.0114271 	-400.182 	21.4718 	-2.571 	0
0.0119985 	-382.505 	22.9067 	-2.5415 	0
0.0125698 	-366.512 	24.1106 	-2.42146 	0
0.0131412 	-360.01 	25.8964 	-2.38193 	0
0.0137126 	-346.714 	28.2042 	-2.66465 	0
0.0142839 	-331.537 	31.2875 	-3.0252 	0
0.0148553 	-314.603 	34.5177 	-3.34594 	0
0.0154266 	-296.321 	37.5332 	-3.61116 	0
0.015998 	-278.555 	38.3439 	-3.57067 	0
0.0165693 	-262.261 	38.6026 	-3.4689 	0
0.0171407 	-247.285 	38.798 	-3.36329 	0
0.0177121 	-233.671 	38.9852 	-3.25968 	0
0.0182834 	-221.1 	39.1857 	-3.16071 	0
0.0188548 	-209.587 	39.4014 	-3.06728 	0
0.0194261 	-199.016 	39.6268 	-2.97649 	0
0.0199975 	-189.244 	39.8681 	-2.88962 	0
0.0205688 	-180.185 	40.1224 	-2.80617 	0
0.0211402 	-171.757 	40.3678 	-2.7235 	0
0.0217116 	-163.997 	40.5704 	-2.6384 	0
0.0222829 	-156.849 	40.7552 	-2.55525 	0
0.0228543 	-150.173 	40.9477 	-2.47448 	0
0.0234256 	-143.885 	41.151 	-2.39607 	0
0.023997 	-138.148 	41.3661 	-2.32045 	0
0.0245683 	-132.765 	41.5753 	-2.24686 	0
0.0251397 	-127.62 	41.7807 	-2.17334 	0
0.0257111 	-123.01 	41.9616 	-2.10234 	0
0.0262824 	-118.516 	42.1411 	-2.03195 	0
0.0268538 	-114.474 	42.3212 	-1.96377 	0
0.0274251 	-110.543 	42.5053 	-1.89736 	0
0.0279965 	-106.992 	42.7036 	-1.83415 	0
0.0285678 	-103.504 	42.9 	-1.77198 	0
0.0291392 	-100.396 	43.0866 	-1.71208 	0
0.0297106 	-97.2891 	43.2732 	-1.65218 	0
0.0302819 	-94.5579 	43.3847 	-1.59365 	0
0.0308533 	-91.8734 	43.4874 	-1.53472 	0
0.0314246 	-89.3779 	43.5684 	-1.47777 	0
0.031996 	-87.108 	43.6243 	-1.42211 	0
0.0325673 	-84.838 	43.6802 	-1.36646 	0
0.0331387 	-82.8718 	43.7457 	-1.31548 	0
0.0337101 	-80.9694 	43.8133 	-1.26493 	0
0.0342814 	-79.0641 	43.8807 	-1.21472 	0
0.0348528 	-77.4889 	43.9092 	-1.1684 	0
0.0354241 	-75.9154 	43.9375 	-1.12208 	0
0.0359955 	-74.3417 	43.9659 	-1.07578 	0
0.0365668 	-73.0469 	43.9604 	-1.03377 	0
0.0371382 	-71.7769 	43.9524 	-0.991786 	0
0.0377095 	-70.5069 	43.9444 	-0.949798 	0
0.0382809 	-69.397 	43.9354 	-0.911205 	0
0.0388523 	-68.393 	43.9258 	-0.874298 	0
0.0394236 	-67.389 	43.9163 	-0.83739 	0
0.039995 	-66.3897 	43.9066 	-0.800884 	0
0.0405663 	-65.6166 	43.895 	-0.768904 	0
0.0411377 	-64.8436 	43.8834 	-0.736924 	0
0.041709 	-64.0705 	43.8718 	-0.704944 	0
0.0422804 	-63.3274 	43.8601 	-0.673942 	0
0.0428518 	-62.7536 	43.8489 	-0.646657 	0
0.0434231 	-62.1798 	43.8377 	-0.619371 	0
0.0439945 	-61.606 	43.8265 	-0.592086 	0
0.0445658 	-61.0286 	43.8152 	-0.564932 	0
0.0451372 	-60.6237 	43.8176 	-0.54207 	0
0.0457085 	-60.2203 	43.8202 	-0.519229 	0
0.0462799 	-59.817 	43.8227 	-0.496389 	0
0.0468513 	-59.4136 	43.8253 	-0.473548 	0
0.0474226 	-59.0761 	43.8322 	-0.452724 	0
0.047994 	-58.818 	43.844 	-0.433858 	0
0.0485653 	-58.5599 	43.8559 	-0.414991 	0
0.0491367 	-58.3017 	43.8677 	-0.396125 	0
0.049708 	-58.0436 	43.8796 	-0.377259 	0
0.0502794 	-57.8577 	43.8901 	-0.360538 	0
0.0508508 	-57.7251 	43.9001 	-0.345086 	0
0.0514221 	-57.5925 	43.9101 	-0.329634 	0
0.0519935 	-57.4599 	43.92 	-0.314182 	0
0.0525648 	-57.3274 	43.93 	-0.29873 	0
0.0531362 	-57.2286 	43.9395 	-0.284286 	0
0.0537075 	-57.2067 	43.9484 	-0.271645 	0
0.0542789 	-57.1847 	43.9573 	-0.259003 	0
0.0548503 	-57.1628 	43.9661 	-0.246361 	0
0.0554216 	-57.1408 	43.975 	-0.23372 	0
0.055993 	-57.1189 	43.9839 	-0.221078 	0
0.0565643 	-57.1592 	43.993 	-0.209899 	0
0.0571357 	-57.2385 	44.0023 	-0.199446 	0
0.057707 	-57.3179 	44.0116 	-0.188992 	0
0.0582784 	-57.3972 	44.0208 	-0.178539 	0
0.0588497 	-57.4766 	44.0301 	-0.168086 	0
0.0594211 	-57.556 	44.0394 	-0.157633 	0
0.0599925 	-57.679 	44.0485 	-0.148042 	0
0.0605638 	-57.8522 	44.0575 	-0.139233 	0
0.0611352 	-58.0253 	44.0665 	-0.130424 	0
0.0617065 	-58.1984 	44.0756 	-0.121615 	0
0.0622779 	-58.3716 	44.0846 	-0.112806 	0
0.0628492 	-58.5447 	44.0936 	-0.103997 	0
0.0634206 	-58.7173 	44.1026 	-0.0951949 	0
0.063992 	-58.9687 	44.1115 	-0.0871298 	0
0.0645633 	-59.2358 	44.1204 	-0.0791417 	0
0.0651347 	-59.503 	44.1293 	-0.0711536 	0
0.065706 	-59.7702 	44.1383 	-0.0631655 	0
0.0662774 	-60.0373 	44.1472 	-0.0551774 	0
0.0668487 	-60.3045 	44.1561 	-0.0471892 	0
0.0674201 	-60.5906 	44.1654 	-0.0393109 	0
0.0679915 	-60.9583 	44.1757 	-0.031537 	0
0.0685628 	-61.3261 	44.1861 	-0.0237632 	0
0.0691342 	-61.6938 	44.1964 	-0.0159894 	0
0.0697055 	-62.0616 	44.2067 	-0.00821556 	0
0.0702769 	-62.4293 	44.2171 	-0.000441738 	0
0.0708482 	-62.801 	44.2276 	0.00722795 	0
0.0714196 	-63.2666 	44.2408 	0.0147846 	0
0.071991 	-63.7323 	44.254 	0.0223413 	0
0.0725623 	-64.1979 	44.2672 	0.029898 	0
0.0731337 	-64.6636 	44.2804 	0.0374547 	0
0.073705 	-65.1292 	44.2936 	0.0450114 	0
0.0742764 	-65.6307 	44.3088 	0.0523001 	0
0.0748477 	-66.1989 	44.3273 	0.0594701 	0
0.0754191 	-66.7672 	44.3457 	0.06664 	0
0.0759905 	-67.3355 	44.3642 	0.07381 	0
0.0765618 	-67.9038 	44.3826 	0.08098 	0
0.0771332 	-68.4809 	44.4019 	0.0878832 	0
0.0777045 	-69.1595 	44.4272 	0.094109 	0
0.0782759 	-69.8382 	44.4526 	0.100335 	0
0.0788472 	-70.5168 	44.478 	0.10656 	0
0.0794186 	-71.1955 	44.5033 	0.112786 	0
0.0799899 	-71.898 	44.5303 	0.118368 	0
0.0805613 	-72.696 	44.5627 	0.122749 	0
0.0811327 	-73.4939 	44.595 	0.127129 	0
0.081704 	-74.2919 	44.6274 	0.13151 	0
0.0822754 	-75.0899 	44.6598 	0.135891 	0
0.0828467 	-75.976 	44.6979 	0.13765 	0
0.0834181 	-76.9034 	44.7384 	0.138769 	0
0.0839894 	-77.8308 	44.7789 	0.139889 	0
0.0845608 	-78.7581 	44.8194 	0.141008 	0
0.0851322 	-79.7546 	44.8651 	0.139005 	0
0.0857035 	-80.8213 	44.9153 	0.134999 	0
0.0862749 	-81.8881 	44.9655 	0.130993 	0
0.0868462 	-82.9549 	45.0157 	0.126987 	0
0.0874176 	-84.1137 	45.0733 	0.117313 	0
0.0879889 	-85.3292 	45.1347 	0.105543 	0
0.0885603 	-86.5448 	45.1961 	0.0937724 	0
0.0891317 	-87.7645 	45.2585 	0.0804239 	0
0.089703 	-89.1371 	45.3328 	0.0575747 	0
0.0902744 	-90.5097 	45.4071 	0.0347255 	0
0.0908457 	-91.8823 	45.4814 	0.0118763 	0
0.0914171 	-93.3662 	45.5661 	-0.0236966 	0
0.0919884 	-94.899 	45.6543 	-0.0620142 	0
0.0925598 	-96.4318 	45.7424 	-0.100332 	0
0.0931312 	-98.0628 	45.8293 	-0.154704 	0
0.0937025 	-99.7581 	45.9167 	-0.21442 	0
0.0942739 	-101.454 	46.0041 	-0.274136 	0
0.0948452 	-103.246 	46.03 	-0.361307 	0
0.0954166 	-105.079 	46.0495 	-0.451326 	0
0.0959879 	-106.9 	46.0523 	-0.552038 	0
0.0965593 	-108.807 	46.0135 	-0.681041 	0
0.0971307 	-110.714 	45.9748 	-0.810045 	0
0.097702 	-112.612 	45.945 	-0.979911 	0
0.0982734 	-114.555 	45.9192 	-1.15763 	0
0.0988447 	-116.455 	45.8986 	-1.37121 	0
0.0994161 	-118.407 	45.8857 	-1.61025 	0
0.0999874 	-120.296 	45.8715 	-1.88851 	0
0.100559 	-122.241 	45.8615 	-2.20625 	0
0.10113 	-124.119 	45.7729 	-2.57746 	0
0.101702 	-126.073 	45.63 	-2.9895 	0
0.102273 	-127.877 	44.9625 	-3.46211 	0
0.102844 	-129.578 	43.9824 	-3.95029 	0
0.103416 	-130.915 	41.852 	-4.43324 	0
0.103987 	-131.736 	39.2189 	-4.92002 	0
0.104558 	-132.197 	36.2973 	-5.43339 	0
0.10513 	-132.344 	33.6215 	-6.05791 	0
0.105701 	-132.135 	31.2222 	-6.82848 	0
0.106272 	-132.067 	28.7482 	-7.69135 	0
0.106844 	-132.363 	25.9848 	-8.55963 	0
0.107415 	-133.147 	22.805 	-9.33608 	0
0.107986 	-134.422 	19.286 	-9.99625 	0
0.108558 	-136.156 	15.5765 	-10.5722 	0
0.109129 	-138.282 	11.7603 	-11.0962 	0
0.109701 	-140.721 	7.94917 	-11.5907 	0
0.110272 	-142.891 	4.23274 	-12.0746 	0
0.110843 	-143.362 	0.679085 	-12.5414 	0
0.111415 	-139.469 	-2.68523 	-12.9345 	0
0.111986 	-129.342 	-5.65582 	-12.9459 	0
0.112557 	-117.767 	-4.34869 	-10.6179 	0
0.113129 	-112.042 	15.9033 	-3.01611 	0
0.1137 	-107.527 	28.801 	0.599888 	0
