0 	5.65197 	0 	0 	0
0.000571357 	5.61775 	29.3469 	-0.0309536 	0
0.00114271 	5.55123 	32.1195 	-0.0739075 	0
0.00171407 	5.46052 	32.4453 	-0.121831 	0
0.00228543 	5.37443 	31.9985 	-0.169543 	0
0.00285678 	5.30059 	31.3623 	-0.214105 	0
0.00342814 	5.23894 	30.7704 	-0.253941 	0
0.0039995 	5.18872 	30.3114 	-0.288705 	0
0.00457085 	5.15021 	30.0118 	-0.318694 	0
0.00514221 	5.12485 	29.868 	-0.344097 	0
0.00571357 	5.11226 	29.8801 	-0.365193 	0
0.00628492 	5.11248 	30.0548 	-0.381337 	0
0.00685628 	5.12512 	30.4211 	-0.390776 	0
0.00742764 	5.14819 	31.069 	-0.388888 	0
0.00799899 	5.16227 	31.9724 	-0.375225 	0
0.00857035 	5.15577 	32.7596 	-0.362221 	0
0.00914171 	5.13 	33.2063 	-0.354928 	0
0.00971307 	5.09742 	33.3878 	-0.345889 	0
0.0102844 	5.06386 	33.2756 	-0.331079 	0
0.0108558 	5.02697 	32.8779 	-0.310163 	0
0.0114271 	4.99531 	32.2164 	-0.278375 	0
0.0119985 	4.98258 	31.3235 	-0.257994 	0
0.0125698 	4.99372 	30.4211 	-0.228483 	0
0.0131412 	4.465 	30.8302 	-0.115036 	0
0.0137126 	4.10679 	32.9752 	-0.0680693 	0
0.0142839 	3.81232 	34.8588 	-0.0239203 	0
0.0148553 	3.50546 	36.0501 	0.00608036 	0
0.0154266 	3.18392 	36.4667 	0.0158579 	0
0.015998 	2.86028 	36.7378 	0.0219391 	0
0.0165693 	2.53309 	36.9932 	0.0277585 	0
0.0171407 	2.20245 	37.2354 	0.0333175 	0
0.0177121 	1.8686 	37.4655 	0.0386179 	0
0.0182834 	1.53189 	37.6856 	0.0437661 	0
0.0188548 	1.19782 	37.8927 	0.0486642 	0
0.0194261 	0.855344 	38.0848 	0.0534343 	0
0.0199975 	0.515848 	38.2694 	0.0580357 	0
0.0205688 	0.170296 	38.4295 	0.0623186 	0
0.0211402 	-0.175309 	38.5853 	0.066527 	0
0.0217116 	-0.521726 	38.7133 	0.0703294 	0
0.0222829 	-0.86552 	38.8411 	0.0740943 	0
0.0228543 	-1.21836 	38.9344 	0.0774911 	0
0.0234256 	-1.564 	39.0246 	0.0807905 	0
0.023997 	-1.91723 	39.0987 	0.0838875 	0
0.0245683 	-2.26301 	39.1484 	0.0866522 	0
0.0251397 	-2.60879 	39.1981 	0.0894169 	0
0.0257111 	-2.96088 	39.2298 	0.0918887 	0
0.0262824 	-3.30439 	39.2438 	0.0941683 	0
0.0268538 	-3.6479 	39.2579 	0.0964479 	0
0.0274251 	-3.99445 	39.268 	0.0985891 	0
0.0279965 	-4.3363 	39.2624 	0.100395 	0
0.0285678 	-4.67501 	39.2566 	0.102236 	0
0.0291392 	-5.01372 	39.2508 	0.104078 	0
0.0297106 	-5.35617 	39.2464 	0.105706 	0
0.0302819 	-5.68872 	39.2434 	0.107253 	0
0.0308533 	-6.02101 	39.2403 	0.108804 	0
0.0314246 	-6.3533 	39.2373 	0.110356 	0
0.031996 	-6.68588 	39.2352 	0.111886 	0
0.0325673 	-7.01673 	39.249 	0.113155 	0
0.0331387 	-7.34231 	39.2627 	0.114502 	0
0.0337101 	-7.66789 	39.2764 	0.11585 	0
0.0342814 	-7.99347 	39.2901 	0.117197 	0
0.0348528 	-8.31925 	39.3043 	0.118514 	0
0.0354241 	-8.64347 	39.3263 	0.119445 	0
0.0359955 	-8.96305 	39.348 	0.120463 	0
0.0365668 	-9.28264 	39.3697 	0.12148 	0
0.0371382 	-9.60223 	39.3914 	0.122498 	0
0.0377095 	-9.92181 	39.4131 	0.123516 	0
0.0382809 	-10.2411 	39.4321 	0.124364 	0
0.0388523 	-10.555 	39.4452 	0.125045 	0
0.0394236 	-10.8668 	39.4582 	0.125802 	0
0.039995 	-11.1785 	39.4711 	0.126558 	0
0.0405663 	-11.4902 	39.484 	0.127315 	0
0.0411377 	-11.802 	39.497 	0.128071 	0
0.041709 	-12.1137 	39.5099 	0.128828 	0
0.0422804 	-12.4211 	39.5211 	0.129073 	0
0.0428518 	-12.7221 	39.5314 	0.129461 	0
0.0434231 	-13.0231 	39.5416 	0.129848 	0
0.0439945 	-13.324 	39.5518 	0.130236 	0
0.0445658 	-13.625 	39.562 	0.130623 	0
0.0451372 	-13.926 	39.5722 	0.131011 	0
0.0457085 	-14.227 	39.5824 	0.131398 	0
0.0462799 	-14.5261 	39.5933 	0.131624 	0
0.0468513 	-14.8178 	39.6062 	0.131499 	0
0.0474226 	-15.1069 	39.6187 	0.131591 	0
0.047994 	-15.396 	39.6313 	0.131682 	0
0.0485653 	-15.6851 	39.6438 	0.131774 	0
0.0491367 	-15.9742 	39.6564 	0.131866 	0
0.049708 	-16.2633 	39.6689 	0.131957 	0
0.0502794 	-16.5524 	39.6815 	0.132049 	0
0.0508508 	-16.8414 	39.694 	0.132141 	0
0.0514221 	-17.1243 	39.706 	0.131786 	0
0.0519935 	-17.4005 	39.7174 	0.131439 	0
0.0525648 	-17.6753 	39.7286 	0.131245 	0
0.0531362 	-17.95 	39.7397 	0.131051 	0
0.0537075 	-18.2248 	39.7509 	0.130857 	0
0.0542789 	-18.4996 	39.7621 	0.130662 	0
0.0548503 	-18.7744 	39.7733 	0.130468 	0
0.0554216 	-19.0491 	39.7845 	0.130274 	0
0.055993 	-19.3239 	39.7956 	0.13008 	0
0.0565643 	-19.5987 	39.8068 	0.129886 	0
0.0571357 	-19.8592 	39.818 	0.129079 	0
0.057707 	-20.1116 	39.8288 	0.12835 	0
0.0582784 	-20.3623 	39.8394 	0.127813 	0
0.0588497 	-20.613 	39.8501 	0.127276 	0
0.0594211 	-20.8637 	39.8607 	0.12674 	0
0.0599925 	-21.1143 	39.8714 	0.126203 	0
0.0605638 	-21.365 	39.882 	0.125666 	0
0.0611352 	-21.6157 	39.8927 	0.12513 	0
0.0617065 	-21.8663 	39.9033 	0.124593 	0
0.0622779 	-22.117 	39.914 	0.124056 	0
0.0628492 	-22.3677 	39.9246 	0.12352 	0
0.0634206 	-22.6136 	39.9353 	0.122642 	0
0.063992 	-22.8505 	39.9459 	0.121383 	0
0.0645633 	-23.0833 	39.9561 	0.120548 	0
0.0651347 	-23.316 	39.9664 	0.119713 	0
0.065706 	-23.5488 	39.9766 	0.118878 	0
0.0662774 	-23.7816 	39.9868 	0.118042 	0
0.0668487 	-24.0144 	39.9971 	0.117207 	0
0.0674201 	-24.2472 	40.0073 	0.116372 	0
0.0679915 	-24.48 	40.0176 	0.115537 	0
0.0685628 	-24.7128 	40.0278 	0.114701 	0
0.0691342 	-24.9455 	40.038 	0.113866 	0
0.0697055 	-25.1781 	40.0483 	0.112983 	0
0.0702769 	-25.4055 	40.059 	0.111158 	0
0.0708482 	-25.6263 	40.0692 	0.109962 	0
0.0714196 	-25.847 	40.0793 	0.108767 	0
0.071991 	-26.0677 	40.0895 	0.107572 	0
0.0725623 	-26.2884 	40.0997 	0.106377 	0
0.0731337 	-26.5092 	40.1099 	0.105181 	0
0.073705 	-26.7299 	40.1201 	0.103986 	0
0.0742764 	-26.9506 	40.1303 	0.102791 	0
0.0748477 	-27.1713 	40.1405 	0.101596 	0
0.0754191 	-27.3907 	40.1508 	0.100238 	0
0.0759905 	-27.5999 	40.1611 	0.0982303 	0
0.0765618 	-27.8031 	40.1711 	0.0967449 	0
0.0771332 	-28.0062 	40.1811 	0.0952594 	0
0.0777045 	-28.2093 	40.1911 	0.093774 	0
0.0782759 	-28.4125 	40.2011 	0.0922886 	0
0.0788472 	-28.6156 	40.2111 	0.0908032 	0
0.0794186 	-28.8188 	40.2211 	0.0893178 	0
0.0799899 	-29.0219 	40.2311 	0.0878324 	0
0.0805613 	-29.2218 	40.2413 	0.0857762 	0
0.0811327 	-29.4107 	40.2513 	0.0838619 	0
0.081704 	-29.5974 	40.2612 	0.0821214 	0
0.0822754 	-29.7842 	40.271 	0.0803809 	0
0.0828467 	-29.9709 	40.2809 	0.0786403 	0
0.0834181 	-30.1577 	40.2908 	0.0768998 	0
0.0839894 	-30.3444 	40.3006 	0.0751593 	0
0.0845608 	-30.5311 	40.3105 	0.073416 	0
0.0851322 	-30.7101 	40.3208 	0.0708706 	0
0.0857035 	-30.8818 	40.3307 	0.0688971 	0
0.0862749 	-31.0534 	40.3407 	0.0669235 	0
0.0868462 	-31.2251 	40.3506 	0.0649499 	0
0.0874176 	-31.3967 	40.3606 	0.0629763 	0
0.0879889 	-31.5684 	40.3705 	0.0610028 	0
0.0885603 	-31.7394 	40.3808 	0.0585271 	0
0.0891317 	-31.8988 	40.3911 	0.0562466 	0
0.089703 	-32.0566 	40.4013 	0.0540833 	0
0.0902744 	-32.2144 	40.4115 	0.0519201 	0
0.0908457 	-32.3722 	40.4217 	0.0497568 	0
0.0914171 	-32.53 	40.4319 	0.0475936 	0
0.0919884 	-32.6852 	40.4428 	0.0448122 	0
0.0925598 	-32.8303 	40.4536 	0.0424783 	0
0.0931312 	-32.9755 	40.4644 	0.0401444 	0
0.0937025 	-33.1206 	40.4752 	0.0378105 	0
0.0942739 	-33.2657 	40.486 	0.0354766 	0
0.0948452 	-33.4084 	40.4976 	0.0325854 	0
0.0954166 	-33.542 	40.5093 	0.0301115 	0
0.0959879 	-33.6756 	40.521 	0.0276376 	0
0.0965593 	-33.8091 	40.5327 	0.0251637 	0
0.0971307 	-33.9441 	40.5451 	0.0222394 	0
0.097702 	-34.0673 	40.5581 	0.0196384 	0
0.0982734 	-34.1904 	40.5711 	0.0170473 	0
0.0988447 	-34.3135 	40.5842 	0.0144561 	0
0.0994161 	-34.4359 	40.5983 	0.0114282 	0
0.0999874 	-34.5496 	40.6131 	0.00873593 	0
0.100559 	-34.6632 	40.6278 	0.00604364 	0
0.10113 	-34.7784 	40.6433 	0.00303025 	0
0.101702 	-34.884 	40.6602 	0.000217798 	0
0.102273 	-34.9892 	40.6771 	-0.00255509 	0
0.102844 	-35.0951 	40.6951 	-0.00566631 	0
0.103416 	-35.1927 	40.7147 	-0.00852513 	0
0.103987 	-35.2904 	40.7343 	-0.0113839 	0
0.104558 	-35.3853 	40.7563 	-0.0145415 	0
0.10513 	-35.476 	40.7788 	-0.0174225 	0
0.105701 	-35.5655 	40.7758 	-0.020565 	0
0.106272 	-35.6503 	40.7631 	-0.0235239 	0
0.106844 	-35.7329 	40.5492 	-0.0237955 	0
0.107415 	-35.812 	40.2448 	-0.0225556 	0
0.107986 	-35.8872 	39.4937 	-0.0140982 	0
0.108558 	-35.9589 	38.5549 	-0.00444268 	0
0.109129 	-36.0251 	37.4362 	0.00554838 	0
0.109701 	-36.0842 	36.1978 	0.01373 	0
0.110272 	-36.1369 	34.8844 	0.0197322 	0
0.110843 	-36.1818 	33.5254 	0.0229167 	0
0.111415 	-36.2174 	32.1011 	0.0233992 	0
0.111986 	-36.2401 	30.4958 	0.0209373 	0
0.112557 	-36.2501 	28.4735 	0.0157603 	0
0.113129 	-36.2464 	25.1872 	0.00808851 	0
0.1137 	-36.2372 	9.98115e-11 	2.11252e-15 	0
