0 	1.92337 	0 	0 	0
0.000571357 	1.83996 	23.6187 	-0.0456752 	0
0.00114271 	1.65794 	25.1049 	-0.115081 	0
0.00171407 	1.48788 	25.2745 	-0.189595 	0
0.00228543 	1.35073 	25.1147 	-0.265131 	0
0.00285678 	1.25771 	24.897 	-0.343265 	0
0.00342814 	1.22743 	24.7543 	-0.421836 	0
0.0039995 	1.25224 	24.8838 	-0.49338 	0
0.00457085 	1.25133 	25.6835 	-0.538801 	0
0.00514221 	1.13798 	26.9213 	-0.564541 	0
0.00571357 	0.955975 	27.8782 	-0.595036 	0
0.00628492 	0.74453 	28.7416 	-0.627129 	0
0.00685628 	0.512889 	29.5356 	-0.658369 	0
0.00742764 	0.263922 	30.2674 	-0.688132 	0
0.00799899 	0.0008915 	30.937 	-0.715784 	0
0.00857035 	-0.284015 	31.5479 	-0.742529 	0
0.00914171 	-0.576161 	32.0767 	-0.766087 	0
0.00971307 	-0.889679 	32.5538 	-0.788431 	0
0.0102844 	-1.22959 	33.0041 	-0.811743 	0
0.0108558 	-1.5779 	33.4241 	-0.832529 	0
0.0114271 	-1.91484 	33.7354 	-0.849954 	0
0.0119985 	-2.26342 	33.8793 	-0.855091 	0
0.0125698 	-2.61886 	33.8904 	-0.859712 	0
0.0131412 	-2.68981 	34.5719 	-0.906731 	0
0.0137126 	-3.03434 	35.1282 	-0.916418 	0
0.0142839 	-3.40696 	35.4439 	-0.930318 	0
0.0148553 	-3.80317 	35.749 	-0.943626 	0
0.0154266 	-4.22541 	36.0448 	-0.956533 	0
0.015998 	-4.6527 	36.3286 	-0.968575 	0
0.0165693 	-5.09626 	36.6022 	-0.980158 	0
0.0171407 	-5.5561 	36.8651 	-0.991302 	0
0.0177121 	-6.03193 	37.1171 	-1.00203 	0
0.0182834 	-6.52289 	37.3591 	-1.01241 	0
0.0188548 	-6.99637 	37.5863 	-1.0217 	0
0.0194261 	-7.50539 	37.8006 	-1.03087 	0
0.0199975 	-8.03587 	38.0092 	-1.04 	0
0.0205688 	-8.52813 	38.1911 	-1.04742 	0
0.0211402 	-9.08189 	38.3727 	-1.05552 	0
0.0217116 	-9.58797 	38.5235 	-1.0618 	0
0.0222829 	-10.1537 	38.6785 	-1.06877 	0
0.0228543 	-10.6795 	38.7945 	-1.07383 	0
0.0234256 	-11.2002 	38.9077 	-1.07873 	0
0.023997 	-11.7963 	39.0086 	-1.0836 	0
0.0245683 	-12.3234 	39.0792 	-1.08687 	0
0.0251397 	-12.8773 	39.1517 	-1.09028 	0
0.0257111 	-13.4649 	39.2055 	-1.09298 	0
0.0262824 	-13.9961 	39.2358 	-1.09456 	0
0.0268538 	-14.5278 	39.2662 	-1.09614 	0
0.0274251 	-15.1507 	39.2966 	-1.09753 	0
0.0279965 	-15.6799 	39.3003 	-1.09776 	0
0.0285678 	-16.2092 	39.304 	-1.09799 	0
0.0291392 	-16.7735 	39.3091 	-1.09808 	0
0.0297106 	-17.3637 	39.3142 	-1.09772 	0
0.0302819 	-17.8855 	39.3147 	-1.09707 	0
0.0308533 	-18.4073 	39.3153 	-1.09643 	0
0.0314246 	-18.939 	39.316 	-1.0957 	0
0.031996 	-19.5538 	39.3194 	-1.09428 	0
0.0325673 	-20.0653 	39.3355 	-1.09338 	0
0.0331387 	-20.5769 	39.3516 	-1.09248 	0
0.0337101 	-21.0884 	39.3677 	-1.09158 	0
0.0342814 	-21.623 	39.3842 	-1.09042 	0
0.0348528 	-22.2169 	39.4023 	-1.08853 	0
0.0354241 	-22.7174 	39.4292 	-1.08711 	0
0.0359955 	-23.2179 	39.456 	-1.08568 	0
0.0365668 	-23.7184 	39.4828 	-1.08426 	0
0.0371382 	-24.2189 	39.5096 	-1.08283 	0
0.0377095 	-24.775 	39.5381 	-1.08055 	0
0.0382809 	-25.3218 	39.5638 	-1.07785 	0
0.0388523 	-25.8053 	39.5825 	-1.07503 	0
0.0394236 	-26.2887 	39.6011 	-1.0722 	0
0.039995 	-26.7722 	39.6198 	-1.06938 	0
0.0405663 	-27.2557 	39.6384 	-1.06655 	0
0.0411377 	-27.7627 	39.658 	-1.0632 	0
0.041709 	-28.3138 	39.6793 	-1.05885 	0
0.0422804 	-28.7933 	39.6954 	-1.05493 	0
0.0428518 	-29.2517 	39.7098 	-1.05112 	0
0.0434231 	-29.7101 	39.7243 	-1.04732 	0
0.0439945 	-30.1684 	39.7388 	-1.04352 	0
0.0445658 	-30.6268 	39.7533 	-1.03972 	0
0.0451372 	-31.0882 	39.7678 	-1.03582 	0
0.0457085 	-31.6027 	39.7843 	-1.03025 	0
0.0462799 	-32.0961 	39.8008 	-1.02489 	0
0.0468513 	-32.5246 	39.817 	-1.02023 	0
0.0474226 	-32.9532 	39.8332 	-1.01556 	0
0.047994 	-33.3817 	39.8494 	-1.01089 	0
0.0485653 	-33.8103 	39.8656 	-1.00623 	0
0.0491367 	-34.2389 	39.8817 	-1.00156 	0
0.049708 	-34.6674 	39.8979 	-0.996893 	0
0.0502794 	-35.1269 	39.9153 	-0.990902 	0
0.0508508 	-35.6001 	39.9331 	-0.98432 	0
0.0514221 	-36.0231 	39.9488 	-0.978287 	0
0.0519935 	-36.415 	39.9631 	-0.972593 	0
0.0525648 	-36.807 	39.9773 	-0.9669 	0
0.0531362 	-37.1989 	39.9916 	-0.961207 	0
0.0537075 	-37.5908 	40.0059 	-0.955513 	0
0.0542789 	-37.9827 	40.0202 	-0.94982 	0
0.0548503 	-38.3746 	40.0345 	-0.944127 	0
0.0554216 	-38.77 	40.0489 	-0.938226 	0
0.055993 	-39.1955 	40.0645 	-0.930507 	0
0.0565643 	-39.6211 	40.0801 	-0.922789 	0
0.0571357 	-39.9838 	40.0937 	-0.916137 	0
0.057707 	-40.3229 	40.1066 	-0.909885 	0
0.0582784 	-40.662 	40.1194 	-0.903634 	0
0.0588497 	-41.0011 	40.1322 	-0.897383 	0
0.0594211 	-41.3402 	40.1451 	-0.891131 	0
0.0599925 	-41.6794 	40.1579 	-0.88488 	0
0.0605638 	-42.0185 	40.1707 	-0.878629 	0
0.0611352 	-42.3576 	40.1836 	-0.872378 	0
0.0617065 	-42.6992 	40.1965 	-0.865907 	0
0.0622779 	-43.061 	40.2103 	-0.857666 	0
0.0628492 	-43.4228 	40.224 	-0.849425 	0
0.0634206 	-43.7593 	40.237 	-0.84172 	0
0.063992 	-44.0555 	40.2487 	-0.834868 	0
0.0645633 	-44.3517 	40.2603 	-0.828016 	0
0.0651347 	-44.6479 	40.272 	-0.821164 	0
0.065706 	-44.9442 	40.2837 	-0.814312 	0
0.0662774 	-45.2404 	40.2954 	-0.807461 	0
0.0668487 	-45.5366 	40.307 	-0.800609 	0
0.0674201 	-45.8328 	40.3187 	-0.793757 	0
0.0679915 	-46.129 	40.3304 	-0.786905 	0
0.0685628 	-46.4366 	40.3426 	-0.778553 	0
0.0691342 	-46.7476 	40.3549 	-0.769753 	0
0.0697055 	-47.0563 	40.3671 	-0.761016 	0
0.0702769 	-47.32 	40.3781 	-0.753564 	0
0.0708482 	-47.5836 	40.3892 	-0.746112 	0
0.0714196 	-47.8472 	40.4002 	-0.73866 	0
0.071991 	-48.1108 	40.4112 	-0.731208 	0
0.0725623 	-48.3745 	40.4222 	-0.723756 	0
0.0731337 	-48.6381 	40.4332 	-0.716304 	0
0.073705 	-48.9017 	40.4442 	-0.708852 	0
0.0742764 	-49.1703 	40.4555 	-0.700367 	0
0.0748477 	-49.4434 	40.4669 	-0.69097 	0
0.0754191 	-49.7095 	40.4782 	-0.681839 	0
0.0759905 	-49.9377 	40.4885 	-0.674164 	0
0.0765618 	-50.1659 	40.4987 	-0.666488 	0
0.0771332 	-50.3942 	40.509 	-0.658813 	0
0.0777045 	-50.6224 	40.5193 	-0.651137 	0
0.0782759 	-50.8506 	40.5296 	-0.643462 	0
0.0788472 	-51.0789 	40.5399 	-0.635786 	0
0.0794186 	-51.3105 	40.5503 	-0.626986 	0
0.0799899 	-51.5444 	40.5609 	-0.617435 	0
0.0805613 	-51.7595 	40.571 	-0.608795 	0
0.0811327 	-51.9579 	40.5808 	-0.600972 	0
0.081704 	-52.1562 	40.5906 	-0.593148 	0
0.0822754 	-52.3545 	40.6004 	-0.585325 	0
0.0828467 	-52.5528 	40.6102 	-0.577502 	0
0.0834181 	-52.7512 	40.6199 	-0.569678 	0
0.0839894 	-52.9522 	40.6299 	-0.560388 	0
0.0845608 	-53.1538 	40.6398 	-0.550757 	0
0.0851322 	-53.3267 	40.6494 	-0.542869 	0
0.0857035 	-53.4997 	40.6589 	-0.534981 	0
0.0862749 	-53.6727 	40.6685 	-0.527093 	0
0.0868462 	-53.8456 	40.6781 	-0.519205 	0
0.0874176 	-54.0186 	40.6876 	-0.51129 	0
0.0879889 	-54.1934 	40.6973 	-0.501648 	0
0.0885603 	-54.358 	40.7069 	-0.492756 	0
0.0891317 	-54.5094 	40.7165 	-0.484824 	0
0.089703 	-54.6609 	40.7261 	-0.476893 	0
0.0902744 	-54.8123 	40.7357 	-0.468962 	0
0.0908457 	-54.9639 	40.7454 	-0.460879 	0
0.0914171 	-55.1163 	40.755 	-0.451243 	0
0.0919884 	-55.2549 	40.7649 	-0.442819 	0
0.0925598 	-55.388 	40.775 	-0.434883 	0
0.0931312 	-55.5211 	40.785 	-0.426946 	0
0.0937025 	-55.6542 	40.795 	-0.419009 	0
0.0942739 	-55.7877 	40.805 	-0.409546 	0
0.0948452 	-55.9097 	40.8156 	-0.401146 	0
0.0954166 	-56.0271 	40.8264 	-0.393213 	0
0.0959879 	-56.1446 	40.8373 	-0.38528 	0
0.0965593 	-56.2621 	40.848 	-0.376683 	0
0.0971307 	-56.3748 	40.8592 	-0.367724 	0
0.097702 	-56.4789 	40.8712 	-0.359808 	0
0.0982734 	-56.5829 	40.8833 	-0.351891 	0
0.0988447 	-56.687 	40.8952 	-0.343219 	0
0.0994161 	-56.7847 	40.9081 	-0.334628 	0
0.0999874 	-56.8772 	40.9217 	-0.326738 	0
0.100559 	-56.9698 	40.9354 	-0.318777 	0
0.10113 	-57.06 	40.9494 	-0.309732 	0
0.101702 	-57.1427 	40.9651 	-0.301867 	0
0.102273 	-57.2254 	40.9808 	-0.29392 	0
0.102844 	-57.3051 	40.9972 	-0.285094 	0
0.103416 	-57.3793 	41.0154 	-0.27726 	0
0.103987 	-57.4535 	41.0334 	-0.268767 	0
0.104558 	-57.5216 	41.0538 	-0.260726 	0
0.10513 	-57.5885 	41.0747 	-0.252686 	0
0.105701 	-57.6514 	41.0979 	-0.244401 	0
0.106272 	-57.7119 	41.1224 	-0.236393 	0
0.106844 	-57.7683 	41.1439 	-0.22838 	0
0.107415 	-57.8227 	41.1598 	-0.220152 	0
0.107986 	-57.8703 	41.0523 	-0.210599 	0
0.108558 	-57.9149 	40.6816 	-0.195554 	0
0.109129 	-57.9565 	39.9436 	-0.173896 	0
0.109701 	-57.9963 	38.7113 	-0.144378 	0
0.110272 	-58.0334 	37.1433 	-0.113389 	0
0.110843 	-58.0678 	35.3935 	-0.0848305 	0
0.111415 	-58.1009 	33.5183 	-0.0589656 	0
0.111986 	-58.1323 	31.4916 	-0.0379062 	0
0.112557 	-58.1607 	29.0687 	-0.0208463 	0
0.113129 	-58.1834 	25.3815 	-0.00779878 	0
0.1137 	-58.1936 	1.05315e-10 	-1.96341e-15 	0
