0.0131412 	-84.4459 	10.1113 	0 	0
0.0137126 	-84.3707 	23.1953 	-1.4412e-16 	0
0.0154266 	-84.1332 	32.0524 	-3.08039e-17 	0
0.015998 	-84.0492 	32.8689 	0 	0
0.0165693 	-83.955 	33.6354 	0 	0
0.0171407 	-83.8543 	34.2578 	0 	0
0.0177121 	-83.7464 	34.8489 	0 	0
0.0182834 	-83.6332 	35.4167 	0 	0
0.0188548 	-83.5146 	35.9725 	0 	0
0.0194261 	-83.3916 	36.5053 	4.06951e-17 	0
0.0199975 	-83.2647 	37.0231 	0 	0
0.0205688 	-83.134 	37.5409 	-8.52994e-17 	0
0.0217116 	-82.8635 	38.5114 	0 	0
0.0222829 	-82.7253 	38.9073 	0 	0
0.0228543 	-82.5856 	39.2854 	0 	0
0.0234256 	-82.4445 	39.6571 	0 	0
0.023997 	-82.3016 	40.0288 	0 	0
0.0245683 	-82.1576 	40.3923 	0 	0
0.0251397 	-82.0128 	40.7501 	0 	0
0.0257111 	-81.8674 	41.0635 	0 	0
0.0262824 	-81.7218 	41.3691 	0 	0
0.0268538 	-81.5759 	41.6479 	0 	0
0.0274251 	-81.4299 	41.9267 	0 	0
0.0279965 	-81.2833 	42.2055 	0 	0
0.0285678 	-81.1367 	42.4842 	0 	0
0.0291392 	-80.9894 	42.763 	0 	0
0.0297106 	-80.842 	43.0418 	0 	0
0.0302819 	-80.6954 	43.2406 	0 	0
0.0308533 	-80.5488 	43.4298 	0 	0
0.0314246 	-80.4032 	43.5803 	0 	0
0.031996 	-80.2586 	43.6857 	0 	0
0.0325673 	-80.114 	43.791 	0 	0
0.0331387 	-79.9707 	43.8957 	0 	0
0.0337101 	-79.8276 	44.0002 	0 	0
0.0342814 	-79.6845 	44.1048 	0 	0
0.0348528 	-79.5437 	44.1672 	0 	0
0.0354241 	-79.4029 	44.2294 	0 	0
0.0359955 	-79.2622 	44.2916 	0 	0
0.0365668 	-79.1244 	44.3063 	0 	0
0.0371382 	-78.9868 	44.3173 	0 	0
0.0377095 	-78.8493 	44.3284 	0 	0
0.0382809 	-78.7137 	44.3316 	0 	0
0.0388523 	-78.5795 	44.33 	0 	0
0.0394236 	-78.4452 	44.3284 	0 	0
0.039995 	-78.3111 	44.3265 	0 	0
0.0405663 	-78.1801 	44.3173 	3.47637e-17 	0
0.0411377 	-78.0492 	44.3081 	-3.56835e-17 	0
0.041709 	-77.9183 	44.2989 	0 	0
0.0422804 	-77.7879 	44.2888 	0 	0
0.0428518 	-77.6602 	44.2744 	0 	0
0.0434231 	-77.5325 	44.2601 	0 	0
0.0439945 	-77.4049 	44.2457 	0 	0
0.0445658 	-77.2772 	44.2314 	0 	0
0.0451372 	-77.1523 	44.2272 	0 	0
0.0457085 	-77.0274 	44.2231 	0 	0
0.0462799 	-76.9025 	44.219 	0 	0
0.0468513 	-76.7776 	44.215 	0 	0
0.0474226 	-76.6538 	44.215 	0 	0
0.047994 	-76.5311 	44.2194 	0 	0
0.0485653 	-76.4085 	44.2238 	0 	0
0.0491367 	-76.2858 	44.2282 	0 	0
0.049708 	-76.1632 	44.2326 	0 	0
0.0502794 	-76.0417 	44.2355 	0 	0
0.0508508 	-75.9211 	44.2373 	0 	0
0.0514221 	-75.8004 	44.2392 	0 	0
0.0519935 	-75.6798 	44.2411 	0 	0
0.0525648 	-75.5592 	44.243 	0 	0
0.0531362 	-75.4391 	44.2442 	0 	0
0.0537075 	-75.3204 	44.2442 	0 	0
0.0542789 	-75.2016 	44.2442 	0 	0
0.0548503 	-75.0828 	44.2442 	0 	0
0.0554216 	-74.964 	44.2442 	0 	0
0.055993 	-74.8453 	44.2442 	0 	0
0.0565643 	-74.7276 	44.2442 	0 	0
0.0571357 	-74.6106 	44.2442 	0 	0
0.057707 	-74.4935 	44.2442 	0 	0
0.0582784 	-74.3765 	44.2442 	0 	0
0.0588497 	-74.2595 	44.2442 	3.13998e-17 	0
0.0594211 	-74.1424 	44.2442 	-3.21058e-17 	0
0.0599925 	-74.0272 	44.244 	0 	0
0.0605638 	-73.9139 	44.2435 	0 	0
0.0611352 	-73.8005 	44.243 	0 	0
0.0617065 	-73.6871 	44.2425 	0 	0
0.0622779 	-73.5738 	44.242 	3.09687e-17 	0
0.0628492 	-73.4604 	44.2415 	-6.27406e-17 	0
0.0674201 	-72.5642 	44.2308 	-6.05226e-17 	0
0.0742764 	-71.2266 	44.2074 	0 	0
0.0748477 	-71.1171 	44.2066 	0 	0
0.0754191 	-71.0075 	44.2059 	0 	0
0.0759905 	-70.898 	44.2051 	0 	0
0.0765618 	-70.7885 	44.2044 	0 	0
0.0771332 	-70.679 	44.2038 	0 	0
0.0777045 	-70.5706 	44.2048 	0 	0
0.0782759 	-70.4622 	44.2057 	0 	0
0.0788472 	-70.3537 	44.2067 	0 	0
0.0794186 	-70.2453 	44.2076 	2.87824e-17 	0
0.0799899 	-70.1371 	44.2087 	-2.90009e-17 	0
0.0805613 	-70.0297 	44.21 	0 	0
0.0811327 	-69.9223 	44.2113 	0 	0
0.081704 	-69.8148 	44.2127 	0 	0
0.0822754 	-69.7074 	44.214 	0 	0
0.0828467 	-69.6006 	44.2153 	0 	0
0.0834181 	-69.4941 	44.2166 	2.80976e-17 	0
0.0839894 	-69.3876 	44.218 	0 	0
0.0845608 	-69.2811 	44.2193 	0 	0
0.0851322 	-69.175 	44.2206 	0 	0
0.0857035 	-69.0693 	44.222 	0 	0
0.0862749 	-68.9636 	44.2233 	0 	0
0.0868462 	-68.8579 	44.2246 	-2.85402e-17 	0
0.0874176 	-68.7527 	44.2259 	0 	0
0.0879889 	-68.6478 	44.2273 	0 	0
0.0885603 	-68.5428 	44.2286 	0 	0
0.0891317 	-68.4379 	44.2299 	0 	0
0.089703 	-68.3336 	44.2312 	0 	0
0.0902744 	-68.2292 	44.2326 	0 	0
0.0908457 	-68.1249 	44.2339 	2.73932e-17 	0
0.0914171 	-68.021 	44.2352 	0 	0
0.0919884 	-67.9171 	44.2366 	-5.62207e-17 	0
0.0948452 	-67.3995 	44.18 	0 	0
0.0954166 	-67.2971 	44.1103 	0 	0
0.0959879 	-67.1953 	44.0181 	-2.74558e-17 	0
0.097702 	-66.8964 	43.5442 	0 	0
0.0982734 	-66.798 	43.3792 	0 	0
0.0988447 	-66.7004 	43.2142 	0 	0
0.0994161 	-66.6034 	43.0493 	0 	0
0.0999874 	-66.5068 	42.8843 	-2.70915e-17 	0
0.10113 	-66.3147 	42.5543 	0 	0
0.101702 	-66.2188 	42.3893 	0 	0
0.102273 	-66.1216 	42.2243 	2.74984e-17 	0
0.102844 	-66.0238 	42.0593 	-8.05803e-17 	0
0.103987 	-65.8311 	41.1745 	0 	0
0.104558 	-65.7466 	39.8775 	1.99354e-17 	0
0.10513 	-65.6776 	37.661 	-6.24067e-17 	0
0.106272 	-65.5608 	32.9831 	-1.87922e-17 	0
0.106844 	-65.511 	30.6357 	0 	0
0.107415 	-65.467 	28.2883 	0 	0
0.107986 	-65.4289 	25.9409 	0 	0
0.108558 	-65.396 	23.5935 	0 	0
0.109129 	-65.3682 	21.246 	1.33275e-17 	0
0.109701 	-65.3453 	18.8986 	0 	0
0.110272 	-65.3261 	16.5512 	-1.2246e-17 	0
0.110843 	-65.3105 	14.2037 	0 	0
0.111415 	-65.298 	11.8563 	-1.13211e-17 	0
0.112557 	-65.2793 	7.16142 	2.2899e-17 	0
0.113129 	-65.2725 	4.81397 	-2.55875e-17 	0
