0 	-258.333 	0 	0 	0
0.000571357 	-259.186 	-17.3726 	-0.823461 	0
0.00114271 	-260.048 	-15.6051 	-1.70385 	0
0.00171407 	-261.757 	-12.2368 	-2.54455 	0
0.00228543 	-264.045 	-9.76439 	-3.43986 	0
0.00285678 	-267.259 	-7.8178 	-4.39946 	0
0.00342814 	-271.217 	-6.00198 	-5.39743 	0
0.0039995 	-276.238 	-4.13334 	-6.42807 	0
0.00457085 	-282.193 	-2.13791 	-7.46538 	0
0.00514221 	-288.701 	-0.0449215 	-8.48197 	0
0.00571357 	-295.652 	2.12954 	-9.46809 	0
0.00628492 	-302.959 	4.3814 	-10.4108 	0
0.00685628 	-310.329 	6.7161 	-11.2832 	0
0.00742764 	-317.409 	9.1181 	-12.0572 	0
0.00799899 	-323.831 	11.4973 	-12.6891 	0
0.00857035 	-329.9 	13.9456 	-13.2216 	0
0.00914171 	-335.25 	16.3109 	-13.6063 	0
0.00971307 	-339.728 	18.7063 	-13.8774 	0
0.0102844 	-343.663 	20.9725 	-14.0319 	0
0.0108558 	-346.703 	23.1173 	-14.067 	0
0.0114271 	-348.486 	25.1888 	-14.0077 	0
0.0119985 	-352 	27.1166 	-14.0342 	0
0.0125698 	-353.073 	28.5876 	-13.9548 	0
0.0131412 	-334.48 	30.7651 	-13.5134 	0
0.0137126 	-325.962 	32.5814 	-13.2621 	0
0.0142839 	-320.71 	34.2184 	-12.9539 	0
0.0148553 	-316.309 	35.669 	-12.5877 	0
0.0154266 	-312.001 	36.922 	-12.1729 	0
0.015998 	-308.144 	37.9567 	-11.7385 	0
0.0165693 	-303.703 	38.8301 	-11.2776 	0
0.0171407 	-299.304 	39.5601 	-10.8244 	0
0.0177121 	-294.845 	40.1818 	-10.3863 	0
0.0182834 	-289.552 	40.7085 	-9.9501 	0
0.0188548 	-284.743 	41.1697 	-9.55585 	0
0.0194261 	-280.597 	41.5855 	-9.19697 	0
0.0199975 	-274.847 	41.9391 	-8.82383 	0
0.0205688 	-270.779 	42.2591 	-8.51165 	0
0.0211402 	-265.373 	42.5385 	-8.18633 	0
0.0217116 	-261.386 	42.7973 	-7.91066 	0
0.0222829 	-255.936 	43.0186 	-7.62107 	0
0.0228543 	-252.403 	43.2378 	-7.38115 	0
0.0234256 	-247.385 	43.4134 	-7.13497 	0
0.023997 	-243.041 	43.5869 	-6.90661 	0
0.0245683 	-239.358 	43.7491 	-6.70311 	0
0.0251397 	-234.706 	43.8849 	-6.49727 	0
0.0257111 	-230.876 	44.0164 	-6.30929 	0
0.0262824 	-227.543 	44.1374 	-6.13794 	0
0.0268538 	-223.39 	44.2372 	-5.96778 	0
0.0274251 	-219.522 	44.3305 	-5.80254 	0
0.0279965 	-216.728 	44.3994 	-5.65581 	0
0.0285678 	-213.335 	44.4547 	-5.51251 	0
0.0291392 	-209.725 	44.5051 	-5.37046 	0
0.0297106 	-206.594 	44.5323 	-5.23387 	0
0.0302819 	-204.153 	44.526 	-5.10514 	0
0.0308533 	-201.282 	44.5105 	-4.98065 	0
0.0314246 	-198.243 	44.4913 	-4.85783 	0
0.031996 	-195.258 	44.4698 	-4.7357 	0
0.0325673 	-193.227 	44.4087 	-4.62548 	0
0.0331387 	-191.148 	44.3462 	-4.51589 	0
0.0337101 	-188.697 	44.2728 	-4.41118 	0
0.0342814 	-186.247 	44.1994 	-4.30646 	0
0.0348528 	-183.846 	44.1273 	-4.20278 	0
0.0354241 	-182.219 	44.0745 	-4.11524 	0
0.0359955 	-180.591 	44.0218 	-4.0277 	0
0.0365668 	-178.727 	43.9598 	-3.94394 	0
0.0371382 	-176.817 	43.896 	-3.86093 	0
0.0377095 	-174.906 	43.8323 	-3.77792 	0
0.0382809 	-173.208 	43.7791 	-3.69982 	0
0.0388523 	-171.928 	43.7469 	-3.63145 	0
0.0394236 	-170.649 	43.7146 	-3.56308 	0
0.039995 	-169.221 	43.6766 	-3.4976 	0
0.0405663 	-167.754 	43.6369 	-3.43291 	0
0.0411377 	-166.286 	43.5972 	-3.36822 	0
0.041709 	-164.818 	43.5576 	-3.30352 	0
0.0422804 	-163.726 	43.5273 	-3.24648 	0
0.0428518 	-162.745 	43.4999 	-3.1917 	0
0.0434231 	-161.764 	43.4725 	-3.13692 	0
0.0439945 	-160.678 	43.4411 	-3.08455 	0
0.0445658 	-159.572 	43.4089 	-3.0326 	0
0.0451372 	-158.467 	43.3767 	-2.98066 	0
0.0457085 	-157.362 	43.3446 	-2.92871 	0
0.0462799 	-156.347 	43.3155 	-2.87868 	0
0.0468513 	-155.607 	43.2957 	-2.83451 	0
0.0474226 	-154.868 	43.2759 	-2.79035 	0
0.047994 	-154.129 	43.2561 	-2.74618 	0
0.0485653 	-153.317 	43.2335 	-2.70382 	0
0.0491367 	-152.496 	43.2106 	-2.66167 	0
0.049708 	-151.675 	43.1876 	-2.61953 	0
0.0502794 	-150.854 	43.1647 	-2.57738 	0
0.0508508 	-150.033 	43.1417 	-2.53524 	0
0.0514221 	-149.38 	43.1244 	-2.49686 	0
0.0519935 	-148.831 	43.1105 	-2.46081 	0
0.0525648 	-148.281 	43.0967 	-2.42477 	0
0.0531362 	-147.732 	43.0828 	-2.38872 	0
0.0537075 	-147.141 	43.0674 	-2.35374 	0
0.0542789 	-146.537 	43.0514 	-2.31907 	0
0.0548503 	-145.934 	43.0355 	-2.28441 	0
0.0554216 	-145.33 	43.0195 	-2.24974 	0
0.055993 	-144.727 	43.0036 	-2.21507 	0
0.0565643 	-144.123 	42.9876 	-2.18041 	0
0.0571357 	-143.671 	42.9767 	-2.14966 	0
0.057707 	-143.277 	42.9678 	-2.12039 	0
0.0582784 	-142.882 	42.9588 	-2.09111 	0
0.0588497 	-142.487 	42.9498 	-2.06184 	0
0.0594211 	-142.08 	42.9404 	-2.03286 	0
0.0599925 	-141.65 	42.93 	-2.00448 	0
0.0605638 	-141.219 	42.9197 	-1.9761 	0
0.0611352 	-140.788 	42.9094 	-1.94772 	0
0.0617065 	-140.358 	42.899 	-1.91933 	0
0.0622779 	-139.927 	42.8887 	-1.89095 	0
0.0628492 	-139.496 	42.8783 	-1.86257 	0
0.0634206 	-139.118 	42.8698 	-1.83547 	0
0.063992 	-138.823 	42.864 	-1.81039 	0
0.0645633 	-138.528 	42.8582 	-1.78531 	0
0.0651347 	-138.233 	42.8525 	-1.76023 	0
0.065706 	-137.939 	42.8467 	-1.73515 	0
0.0662774 	-137.619 	42.8401 	-1.71066 	0
0.0668487 	-137.299 	42.8334 	-1.68618 	0
0.0674201 	-136.979 	42.8267 	-1.6617 	0
0.0679915 	-136.659 	42.82 	-1.63721 	0
0.0685628 	-136.339 	42.8133 	-1.61273 	0
0.0691342 	-136.019 	42.8066 	-1.58825 	0
0.0697055 	-135.703 	42.8 	-1.56384 	0
0.0702769 	-135.47 	42.7964 	-1.54098 	0
0.0708482 	-135.238 	42.7928 	-1.51813 	0
0.0714196 	-135.005 	42.7892 	-1.49527 	0
0.071991 	-134.768 	42.7854 	-1.4725 	0
0.0725623 	-134.517 	42.7811 	-1.45007 	0
0.0731337 	-134.265 	42.7768 	-1.42765 	0
0.073705 	-134.013 	42.7725 	-1.40522 	0
0.0742764 	-133.761 	42.7682 	-1.3828 	0
0.0748477 	-133.51 	42.7639 	-1.36037 	0
0.0754191 	-133.268 	42.7599 	-1.33818 	0
0.0759905 	-133.083 	42.7579 	-1.31724 	0
0.0765618 	-132.897 	42.756 	-1.29631 	0
0.0771332 	-132.712 	42.754 	-1.27538 	0
0.0777045 	-132.514 	42.7516 	-1.25471 	0
0.0782759 	-132.314 	42.7491 	-1.2341 	0
0.0788472 	-132.113 	42.7466 	-1.21349 	0
0.0794186 	-131.913 	42.7441 	-1.19288 	0
0.0799899 	-131.712 	42.7416 	-1.17227 	0
0.0805613 	-131.538 	42.74 	-1.15218 	0
0.0811327 	-131.387 	42.7394 	-1.13255 	0
0.081704 	-131.235 	42.7387 	-1.11291 	0
0.0822754 	-131.076 	42.7378 	-1.09343 	0
0.0828467 	-130.913 	42.7367 	-1.07406 	0
0.0834181 	-130.749 	42.7356 	-1.05468 	0
0.0839894 	-130.586 	42.7345 	-1.0353 	0
0.0845608 	-130.422 	42.7335 	-1.01592 	0
0.0851322 	-130.296 	42.734 	-0.997223 	0
0.0857035 	-130.171 	42.7345 	-0.978521 	0
0.0862749 	-130.04 	42.7349 	-0.959914 	0
0.0868462 	-129.904 	42.735 	-0.941423 	0
0.0874176 	-129.768 	42.7352 	-0.922932 	0
0.0879889 	-129.632 	42.7354 	-0.904441 	0
0.0885603 	-129.51 	42.7362 	-0.886146 	0
0.0891317 	-129.404 	42.7379 	-0.868102 	0
0.089703 	-129.296 	42.7395 	-0.850097 	0
0.0902744 	-129.182 	42.7409 	-0.832234 	0
0.0908457 	-129.067 	42.7424 	-0.814371 	0
0.0914171 	-128.953 	42.7438 	-0.796508 	0
0.0919884 	-128.856 	42.7463 	-0.778863 	0
0.0925598 	-128.766 	42.7493 	-0.761305 	0
0.0931312 	-128.67 	42.7521 	-0.743871 	0
0.0937025 	-128.572 	42.7548 	-0.726473 	0
0.0942739 	-128.474 	42.7575 	-0.709076 	0
0.0948452 	-128.391 	42.7615 	-0.691815 	0
0.0954166 	-128.314 	42.7659 	-0.674612 	0
0.0959879 	-128.23 	42.7702 	-0.657551 	0
0.0965593 	-128.145 	42.7744 	-0.640489 	0
0.0971307 	-128.067 	42.7794 	-0.623469 	0
0.097702 	-128 	42.7855 	-0.606521 	0
0.0982734 	-127.927 	42.7915 	-0.589693 	0
0.0988447 	-127.853 	42.7975 	-0.57288 	0
0.0994161 	-127.787 	42.8047 	-0.556103 	0
0.0999874 	-127.726 	42.8129 	-0.539389 	0
0.100559 	-127.66 	42.8209 	-0.522766 	0
0.10113 	-127.598 	42.8296 	-0.506152 	0
0.101702 	-127.543 	42.8401 	-0.48958 	0
0.102273 	-127.484 	42.8504 	-0.473111 	0
0.102844 	-127.429 	42.8618 	-0.45665 	0
0.103416 	-127.379 	42.8749 	-0.440243 	0
0.103987 	-127.325 	42.8879 	-0.423907 	0
0.104558 	-127.28 	42.9035 	-0.40759 	0
0.10513 	-127.231 	42.9195 	-0.391384 	0
0.105701 	-127.189 	42.9375 	-0.375176 	0
0.106272 	-127.145 	42.9566 	-0.359058 	0
0.106844 	-127.108 	42.9781 	-0.342963 	0
0.107415 	-127.068 	43.0006 	-0.326975 	0
0.107986 	-127.036 	43.0267 	-0.311063 	0
0.108558 	-127.005 	43.0545 	-0.295146 	0
0.109129 	-126.975 	43.0682 	-0.279311 	0
0.109701 	-126.947 	42.9717 	-0.262178 	0
0.110272 	-126.918 	42.3675 	-0.235406 	0
0.110843 	-126.896 	40.799 	-0.191567 	0
0.111415 	-126.887 	38.5092 	-0.142496 	0
0.111986 	-126.89 	35.8293 	-0.0973777 	0
0.112557 	-126.907 	32.7783 	-0.0582532 	0
0.113129 	-126.939 	28.4199 	-0.0244891 	0
0.1137 	-126.968 	1.20432e-10 	-6.11786e-15 	0
