0 	96.5348 	0 	0 	0
0.000571357 	94.862 	4.51248 	-0.653054 	0
0.00114271 	92.6604 	5.43211 	-1.33203 	0
0.00171407 	90.8917 	5.51105 	-2.0166 	0
0.00228543 	89.1631 	5.57922 	-2.7128 	0
0.00285678 	87.4271 	5.86873 	-3.42959 	0
0.00342814 	86.0005 	6.54484 	-4.13092 	0
0.0039995 	84.6742 	7.80199 	-4.79648 	0
0.00457085 	82.86 	9.7083 	-5.38453 	0
0.00514221 	80.2042 	11.8947 	-5.87578 	0
0.00571357 	76.7955 	14.058 	-6.29113 	0
0.00628492 	72.9309 	16.1075 	-6.63439 	0
0.00685628 	68.8294 	18.0054 	-6.89397 	0
0.00742764 	64.612 	19.6983 	-7.05698 	0
0.00799899 	60.1845 	21.0982 	-7.10811 	0
0.00857035 	55.7341 	22.3645 	-7.09333 	0
0.00914171 	51.0838 	23.3948 	-7.00107 	0
0.00971307 	46.5583 	24.2811 	-6.8581 	0
0.0102844 	41.9832 	24.9958 	-6.68925 	0
0.0108558 	37.5025 	25.6255 	-6.51507 	0
0.0114271 	33.1454 	26.2199 	-6.34435 	0
0.0119985 	28.3965 	26.8358 	-6.24091 	0
0.0125698 	25.0736 	27.3948 	-6.16052 	0
0.0131412 	32.1728 	29.2947 	-6.00594 	0
0.0137126 	30.7852 	30.7099 	-5.86779 	0
0.0142839 	29.2284 	31.6284 	-5.74078 	0
0.0148553 	27.1146 	32.3968 	-5.61042 	0
0.0154266 	24.7481 	33.0686 	-5.48034 	0
0.015998 	22.1656 	33.6687 	-5.35711 	0
0.0165693 	19.6069 	34.2175 	-5.23364 	0
0.0171407 	17.0085 	34.7264 	-5.11573 	0
0.0177121 	14.4072 	35.2039 	-5.00299 	0
0.0182834 	11.9884 	35.653 	-4.88783 	0
0.0188548 	9.52579 	36.0779 	-4.78171 	0
0.0194261 	6.99073 	36.4828 	-4.68535 	0
0.0199975 	4.79075 	36.8695 	-4.57926 	0
0.0205688 	2.38156 	37.2354 	-4.49176 	0
0.0211402 	0.258235 	37.5905 	-4.39521 	0
0.0217116 	-2.01563 	37.9275 	-4.31474 	0
0.0222829 	-3.97294 	38.2564 	-4.22306 	0
0.0228543 	-6.19571 	38.5674 	-4.15225 	0
0.0234256 	-8.01914 	38.8669 	-4.06887 	0
0.023997 	-9.93476 	39.1556 	-3.99365 	0
0.0245683 	-11.8575 	39.4265 	-3.92607 	0
0.0251397 	-13.5304 	39.6919 	-3.85055 	0
0.0257111 	-15.293 	39.936 	-3.78372 	0
0.0262824 	-17.042 	40.1591 	-3.72193 	0
0.0268538 	-18.5548 	40.3783 	-3.65302 	0
0.0274251 	-20.0918 	40.5842 	-3.58685 	0
0.0279965 	-21.7201 	40.7401 	-3.53103 	0
0.0285678 	-23.1218 	40.8935 	-3.4686 	0
0.0291392 	-24.4643 	41.0462 	-3.40445 	0
0.0297106 	-25.8293 	41.1675 	-3.34444 	0
0.0302819 	-27.2263 	41.2438 	-3.29038 	0
0.0308533 	-28.4353 	41.3178 	-3.23078 	0
0.0314246 	-29.5929 	41.3911 	-3.16966 	0
0.031996 	-30.7507 	41.4618 	-3.10916 	0
0.0325673 	-31.9107 	41.4859 	-3.05912 	0
0.0331387 	-33.0334 	41.5091 	-3.00796 	0
0.0337101 	-33.9991 	41.5287 	-2.95202 	0
0.0342814 	-34.9647 	41.5482 	-2.89609 	0
0.0348528 	-35.9289 	41.5682 	-2.84096 	0
0.0354241 	-36.87 	41.5948 	-2.79836 	0
0.0359955 	-37.8111 	41.6214 	-2.75576 	0
0.0365668 	-38.609 	41.6435 	-2.70888 	0
0.0371382 	-39.3954 	41.6652 	-2.66164 	0
0.0377095 	-40.1818 	41.6869 	-2.61441 	0
0.0382809 	-40.9568 	41.7116 	-2.57088 	0
0.0388523 	-41.7092 	41.7424 	-2.53471 	0
0.0394236 	-42.4617 	41.7731 	-2.49854 	0
0.039995 	-43.1059 	41.8008 	-2.45931 	0
0.0405663 	-43.7364 	41.828 	-2.41968 	0
0.0411377 	-44.3669 	41.8553 	-2.38006 	0
0.041709 	-44.9974 	41.8825 	-2.34044 	0
0.0422804 	-45.5956 	41.9045 	-2.30722 	0
0.0428518 	-46.1841 	41.9249 	-2.2759 	0
0.0434231 	-46.7727 	41.9453 	-2.24457 	0
0.0439945 	-47.2705 	41.9633 	-2.2108 	0
0.0445658 	-47.7649 	41.9812 	-2.17693 	0
0.0451372 	-48.2594 	41.9991 	-2.14307 	0
0.0457085 	-48.7538 	42.017 	-2.1092 	0
0.0462799 	-49.237 	42.0345 	-2.07707 	0
0.0468513 	-49.6856 	42.0508 	-2.05024 	0
0.0474226 	-50.1342 	42.0671 	-2.02341 	0
0.047994 	-50.5807 	42.0834 	-1.99653 	0
0.0485653 	-50.9578 	42.0978 	-1.96786 	0
0.0491367 	-51.3349 	42.1122 	-1.93919 	0
0.049708 	-51.712 	42.1266 	-1.91052 	0
0.0502794 	-52.089 	42.141 	-1.88185 	0
0.0508508 	-52.4661 	42.1554 	-1.85318 	0
0.0514221 	-52.8169 	42.1686 	-1.82796 	0
0.0519935 	-53.1515 	42.1809 	-1.80488 	0
0.0525648 	-53.4862 	42.1933 	-1.7818 	0
0.0531362 	-53.8208 	42.2057 	-1.75871 	0
0.0537075 	-54.1056 	42.2168 	-1.73443 	0
0.0542789 	-54.3867 	42.2277 	-1.71005 	0
0.0548503 	-54.6677 	42.2387 	-1.68568 	0
0.0554216 	-54.9488 	42.2497 	-1.6613 	0
0.055993 	-55.2298 	42.2607 	-1.63693 	0
0.0565643 	-55.5109 	42.2717 	-1.61255 	0
0.0571357 	-55.7607 	42.2813 	-1.59172 	0
0.057707 	-55.9989 	42.2905 	-1.57222 	0
0.0582784 	-56.2371 	42.2996 	-1.55272 	0
0.0588497 	-56.4752 	42.3087 	-1.53322 	0
0.0594211 	-56.6942 	42.3174 	-1.51328 	0
0.0599925 	-56.8938 	42.3255 	-1.49291 	0
0.0605638 	-57.0933 	42.3337 	-1.47254 	0
0.0611352 	-57.2929 	42.3419 	-1.45216 	0
0.0617065 	-57.4924 	42.35 	-1.43179 	0
0.0622779 	-57.692 	42.3582 	-1.41142 	0
0.0628492 	-57.8915 	42.3664 	-1.39104 	0
0.0634206 	-58.0812 	42.3741 	-1.37189 	0
0.063992 	-58.255 	42.3812 	-1.35468 	0
0.0645633 	-58.4289 	42.3883 	-1.33746 	0
0.0651347 	-58.6027 	42.3954 	-1.32025 	0
0.065706 	-58.772 	42.4023 	-1.30294 	0
0.0662774 	-58.9171 	42.4087 	-1.28512 	0
0.0668487 	-59.0622 	42.4151 	-1.2673 	0
0.0674201 	-59.2072 	42.4215 	-1.24948 	0
0.0679915 	-59.3523 	42.4279 	-1.23166 	0
0.0685628 	-59.4974 	42.4343 	-1.21383 	0
0.0691342 	-59.6424 	42.4407 	-1.19601 	0
0.0697055 	-59.787 	42.4471 	-1.17827 	0
0.0702769 	-59.9206 	42.4531 	-1.16223 	0
0.0708482 	-60.0542 	42.4591 	-1.14619 	0
0.0714196 	-60.1878 	42.4651 	-1.13014 	0
0.071991 	-60.3134 	42.4709 	-1.11394 	0
0.0725623 	-60.4244 	42.4763 	-1.09744 	0
0.0731337 	-60.5354 	42.4818 	-1.08094 	0
0.073705 	-60.6464 	42.4873 	-1.06445 	0
0.0742764 	-60.7575 	42.4927 	-1.04795 	0
0.0748477 	-60.8685 	42.4982 	-1.03146 	0
0.0754191 	-60.9784 	42.5036 	-1.0152 	0
0.0759905 	-61.082 	42.509 	-1.00028 	0
0.0765618 	-61.1857 	42.5143 	-0.985354 	0
0.0771332 	-61.2893 	42.5196 	-0.970429 	0
0.0777045 	-61.3762 	42.5246 	-0.955181 	0
0.0782759 	-61.4619 	42.5295 	-0.939911 	0
0.0788472 	-61.5477 	42.5344 	-0.924641 	0
0.0794186 	-61.6335 	42.5393 	-0.909372 	0
0.0799899 	-61.7192 	42.5442 	-0.894102 	0
0.0805613 	-61.8035 	42.5492 	-0.879417 	0
0.0811327 	-61.8864 	42.5543 	-0.865256 	0
0.081704 	-61.9694 	42.5594 	-0.851095 	0
0.0822754 	-62.0419 	42.5642 	-0.836735 	0
0.0828467 	-62.1103 	42.569 	-0.822298 	0
0.0834181 	-62.1787 	42.5737 	-0.807861 	0
0.0839894 	-62.2471 	42.5785 	-0.793424 	0
0.0845608 	-62.3155 	42.5832 	-0.778989 	0
0.0851322 	-62.3834 	42.5884 	-0.76539 	0
0.0857035 	-62.4512 	42.5935 	-0.751791 	0
0.0862749 	-62.5124 	42.5986 	-0.738064 	0
0.0868462 	-62.5682 	42.6034 	-0.724235 	0
0.0874176 	-62.624 	42.6083 	-0.710405 	0
0.0879889 	-62.6798 	42.6132 	-0.696575 	0
0.0885603 	-62.7359 	42.6184 	-0.683023 	0
0.0891317 	-62.7925 	42.6239 	-0.669825 	0
0.089703 	-62.8461 	42.6294 	-0.656566 	0
0.0902744 	-62.8925 	42.6347 	-0.643169 	0
0.0908457 	-62.939 	42.64 	-0.629771 	0
0.0914171 	-62.9854 	42.6454 	-0.616374 	0
0.0919884 	-63.0328 	42.6513 	-0.603339 	0
0.0925598 	-63.0807 	42.6576 	-0.590449 	0
0.0931312 	-63.1211 	42.6636 	-0.577409 	0
0.0937025 	-63.1603 	42.6696 	-0.564343 	0
0.0942739 	-63.1995 	42.6757 	-0.551276 	0
0.0948452 	-63.2399 	42.6826 	-0.538501 	0
0.0954166 	-63.2801 	42.6898 	-0.525825 	0
0.0959879 	-63.3136 	42.6969 	-0.513002 	0
0.0965593 	-63.3471 	42.7039 	-0.50018 	0
0.0971307 	-63.3812 	42.7116 	-0.487483 	0
0.097702 	-63.4165 	42.7202 	-0.475004 	0
0.0982734 	-63.4457 	42.7286 	-0.462384 	0
0.0988447 	-63.4746 	42.7371 	-0.449756 	0
0.0994161 	-63.5045 	42.7466 	-0.437291 	0
0.0999874 	-63.5334 	42.7569 	-0.424904 	0
0.100559 	-63.5585 	42.767 	-0.412424 	0
0.10113 	-63.584 	42.7778 	-0.400009 	0
0.101702 	-63.61 	42.7902 	-0.387763 	0
0.102273 	-63.632 	42.8025 	-0.375407 	0
0.102844 	-63.6546 	42.8158 	-0.363132 	0
0.103416 	-63.6765 	42.8306 	-0.350945 	0
0.103987 	-63.6958 	42.8454 	-0.338684 	0
0.104558 	-63.7164 	42.8626 	-0.326591 	0
0.10513 	-63.7335 	42.8801 	-0.314412 	0
0.105701 	-63.7517 	42.8997 	-0.302362 	0
0.106272 	-63.7673 	42.9203 	-0.290273 	0
0.106844 	-63.7833 	42.9432 	-0.27826 	0
0.107415 	-63.7969 	42.9672 	-0.266188 	0
0.107986 	-63.8106 	42.9948 	-0.254299 	0
0.108558 	-63.8234 	43.0203 	-0.242454 	0
0.109129 	-63.8338 	42.9996 	-0.230116 	0
0.109701 	-63.8406 	42.7652 	-0.214828 	0
0.110272 	-63.8459 	41.8497 	-0.188225 	0
0.110843 	-63.8548 	40.0726 	-0.149313 	0
0.111415 	-63.865 	37.8166 	-0.109715 	0
0.111986 	-63.881 	35.2912 	-0.0743075 	0
0.112557 	-63.9033 	32.4012 	-0.0440919 	0
0.113129 	-63.932 	28.1737 	-0.0184189 	0
0.1137 	-63.9542 	1.18967e-10 	-4.34942e-15 	0
