0 	7.78657 	0 	0 	0
0.000571357 	7.81905 	7.03353 	0.0839836 	0
0.00114271 	7.4444 	7.35266 	0.0877428 	0
0.00171407 	6.83806 	8.12871 	0.0676732 	0
0.00228543 	6.1625 	9.21639 	0.0347075 	0
0.00285678 	5.74489 	10.6784 	0.0182659 	0
0.00342814 	5.57988 	12.3625 	0.0170493 	0
0.0039995 	5.50752 	14.0813 	0.0311648 	0
0.00457085 	5.50345 	15.7323 	0.0504681 	0
0.00514221 	5.57748 	17.2825 	0.0706197 	0
0.00571357 	5.72913 	18.7211 	0.0880127 	0
0.00628492 	5.96434 	20.0523 	0.0999306 	0
0.00685628 	6.28272 	21.2779 	0.104753 	0
0.00742764 	6.6775 	22.4162 	0.103032 	0
0.00799899 	7.16056 	23.4917 	0.099895 	0
0.00857035 	7.66855 	24.4918 	0.0829511 	0
0.00914171 	8.24683 	25.4699 	0.0691197 	0
0.00971307 	8.8101 	26.4048 	0.0425007 	0
0.0102844 	9.39113 	27.331 	0.013996 	0
0.0108558 	9.97962 	28.2625 	-0.013471 	0
0.0114271 	10.5734 	29.2024 	-0.0400856 	0
0.0119985 	11.1905 	30.152 	-0.0579881 	0
0.0125698 	11.5076 	30.9335 	-0.0770757 	0
0.0131412 	9.44409 	32.2391 	-0.0827529 	0
0.0137126 	9.35613 	33.1591 	-0.0951653 	0
0.0142839 	9.5537 	33.6819 	-0.132748 	0
0.0148553 	9.74935 	34.1138 	-0.17956 	0
0.0154266 	9.8169 	34.6846 	-0.226477 	0
0.015998 	9.91353 	35.2222 	-0.269657 	0
0.0165693 	9.92394 	35.655 	-0.313084 	0
0.0171407 	9.85531 	36.0415 	-0.356316 	0
0.0177121 	9.70929 	36.4051 	-0.399178 	0
0.0182834 	9.48607 	36.7518 	-0.44162 	0
0.0188548 	9.37321 	37.0736 	-0.478903 	0
0.0194261 	9.19519 	37.38 	-0.51538 	0
0.0199975 	8.77158 	37.6867 	-0.555385 	0
0.0205688 	8.7184 	37.96 	-0.585031 	0
0.0211402 	8.17303 	38.2462 	-0.623015 	0
0.0217116 	8.05684 	38.4985 	-0.650422 	0
0.0222829 	7.44247 	38.767 	-0.685736 	0
0.0228543 	7.21993 	38.9976 	-0.711477 	0
0.0234256 	6.83225 	39.2319 	-0.739187 	0
0.023997 	6.22572 	39.4585 	-0.768379 	0
0.0245683 	5.97878 	39.6524 	-0.790406 	0
0.0251397 	5.37864 	39.8582 	-0.816574 	0
0.0257111 	4.78912 	40.0368 	-0.840451 	0
0.0262824 	4.47908 	40.1818 	-0.859078 	0
0.0268538 	3.93778 	40.3349 	-0.879889 	0
0.0274251 	3.134 	40.4833 	-0.902264 	0
0.0279965 	2.76765 	40.5641 	-0.917067 	0
0.0285678 	2.40131 	40.6448 	-0.93187 	0
0.0291392 	1.61632 	40.7407 	-0.949522 	0
0.0297106 	0.903891 	40.8086 	-0.964808 	0
0.0302819 	0.494835 	40.829 	-0.975337 	0
0.0308533 	0.0857792 	40.8495 	-0.985866 	0
0.0314246 	-0.613924 	40.8798 	-0.997475 	0
0.031996 	-1.48859 	40.9147 	-1.00954 	0
0.0325673 	-1.92317 	40.9124 	-1.01665 	0
0.0331387 	-2.35775 	40.91 	-1.02376 	0
0.0337101 	-2.79234 	40.9077 	-1.03087 	0
0.0342814 	-3.56889 	40.9151 	-1.03823 	0
0.0348528 	-4.39445 	40.9248 	-1.04549 	0
0.0354241 	-4.84297 	40.9397 	-1.05043 	0
0.0359955 	-5.29149 	40.9546 	-1.05536 	0
0.0365668 	-5.74001 	40.9695 	-1.0603 	0
0.0371382 	-6.30903 	40.9876 	-1.065 	0
0.0377095 	-7.09593 	41.0114 	-1.06927 	0
0.0382809 	-7.77007 	41.034 	-1.07281 	0
0.0388523 	-8.22081 	41.0542 	-1.07487 	0
0.0394236 	-8.67156 	41.0743 	-1.07694 	0
0.039995 	-9.12231 	41.0944 	-1.079 	0
0.0405663 	-9.59646 	41.1153 	-1.08094 	0
0.0411377 	-10.3128 	41.1431 	-1.08157 	0
0.041709 	-11.0291 	41.1709 	-1.0822 	0
0.0422804 	-11.5286 	41.1875 	-1.08179 	0
0.0428518 	-11.9639 	41.2009 	-1.08107 	0
0.0434231 	-12.3992 	41.2142 	-1.08035 	0
0.0439945 	-12.8345 	41.2275 	-1.07963 	0
0.0445658 	-13.2698 	41.2409 	-1.07891 	0
0.0451372 	-13.8843 	41.2595 	-1.07637 	0
0.0457085 	-14.5182 	41.2787 	-1.07363 	0
0.0462799 	-15.096 	41.2963 	-1.07086 	0
0.0468513 	-15.5017 	41.3095 	-1.06799 	0
0.0474226 	-15.9074 	41.3226 	-1.06511 	0
0.047994 	-16.3132 	41.3358 	-1.06224 	0
0.0485653 	-16.7189 	41.3489 	-1.05936 	0
0.0491367 	-17.1246 	41.3621 	-1.05649 	0
0.049708 	-17.6229 	41.3779 	-1.05212 	0
0.0502794 	-18.1683 	41.3952 	-1.047 	0
0.0508508 	-18.7136 	41.4125 	-1.04188 	0
0.0514221 	-19.1474 	41.4261 	-1.03691 	0
0.0519935 	-19.5123 	41.4375 	-1.03202 	0
0.0525648 	-19.8772 	41.4488 	-1.02713 	0
0.0531362 	-20.242 	41.4602 	-1.02224 	0
0.0537075 	-20.6069 	41.4716 	-1.01735 	0
0.0542789 	-20.9718 	41.483 	-1.01246 	0
0.0548503 	-21.3566 	41.495 	-1.00708 	0
0.0554216 	-21.8128 	41.5092 	-0.999966 	0
0.055993 	-22.2691 	41.5233 	-0.992847 	0
0.0565643 	-22.7253 	41.5375 	-0.985729 	0
0.0571357 	-23.073 	41.5483 	-0.979302 	0
0.057707 	-23.38 	41.5578 	-0.973136 	0
0.0582784 	-23.6869 	41.5674 	-0.966969 	0
0.0588497 	-23.9938 	41.5769 	-0.960803 	0
0.0594211 	-24.3008 	41.5864 	-0.954637 	0
0.0599925 	-24.6077 	41.596 	-0.94847 	0
0.0605638 	-24.9146 	41.6055 	-0.942304 	0
0.0611352 	-25.2424 	41.6157 	-0.935362 	0
0.0617065 	-25.603 	41.6269 	-0.927202 	0
0.0622779 	-25.9637 	41.6382 	-0.919041 	0
0.0628492 	-26.3243 	41.6494 	-0.910881 	0
0.0634206 	-26.646 	41.6595 	-0.903116 	0
0.063992 	-26.9056 	41.6677 	-0.895978 	0
0.0645633 	-27.1653 	41.676 	-0.888841 	0
0.0651347 	-27.425 	41.6842 	-0.881703 	0
0.065706 	-27.6846 	41.6925 	-0.874566 	0
0.0662774 	-27.9443 	41.7007 	-0.867428 	0
0.0668487 	-28.2039 	41.7089 	-0.860291 	0
0.0674201 	-28.4651 	41.7172 	-0.853068 	0
0.0679915 	-28.7549 	41.7265 	-0.844176 	0
0.0685628 	-29.0448 	41.7357 	-0.835283 	0
0.0691342 	-29.3347 	41.745 	-0.826391 	0
0.0697055 	-29.6216 	41.7542 	-0.817541 	0
0.0702769 	-29.8462 	41.7617 	-0.80956 	0
0.0708482 	-30.0708 	41.7692 	-0.801579 	0
0.0714196 	-30.2954 	41.7766 	-0.793599 	0
0.071991 	-30.52 	41.7841 	-0.785618 	0
0.0725623 	-30.7446 	41.7916 	-0.777637 	0
0.0731337 	-30.9692 	41.7991 	-0.769657 	0
0.073705 	-31.2047 	41.807 	-0.760647 	0
0.0742764 	-31.446 	41.8151 	-0.751073 	0
0.0748477 	-31.6874 	41.8233 	-0.7415 	0
0.0754191 	-31.9207 	41.8312 	-0.732118 	0
0.0759905 	-32.1105 	41.8381 	-0.723784 	0
0.0765618 	-32.3002 	41.8449 	-0.71545 	0
0.0771332 	-32.49 	41.8518 	-0.707115 	0
0.0777045 	-32.6798 	41.8587 	-0.698781 	0
0.0782759 	-32.8695 	41.8656 	-0.690447 	0
0.0788472 	-33.0643 	41.8726 	-0.681298 	0
0.0794186 	-33.2627 	41.8799 	-0.671541 	0
0.0799899 	-33.4612 	41.8871 	-0.661784 	0
0.0805613 	-33.6402 	41.894 	-0.652662 	0
0.0811327 	-33.8018 	41.9006 	-0.644108 	0
0.081704 	-33.9635 	41.9072 	-0.635554 	0
0.0822754 	-34.1252 	41.9138 	-0.627 	0
0.0828467 	-34.2868 	41.9203 	-0.618446 	0
0.0834181 	-34.4512 	41.927 	-0.609043 	0
0.0839894 	-34.6169 	41.9338 	-0.599199 	0
0.0845608 	-34.7826 	41.9406 	-0.589358 	0
0.0851322 	-34.9213 	41.9472 	-0.580686 	0
0.0857035 	-35.0601 	41.9538 	-0.572014 	0
0.0862749 	-35.1988 	41.9603 	-0.563342 	0
0.0868462 	-35.3375 	41.9669 	-0.55467 	0
0.0874176 	-35.4774 	41.9736 	-0.5451 	0
0.0879889 	-35.6175 	41.9803 	-0.535241 	0
0.0885603 	-35.7488 	41.987 	-0.525866 	0
0.0891317 	-35.8687 	41.9939 	-0.517114 	0
0.089703 	-35.9885 	42.0008 	-0.508362 	0
0.0902744 	-36.1084 	42.0076 	-0.49961 	0
0.0908457 	-36.2282 	42.0145 	-0.490042 	0
0.0914171 	-36.348 	42.0215 	-0.480179 	0
0.0919884 	-36.4566 	42.0288 	-0.471083 	0
0.0925598 	-36.5608 	42.0362 	-0.462294 	0
0.0931312 	-36.6649 	42.0437 	-0.453505 	0
0.0937025 	-36.7686 	42.0512 	-0.444209 	0
0.0942739 	-36.8718 	42.0586 	-0.434368 	0
0.0948452 	-36.9662 	42.0668 	-0.425266 	0
0.0954166 	-37.0572 	42.0752 	-0.416451 	0
0.0959879 	-37.1481 	42.0836 	-0.407636 	0
0.0965593 	-37.2378 	42.092 	-0.397914 	0
0.0971307 	-37.3238 	42.1009 	-0.388456 	0
0.097702 	-37.4036 	42.1106 	-0.379636 	0
0.0982734 	-37.4834 	42.1203 	-0.370817 	0
0.0988447 	-37.5617 	42.13 	-0.361117 	0
0.0994161 	-37.6354 	42.1407 	-0.351873 	0
0.0999874 	-37.7057 	42.1521 	-0.343051 	0
0.100559 	-37.7753 	42.1635 	-0.333832 	0
0.10113 	-37.8422 	42.1754 	-0.324304 	0
0.101702 	-37.9044 	42.189 	-0.315489 	0
0.102273 	-37.9659 	42.2024 	-0.306324 	0
0.102844 	-38.0245 	42.2168 	-0.296924 	0
0.103416 	-38.0797 	42.2328 	-0.288123 	0
0.103987 	-38.1336 	42.2487 	-0.278663 	0
0.104558 	-38.1836 	42.267 	-0.269721 	0
0.10513 	-38.2321 	42.2857 	-0.260555 	0
0.105701 	-38.2774 	42.3064 	-0.251453 	0
0.106272 	-38.3208 	42.3281 	-0.242332 	0
0.106844 	-38.3611 	42.3526 	-0.233349 	0
0.107415 	-38.3996 	42.3778 	-0.224104 	0
0.107986 	-38.4349 	42.4022 	-0.215414 	0
0.108558 	-38.4667 	42.3594 	-0.205647 	0
0.109129 	-38.495 	42.1234 	-0.192967 	0
0.109701 	-38.5195 	41.4062 	-0.172564 	0
0.110272 	-38.543 	39.9757 	-0.141726 	0
0.110843 	-38.5659 	38.0909 	-0.108787 	0
0.111415 	-38.5884 	35.9872 	-0.077985 	0
0.111986 	-38.6118 	33.7209 	-0.0520056 	0
0.112557 	-38.6367 	31.0786 	-0.0302887 	0
0.113129 	-38.6613 	27.0954 	-0.0122974 	0
0.1137 	-38.6765 	1.13255e-10 	-2.98612e-15 	0
