0 	-213.601 	0 	0 	0
0.000571357 	-213.384 	-8.92953 	0.180987 	0
0.00114271 	-213.051 	-8.83342 	0.355831 	0
0.00171407 	-212.821 	-8.24817 	0.511855 	0
0.00228543 	-212.705 	-7.4584 	0.648729 	0
0.00285678 	-212.68 	-6.55302 	0.766869 	0
0.00342814 	-212.717 	-5.56966 	0.864119 	0
0.0039995 	-212.791 	-4.53932 	0.939874 	0
0.00457085 	-212.87 	-3.47918 	0.992271 	0
0.00514221 	-212.949 	-2.40907 	1.01941 	0
0.00571357 	-213.033 	-1.33875 	1.01914 	0
0.00628492 	-213.078 	-0.281825 	0.991016 	0
0.00685628 	-213.051 	0.759514 	0.936525 	0
0.00742764 	-212.939 	1.79596 	0.857427 	0
0.00799899 	-212.715 	2.85574 	0.753322 	0
0.00857035 	-212.367 	3.96902 	0.628297 	0
0.00914171 	-211.887 	5.27156 	0.474841 	0
0.00971307 	-211.411 	6.84325 	0.287698 	0
0.0102844 	-211.035 	8.73337 	0.0611612 	0
0.0108558 	-210.485 	10.9126 	-0.184999 	0
0.0114271 	-209.608 	13.4356 	-0.433363 	0
0.0119985 	-208.576 	16.369 	-0.661667 	0
0.0125698 	-207.722 	19.0811 	-0.827971 	0
0.0131412 	-206.49 	23.2764 	-1.01532 	0
0.0137126 	-205.208 	27.1725 	-1.10662 	0
0.0142839 	-203.87 	31.0885 	-1.14596 	0
0.0148553 	-202.613 	34.0537 	-1.20622 	0
0.0154266 	-201.304 	36.1118 	-1.28253 	0
0.015998 	-199.908 	37.1993 	-1.34025 	0
0.0165693 	-198.493 	37.8661 	-1.38609 	0
0.0171407 	-197.059 	38.4339 	-1.42739 	0
0.0177121 	-195.612 	38.9464 	-1.4653 	0
0.0182834 	-194.157 	39.4122 	-1.50027 	0
0.0188548 	-192.667 	39.8306 	-1.532 	0
0.0194261 	-191.192 	40.2141 	-1.56093 	0
0.0199975 	-189.723 	40.5818 	-1.58864 	0
0.0205688 	-188.216 	40.906 	-1.6125 	0
0.0211402 	-186.748 	41.2268 	-1.63603 	0
0.0217116 	-185.245 	41.5121 	-1.65601 	0
0.0222829 	-183.779 	41.799 	-1.67622 	0
0.0228543 	-182.292 	42.0525 	-1.69253 	0
0.0234256 	-180.8 	42.3036 	-1.70855 	0
0.023997 	-179.361 	42.5441 	-1.72337 	0
0.0245683 	-177.891 	42.7653 	-1.73561 	0
0.0251397 	-176.434 	42.987 	-1.74799 	0
0.0257111 	-175.012 	43.1955 	-1.75855 	0
0.0262824 	-173.573 	43.3899 	-1.76692 	0
0.0268538 	-172.134 	43.5844 	-1.77529 	0
0.0274251 	-170.75 	43.774 	-1.7835 	0
0.0279965 	-169.354 	43.9364 	-1.78806 	0
0.0285678 	-167.959 	44.0988 	-1.79262 	0
0.0291392 	-166.579 	44.2619 	-1.79746 	0
0.0297106 	-165.237 	44.3994 	-1.80023 	0
0.0302819 	-163.9 	44.4973 	-1.7991 	0
0.0308533 	-162.563 	44.5952 	-1.79796 	0
0.0314246 	-161.229 	44.6934 	-1.79691 	0
0.031996 	-159.936 	44.7888 	-1.79644 	0
0.0325673 	-158.695 	44.7899 	-1.78871 	0
0.0331387 	-157.453 	44.7911 	-1.78098 	0
0.0337101 	-156.212 	44.7922 	-1.77325 	0
0.0342814 	-154.977 	44.7938 	-1.76579 	0
0.0348528 	-153.774 	44.7947 	-1.75897 	0
0.0354241 	-152.662 	44.7583 	-1.74788 	0
0.0359955 	-151.55 	44.7219 	-1.73679 	0
0.0365668 	-150.438 	44.6855 	-1.72569 	0
0.0371382 	-149.327 	44.6491 	-1.7146 	0
0.0377095 	-148.23 	44.6133 	-1.70427 	0
0.0382809 	-147.178 	44.5813 	-1.69355 	0
0.0388523 	-146.197 	44.5565 	-1.6813 	0
0.0394236 	-145.217 	44.5317 	-1.66905 	0
0.039995 	-144.236 	44.5069 	-1.6568 	0
0.0405663 	-143.256 	44.482 	-1.64455 	0
0.0411377 	-142.28 	44.4573 	-1.63261 	0
0.041709 	-141.315 	44.4328 	-1.62139 	0
0.0422804 	-140.441 	44.4107 	-1.60866 	0
0.0428518 	-139.593 	44.3893 	-1.59547 	0
0.0434231 	-138.746 	44.3678 	-1.58229 	0
0.0439945 	-137.898 	44.3464 	-1.5691 	0
0.0445658 	-137.051 	44.325 	-1.55592 	0
0.0451372 	-136.204 	44.3035 	-1.54273 	0
0.0457085 	-135.365 	44.2823 	-1.53046 	0
0.0462799 	-134.557 	44.262 	-1.51784 	0
0.0468513 	-133.841 	44.2444 	-1.50417 	0
0.0474226 	-133.125 	44.2268 	-1.4905 	0
0.047994 	-132.409 	44.2092 	-1.47683 	0
0.0485653 	-131.693 	44.1916 	-1.46316 	0
0.0491367 	-130.977 	44.174 	-1.44949 	0
0.049708 	-130.262 	44.1564 	-1.43582 	0
0.0502794 	-129.548 	44.1389 	-1.42263 	0
0.0508508 	-128.836 	44.1213 	-1.40974 	0
0.0514221 	-128.2 	44.106 	-1.39636 	0
0.0519935 	-127.61 	44.092 	-1.38268 	0
0.0525648 	-127.019 	44.0781 	-1.36899 	0
0.0531362 	-126.429 	44.0641 	-1.3553 	0
0.0537075 	-125.839 	44.0501 	-1.34161 	0
0.0542789 	-125.249 	44.0361 	-1.32793 	0
0.0548503 	-124.659 	44.0222 	-1.31424 	0
0.0554216 	-124.069 	44.0082 	-1.30057 	0
0.055993 	-123.479 	43.9942 	-1.28753 	0
0.0565643 	-122.889 	43.9802 	-1.27448 	0
0.0571357 	-122.392 	43.9688 	-1.26144 	0
0.057707 	-121.929 	43.9584 	-1.2484 	0
0.0582784 	-121.467 	43.948 	-1.23536 	0
0.0588497 	-121.004 	43.9376 	-1.22232 	0
0.0594211 	-120.541 	43.9272 	-1.20928 	0
0.0599925 	-120.079 	43.9168 	-1.19624 	0
0.0605638 	-119.616 	43.9064 	-1.1832 	0
0.0611352 	-119.153 	43.896 	-1.17016 	0
0.0617065 	-118.69 	43.8856 	-1.15713 	0
0.0622779 	-118.226 	43.8751 	-1.14459 	0
0.0628492 	-117.762 	43.8646 	-1.13205 	0
0.0634206 	-117.335 	43.8552 	-1.11952 	0
0.063992 	-116.966 	43.8475 	-1.10698 	0
0.0645633 	-116.598 	43.8398 	-1.09445 	0
0.0651347 	-116.23 	43.8321 	-1.08192 	0
0.065706 	-115.861 	43.8244 	-1.06938 	0
0.0662774 	-115.493 	43.8167 	-1.05685 	0
0.0668487 	-115.125 	43.809 	-1.04431 	0
0.0674201 	-114.756 	43.8013 	-1.03178 	0
0.0679915 	-114.388 	43.7936 	-1.01925 	0
0.0685628 	-114.018 	43.7858 	-1.00698 	0
0.0691342 	-113.647 	43.7781 	-0.994848 	0
0.0697055 	-113.279 	43.7704 	-0.982703 	0
0.0702769 	-112.976 	43.7647 	-0.970367 	0
0.0708482 	-112.673 	43.759 	-0.958032 	0
0.0714196 	-112.37 	43.7533 	-0.945696 	0
0.071991 	-112.067 	43.7476 	-0.93336 	0
0.0725623 	-111.763 	43.7418 	-0.921024 	0
0.0731337 	-111.46 	43.7361 	-0.908689 	0
0.073705 	-111.157 	43.7304 	-0.896353 	0
0.0742764 	-110.852 	43.7247 	-0.884168 	0
0.0748477 	-110.546 	43.7189 	-0.872164 	0
0.0754191 	-110.249 	43.7134 	-0.860177 	0
0.0759905 	-110.001 	43.7094 	-0.848292 	0
0.0765618 	-109.753 	43.7054 	-0.836406 	0
0.0771332 	-109.505 	43.7015 	-0.82452 	0
0.0777045 	-109.256 	43.6975 	-0.812635 	0
0.0782759 	-109.008 	43.6935 	-0.800749 	0
0.0788472 	-108.76 	43.6895 	-0.788863 	0
0.0794186 	-108.51 	43.6855 	-0.777126 	0
0.0799899 	-108.259 	43.6814 	-0.765519 	0
0.0805613 	-108.032 	43.6782 	-0.753949 	0
0.0811327 	-107.825 	43.6757 	-0.742412 	0
0.081704 	-107.619 	43.6732 	-0.730876 	0
0.0822754 	-107.412 	43.6707 	-0.71934 	0
0.0828467 	-107.206 	43.6682 	-0.707803 	0
0.0834181 	-106.999 	43.6657 	-0.696267 	0
0.0839894 	-106.791 	43.6631 	-0.684912 	0
0.0845608 	-106.582 	43.6605 	-0.673618 	0
0.0851322 	-106.408 	43.6593 	-0.662364 	0
0.0857035 	-106.234 	43.6582 	-0.65111 	0
0.0862749 	-106.06 	43.657 	-0.639857 	0
0.0868462 	-105.886 	43.6559 	-0.628603 	0
0.0874176 	-105.712 	43.6547 	-0.617349 	0
0.0879889 	-105.535 	43.6535 	-0.606304 	0
0.0885603 	-105.371 	43.6528 	-0.595266 	0
0.0891317 	-105.223 	43.653 	-0.584227 	0
0.089703 	-105.075 	43.6532 	-0.573188 	0
0.0902744 	-104.927 	43.6534 	-0.562149 	0
0.0908457 	-104.779 	43.6535 	-0.551119 	0
0.0914171 	-104.628 	43.6536 	-0.540278 	0
0.0919884 	-104.495 	43.6548 	-0.529419 	0
0.0925598 	-104.367 	43.6564 	-0.518554 	0
0.0931312 	-104.24 	43.658 	-0.507688 	0
0.0937025 	-104.113 	43.6596 	-0.496823 	0
0.0942739 	-103.984 	43.6611 	-0.486119 	0
0.0948452 	-103.869 	43.6638 	-0.475402 	0
0.0954166 	-103.759 	43.667 	-0.46467 	0
0.0959879 	-103.649 	43.6701 	-0.453939 	0
0.0965593 	-103.539 	43.6733 	-0.443273 	0
0.0971307 	-103.433 	43.6771 	-0.432692 	0
0.097702 	-103.337 	43.682 	-0.422069 	0
0.0982734 	-103.242 	43.687 	-0.411446 	0
0.0988447 	-103.146 	43.6919 	-0.400898 	0
0.0994161 	-103.056 	43.698 	-0.390399 	0
0.0999874 	-102.973 	43.7051 	-0.379866 	0
0.100559 	-102.89 	43.7121 	-0.369337 	0
0.10113 	-102.808 	43.7197 	-0.358942 	0
0.101702 	-102.735 	43.7291 	-0.348478 	0
0.102273 	-102.662 	43.7385 	-0.338019 	0
0.102844 	-102.591 	43.7488 	-0.327681 	0
0.103416 	-102.527 	43.7608 	-0.317287 	0
0.103987 	-102.462 	43.7729 	-0.306958 	0
0.104558 	-102.404 	43.7873 	-0.296621 	0
0.10513 	-102.347 	43.8023 	-0.286289 	0
0.105701 	-102.294 	43.8192 	-0.276028 	0
0.106272 	-102.244 	43.8373 	-0.265762 	0
0.106844 	-102.197 	43.8578 	-0.255528 	0
0.107415 	-102.153 	43.8793 	-0.245316 	0
0.107986 	-102.113 	43.904 	-0.235076 	0
0.108558 	-102.075 	43.9308 	-0.224948 	0
0.109129 	-102.041 	43.9601 	-0.214798 	0
0.109701 	-102.009 	43.9832 	-0.204622 	0
0.110272 	-101.98 	43.8765 	-0.193304 	0
0.110843 	-101.949 	43.0657 	-0.170423 	0
0.111415 	-101.929 	41.0386 	-0.129881 	0
0.111986 	-101.921 	38.1443 	-0.0876871 	0
0.112557 	-101.928 	34.8078 	-0.0515524 	0
0.113129 	-101.95 	30.1895 	-0.0218598 	0
0.1137 	-101.975 	1.37778e-10 	-5.90996e-15 	0
