0 	19.4321 	0 	0 	0
0.000571357 	19.4444 	24.8595 	-0.00533324 	0
0.00114271 	19.4161 	24.1419 	-0.0377682 	0
0.00171407 	19.3675 	22.4386 	-0.0668819 	0
0.00228543 	19.3344 	21.2812 	-0.0709563 	0
0.00285678 	19.3495 	20.876 	-0.0514159 	0
0.00342814 	19.4272 	20.9818 	-0.0255797 	0
0.0039995 	19.5657 	21.255 	-0.0195795 	0
0.00457085 	19.7556 	21.3811 	-0.0625933 	0
0.00514221 	19.9828 	21.2272 	-0.167537 	0
0.00571357 	20.172 	21.0247 	-0.313895 	0
0.00628492 	20.1761 	21.4406 	-0.443972 	0
0.00685628 	19.9642 	22.4595 	-0.543071 	0
0.00742764 	19.6511 	23.5247 	-0.636819 	0
0.00799899 	19.2819 	24.5511 	-0.728373 	0
0.00857035 	18.8633 	25.544 	-0.815834 	0
0.00914171 	18.3977 	26.4888 	-0.898717 	0
0.00971307 	17.8858 	27.3996 	-0.977494 	0
0.0102844 	17.3294 	28.2889 	-1.05157 	0
0.0108558 	16.7322 	28.9969 	-1.11388 	0
0.0114271 	16.1202 	29.3135 	-1.1531 	0
0.0119985 	15.5341 	29.1083 	-1.15506 	0
0.0125698 	15.0418 	28.3413 	-1.13162 	0
0.0131412 	19.4152 	29.3667 	-1.03581 	0
0.0137126 	19.403 	31.0357 	-1.01649 	0
0.0142839 	18.57 	31.4755 	-1.06527 	0
0.0148553 	17.6283 	31.9148 	-1.11996 	0
0.0154266 	16.6307 	32.4261 	-1.17246 	0
0.015998 	15.5881 	32.9572 	-1.22242 	0
0.0165693 	14.5267 	33.4585 	-1.26745 	0
0.0171407 	13.4759 	33.9105 	-1.30958 	0
0.0177121 	12.4339 	34.325 	-1.34913 	0
0.0182834 	11.3881 	34.7188 	-1.38653 	0
0.0188548 	10.3283 	35.0939 	-1.42164 	0
0.0194261 	9.26556 	35.4513 	-1.4546 	0
0.0199975 	8.19438 	35.7929 	-1.48558 	0
0.0205688 	7.11542 	36.118 	-1.51461 	0
0.0211402 	6.02983 	36.4258 	-1.54172 	0
0.0217116 	4.94652 	36.7117 	-1.56667 	0
0.0222829 	3.85209 	36.9752 	-1.58926 	0
0.0228543 	2.75666 	37.2184 	-1.60982 	0
0.0234256 	1.66128 	37.4438 	-1.62857 	0
0.023997 	0.578065 	37.6412 	-1.6446 	0
0.0245683 	-0.509019 	37.8224 	-1.65855 	0
0.0251397 	-1.58357 	37.9914 	-1.6713 	0
0.0257111 	-2.65474 	38.1405 	-1.68102 	0
0.0262824 	-3.72252 	38.286 	-1.69012 	0
0.0268538 	-4.7661 	38.4183 	-1.69714 	0
0.0274251 	-5.81429 	38.548 	-1.70337 	0
0.0279965 	-6.83663 	38.6665 	-1.70785 	0
0.0285678 	-7.86473 	38.7824 	-1.71169 	0
0.0291392 	-8.86158 	38.8797 	-1.71331 	0
0.0297106 	-9.85843 	38.977 	-1.71493 	0
0.0302819 	-10.8364 	39.0484 	-1.71332 	0
0.0308533 	-11.8017 	39.116 	-1.7116 	0
0.0314246 	-12.7581 	39.1722 	-1.7081 	0
0.031996 	-13.6843 	39.2138 	-1.70315 	0
0.0325673 	-14.6106 	39.2553 	-1.6982 	0
0.0331387 	-15.5083 	39.2906 	-1.69111 	0
0.0337101 	-16.3898 	39.324 	-1.684 	0
0.0342814 	-17.2791 	39.3577 	-1.67654 	0
0.0348528 	-18.1152 	39.3955 	-1.66814 	0
0.0354241 	-18.9506 	39.4332 	-1.65975 	0
0.0359955 	-19.7876 	39.4711 	-1.65129 	0
0.0365668 	-20.5849 	39.5067 	-1.6411 	0
0.0371382 	-21.3728 	39.542 	-1.63108 	0
0.0377095 	-22.1608 	39.5772 	-1.62106 	0
0.0382809 	-22.9241 	39.609 	-1.60964 	0
0.0388523 	-23.6611 	39.6382 	-1.59793 	0
0.0394236 	-24.3982 	39.6673 	-1.58623 	0
0.039995 	-25.1391 	39.6968 	-1.57411 	0
0.0405663 	-25.824 	39.7297 	-1.56148 	0
0.0411377 	-26.5088 	39.7626 	-1.54885 	0
0.041709 	-27.1937 	39.7955 	-1.53622 	0
0.0422804 	-27.8746 	39.8294 	-1.52309 	0
0.0428518 	-28.5086 	39.8675 	-1.50979 	0
0.0434231 	-29.1426 	39.9055 	-1.49648 	0
0.0439945 	-29.7767 	39.9435 	-1.48317 	0
0.0445658 	-30.4139 	39.9817 	-1.46953 	0
0.0451372 	-30.9984 	40.0163 	-1.45532 	0
0.0457085 	-31.5823 	40.051 	-1.44112 	0
0.0462799 	-32.1662 	40.0856 	-1.42692 	0
0.0468513 	-32.7501 	40.1202 	-1.41273 	0
0.0474226 	-33.312 	40.1512 	-1.39781 	0
0.047994 	-33.8456 	40.1781 	-1.38284 	0
0.0485653 	-34.3793 	40.205 	-1.36786 	0
0.0491367 	-34.913 	40.2319 	-1.35289 	0
0.049708 	-35.4466 	40.2588 	-1.33792 	0
0.0502794 	-35.9516 	40.2838 	-1.32247 	0
0.0508508 	-36.4367 	40.3074 	-1.30724 	0
0.0514221 	-36.9218 	40.3311 	-1.29201 	0
0.0519935 	-37.4069 	40.3548 	-1.27679 	0
0.0525648 	-37.8921 	40.3784 	-1.26156 	0
0.0531362 	-38.3612 	40.402 	-1.24609 	0
0.0537075 	-38.8015 	40.4252 	-1.23102 	0
0.0542789 	-39.2419 	40.4485 	-1.21594 	0
0.0548503 	-39.6822 	40.4717 	-1.20086 	0
0.0554216 	-40.1226 	40.495 	-1.18578 	0
0.055993 	-40.5629 	40.5182 	-1.1707 	0
0.0565643 	-40.975 	40.5403 	-1.15569 	0
0.0571357 	-41.3756 	40.5618 	-1.1411 	0
0.057707 	-41.7762 	40.5833 	-1.1265 	0
0.0582784 	-42.1768 	40.6048 	-1.1119 	0
0.0588497 	-42.5775 	40.6263 	-1.0973 	0
0.0594211 	-42.9781 	40.6478 	-1.08271 	0
0.0599925 	-43.3545 	40.6681 	-1.06852 	0
0.0605638 	-43.7155 	40.6876 	-1.05508 	0
0.0611352 	-44.0766 	40.7071 	-1.04164 	0
0.0617065 	-44.4377 	40.7267 	-1.02821 	0
0.0622779 	-44.7987 	40.7462 	-1.01477 	0
0.0628492 	-45.1598 	40.7657 	-1.00133 	0
0.0634206 	-45.519 	40.7851 	-0.987867 	0
0.063992 	-45.8554 	40.8039 	-0.975553 	0
0.0645633 	-46.193 	40.8228 	-0.963495 	0
0.0651347 	-46.5307 	40.8416 	-0.951437 	0
0.065706 	-46.8683 	40.8605 	-0.939379 	0
0.0662774 	-47.2059 	40.8794 	-0.927321 	0
0.0668487 	-47.5436 	40.8982 	-0.915262 	0
0.0674201 	-47.8715 	40.9169 	-0.903561 	0
0.0679915 	-48.2017 	40.9367 	-0.893083 	0
0.0685628 	-48.5318 	40.9566 	-0.882605 	0
0.0691342 	-48.8619 	40.9764 	-0.872127 	0
0.0697055 	-49.1921 	40.9962 	-0.861649 	0
0.0702769 	-49.5222 	41.016 	-0.851171 	0
0.0708482 	-49.8428 	41.0355 	-0.840951 	0
0.0714196 	-50.1689 	41.0571 	-0.83262 	0
0.071991 	-50.4949 	41.0787 	-0.824289 	0
0.0725623 	-50.821 	41.1003 	-0.815958 	0
0.0731337 	-51.147 	41.1219 	-0.807627 	0
0.073705 	-51.4731 	41.1436 	-0.799297 	0
0.0742764 	-51.7905 	41.1656 	-0.792078 	0
0.0748477 	-52.1205 	41.1898 	-0.786194 	0
0.0754191 	-52.4506 	41.2139 	-0.780311 	0
0.0759905 	-52.7807 	41.2381 	-0.774427 	0
0.0765618 	-53.1108 	41.2622 	-0.768543 	0
0.0771332 	-53.4311 	41.286 	-0.763208 	0
0.0777045 	-53.7716 	41.3118 	-0.760054 	0
0.0782759 	-54.1121 	41.3377 	-0.7569 	0
0.0788472 	-54.4526 	41.3635 	-0.753747 	0
0.0794186 	-54.7932 	41.3894 	-0.750593 	0
0.0799899 	-55.1255 	41.4148 	-0.748433 	0
0.0805613 	-55.4811 	41.4414 	-0.74829 	0
0.0811327 	-55.8367 	41.468 	-0.748147 	0
0.081704 	-56.1923 	41.4946 	-0.748005 	0
0.0822754 	-56.5479 	41.5212 	-0.747862 	0
0.0828467 	-56.9043 	41.5479 	-0.750413 	0
0.0834181 	-57.2783 	41.5755 	-0.753574 	0
0.0839894 	-57.6523 	41.6031 	-0.756735 	0
0.0845608 	-58.0263 	41.6308 	-0.759897 	0
0.0851322 	-58.3984 	41.6582 	-0.765311 	0
0.0857035 	-58.7929 	41.6868 	-0.77203 	0
0.0862749 	-59.1874 	41.7155 	-0.778749 	0
0.0868462 	-59.5819 	41.7441 	-0.785469 	0
0.0874176 	-59.9773 	41.7719 	-0.795102 	0
0.0879889 	-60.3934 	41.8006 	-0.805667 	0
0.0885603 	-60.8094 	41.8293 	-0.816231 	0
0.0891317 	-61.2134 	41.8563 	-0.82748 	0
0.089703 	-61.6507 	41.877 	-0.842079 	0
0.0902744 	-62.0879 	41.8977 	-0.856678 	0
0.0908457 	-62.5251 	41.9184 	-0.871277 	0
0.0914171 	-62.9623 	41.9091 	-0.889365 	0
0.0919884 	-63.4178 	41.8931 	-0.908094 	0
0.0925598 	-63.8732 	41.8771 	-0.926824 	0
0.0931312 	-64.3195 	41.8039 	-0.948116 	0
0.0937025 	-64.7825 	41.7104 	-0.970215 	0
0.0942739 	-65.2454 	41.6169 	-0.992315 	0
0.0948452 	-65.686 	41.4633 	-1.01708 	0
0.0954166 	-66.14 	41.3028 	-1.04224 	0
0.0959879 	-66.5763 	41.1414 	-1.06838 	0
0.0965593 	-67.0153 	40.98 	-1.09805 	0
0.0971307 	-67.4542 	40.8186 	-1.12772 	0
0.097702 	-67.8714 	40.6435 	-1.16087 	0
0.0982734 	-68.2996 	40.4665 	-1.19504 	0
0.0988447 	-68.7089 	40.1868 	-1.22687 	0
0.0994161 	-69.1253 	39.8323 	-1.25751 	0
0.0999874 	-69.5209 	39.2753 	-1.27197 	0
0.100559 	-69.9181 	38.5036 	-1.27051 	0
0.10113 	-70.2871 	37.5273 	-1.24082 	0
0.101702 	-70.652 	36.3782 	-1.18965 	0
0.102273 	-70.9516 	35.1689 	-1.12044 	0
0.102844 	-71.2266 	33.9338 	-1.04546 	0
0.103416 	-71.4259 	32.6848 	-0.968814 	0
0.103987 	-71.5909 	31.3879 	-0.888528 	0
0.104558 	-71.731 	30.0383 	-0.805719 	0
0.10513 	-71.8553 	28.5978 	-0.720274 	0
0.105701 	-71.9772 	27.0923 	-0.634729 	0
0.106272 	-72.0975 	25.5657 	-0.553335 	0
0.106844 	-72.2146 	24.0461 	-0.478939 	0
0.107415 	-72.3254 	22.5575 	-0.413477 	0
0.107986 	-72.4266 	21.1102 	-0.357113 	0
0.108558 	-72.5145 	19.6992 	-0.308305 	0
0.109129 	-72.5855 	18.3064 	-0.264209 	0
0.109701 	-72.6385 	16.9051 	-0.221442 	0
0.110272 	-72.6918 	15.4689 	-0.17655 	0
0.110843 	-72.7587 	13.9803 	-0.128158 	0
0.111415 	-72.8377 	12.4651 	-0.0789179 	0
0.111986 	-72.9283 	11.0509 	-0.0369424 	0
0.112557 	-72.9978 	9.89312 	-0.00924621 	0
0.113129 	-73.0317 	8.95566 	0.00467359 	0
0.1137 	-73.0268 	8.08974 	0.00242426 	0
