0 	-221.593 	0 	0 	0
0.000571357 	-221.505 	-11.5636 	0.0685711 	0
0.00114271 	-221.466 	-11.1143 	0.108158 	0
0.00171407 	-221.524 	-10.2903 	0.141269 	0
0.00228543 	-221.671 	-9.25584 	0.16977 	0
0.00285678 	-221.873 	-8.06633 	0.19443 	0
0.00342814 	-222.12 	-6.75491 	0.209595 	0
0.0039995 	-222.411 	-5.33359 	0.213778 	0
0.00457085 	-222.742 	-3.75017 	0.199427 	0
0.00514221 	-223.017 	-2.08959 	0.162589 	0
0.00571357 	-223.201 	-0.465126 	0.107458 	0
0.00628492 	-223.299 	1.08715 	0.0375159 	0
0.00685628 	-223.322 	2.57662 	-0.0464712 	0
0.00742764 	-223.261 	4.03737 	-0.145635 	0
0.00799899 	-223.07 	5.54613 	-0.264291 	0
0.00857035 	-222.714 	7.16043 	-0.401129 	0
0.00914171 	-222.164 	9.00693 	-0.560389 	0
0.00971307 	-221.499 	11.075 	-0.73482 	0
0.0102844 	-220.817 	13.3621 	-0.921866 	0
0.0108558 	-220.181 	15.7644 	-1.11869 	0
0.0114271 	-219.466 	18.2359 	-1.32187 	0
0.0119985 	-218.388 	20.9042 	-1.52665 	0
0.0125698 	-217.27 	23.4417 	-1.70232 	0
0.0131412 	-216.55 	27.1563 	-1.97457 	0
0.0137126 	-215.105 	29.9239 	-2.18313 	0
0.0142839 	-213.097 	33.0425 	-2.35541 	0
0.0148553 	-210.695 	36.089 	-2.49616 	0
0.0154266 	-208.152 	37.6909 	-2.58774 	0
0.015998 	-205.597 	38.2854 	-2.63239 	0
0.0165693 	-203.058 	38.7885 	-2.66992 	0
0.0171407 	-200.513 	39.2568 	-2.70236 	0
0.0177121 	-197.972 	39.6749 	-2.72882 	0
0.0182834 	-195.476 	40.0585 	-2.75178 	0
0.0188548 	-192.986 	40.4055 	-2.76947 	0
0.0194261 	-190.503 	40.7215 	-2.78194 	0
0.0199975 	-188.092 	41.0293 	-2.79493 	0
0.0205688 	-185.682 	41.2993 	-2.80029 	0
0.0211402 	-183.33 	41.5688 	-2.80717 	0
0.0217116 	-181.002 	41.808 	-2.80744 	0
0.0222829 	-178.726 	42.0511 	-2.81054 	0
0.0228543 	-176.478 	42.2643 	-2.80538 	0
0.0234256 	-174.295 	42.4799 	-2.80374 	0
0.023997 	-172.138 	42.6842 	-2.79873 	0
0.0245683 	-170.034 	42.8738 	-2.79039 	0
0.0251397 	-167.962 	43.0656 	-2.7846 	0
0.0257111 	-165.938 	43.2439 	-2.7748 	0
0.0262824 	-163.969 	43.4109 	-2.76254 	0
0.0268538 	-162.023 	43.5799 	-2.75285 	0
0.0274251 	-160.104 	43.7411 	-2.74159 	0
0.0279965 	-158.281 	43.873 	-2.72442 	0
0.0285678 	-156.475 	44.0075 	-2.71017 	0
0.0291392 	-154.674 	44.1426 	-2.69655 	0
0.0297106 	-152.935 	44.2484 	-2.679 	0
0.0302819 	-151.286 	44.3122 	-2.65583 	0
0.0308533 	-149.645 	44.3789 	-2.63542 	0
0.0314246 	-148.005 	44.4462 	-2.61562 	0
0.031996 	-146.376 	44.5087 	-2.59532 	0
0.0325673 	-144.937 	44.4879 	-2.56639 	0
0.0331387 	-143.498 	44.4676 	-2.53817 	0
0.0337101 	-142.057 	44.4487 	-2.51227 	0
0.0342814 	-140.616 	44.4298 	-2.48637 	0
0.0348528 	-139.188 	44.4096 	-2.46025 	0
0.0354241 	-137.977 	44.3684 	-2.43067 	0
0.0359955 	-136.766 	44.3272 	-2.40109 	0
0.0365668 	-135.545 	44.2859 	-2.37392 	0
0.0371382 	-134.322 	44.2446 	-2.34683 	0
0.0377095 	-133.1 	44.2033 	-2.31973 	0
0.0382809 	-131.951 	44.1676 	-2.29244 	0
0.0388523 	-130.946 	44.1432 	-2.26476 	0
0.0394236 	-129.941 	44.1188 	-2.23707 	0
0.039995 	-128.92 	44.0939 	-2.21125 	0
0.0405663 	-127.899 	44.0689 	-2.18553 	0
0.0411377 	-126.878 	44.0439 	-2.15982 	0
0.041709 	-125.857 	44.0188 	-2.13411 	0
0.0422804 	-124.992 	43.9975 	-2.10827 	0
0.0428518 	-124.175 	43.9773 	-2.08239 	0
0.0434231 	-123.356 	43.9571 	-2.05655 	0
0.0439945 	-122.52 	43.9363 	-2.0322 	0
0.0445658 	-121.683 	43.9155 	-2.00786 	0
0.0451372 	-120.847 	43.8947 	-1.98352 	0
0.0457085 	-120.01 	43.8739 	-1.95918 	0
0.0462799 	-119.219 	43.8545 	-1.93498 	0
0.0468513 	-118.568 	43.8391 	-1.91121 	0
0.0474226 	-117.916 	43.8237 	-1.88743 	0
0.047994 	-117.263 	43.8083 	-1.86378 	0
0.0485653 	-116.592 	43.7923 	-1.84117 	0
0.0491367 	-115.921 	43.7764 	-1.81856 	0
0.049708 	-115.25 	43.7604 	-1.79595 	0
0.0502794 	-114.579 	43.7444 	-1.77334 	0
0.0508508 	-113.909 	43.7285 	-1.75073 	0
0.0514221 	-113.338 	43.7154 	-1.72883 	0
0.0519935 	-112.829 	43.704 	-1.70737 	0
0.0525648 	-112.321 	43.6927 	-1.68592 	0
0.0531362 	-111.812 	43.6813 	-1.66447 	0
0.0537075 	-111.285 	43.6695 	-1.64386 	0
0.0542789 	-110.759 	43.6576 	-1.62326 	0
0.0548503 	-110.232 	43.6457 	-1.60265 	0
0.0554216 	-109.705 	43.6338 	-1.58204 	0
0.055993 	-109.178 	43.6219 	-1.56144 	0
0.0565643 	-108.652 	43.61 	-1.54083 	0
0.0571357 	-108.232 	43.6011 	-1.52158 	0
0.057707 	-107.852 	43.5932 	-1.50285 	0
0.0582784 	-107.472 	43.5854 	-1.48411 	0
0.0588497 	-107.092 	43.5776 	-1.46538 	0
0.0594211 	-106.703 	43.5695 	-1.44699 	0
0.0599925 	-106.308 	43.5612 	-1.42885 	0
0.0605638 	-105.912 	43.5529 	-1.4107 	0
0.0611352 	-105.517 	43.5446 	-1.39256 	0
0.0617065 	-105.121 	43.5363 	-1.37442 	0
0.0622779 	-104.726 	43.528 	-1.35627 	0
0.0628492 	-104.33 	43.5197 	-1.33813 	0
0.0634206 	-103.975 	43.5125 	-1.32049 	0
0.063992 	-103.684 	43.5071 	-1.30367 	0
0.0645633 	-103.394 	43.5018 	-1.28684 	0
0.0651347 	-103.103 	43.4964 	-1.27001 	0
0.065706 	-102.808 	43.4909 	-1.25329 	0
0.0662774 	-102.504 	43.4852 	-1.23689 	0
0.0668487 	-102.2 	43.4794 	-1.22049 	0
0.0674201 	-101.896 	43.4737 	-1.20409 	0
0.0679915 	-101.592 	43.4679 	-1.18769 	0
0.0685628 	-101.288 	43.4622 	-1.17129 	0
0.0691342 	-100.984 	43.4564 	-1.15489 	0
0.0697055 	-100.683 	43.4508 	-1.13852 	0
0.0702769 	-100.45 	43.4471 	-1.12275 	0
0.0708482 	-100.217 	43.4435 	-1.10697 	0
0.0714196 	-99.9846 	43.4399 	-1.0912 	0
0.071991 	-99.7469 	43.4361 	-1.07557 	0
0.0725623 	-99.5028 	43.4321 	-1.06012 	0
0.0731337 	-99.2588 	43.4282 	-1.04468 	0
0.073705 	-99.0147 	43.4242 	-1.02924 	0
0.0742764 	-98.7707 	43.4203 	-1.01379 	0
0.0748477 	-98.5266 	43.4163 	-0.998348 	0
0.0754191 	-98.2914 	43.4127 	-0.983021 	0
0.0759905 	-98.1045 	43.4105 	-0.968326 	0
0.0765618 	-97.9176 	43.4083 	-0.953631 	0
0.0771332 	-97.7306 	43.4061 	-0.938938 	0
0.0777045 	-97.5343 	43.4036 	-0.924507 	0
0.0782759 	-97.338 	43.4011 	-0.910076 	0
0.0788472 	-97.1417 	43.3987 	-0.895645 	0
0.0794186 	-96.9454 	43.3962 	-0.881214 	0
0.0799899 	-96.7491 	43.3938 	-0.866783 	0
0.0805613 	-96.5755 	43.3921 	-0.852616 	0
0.0811327 	-96.4222 	43.3911 	-0.838686 	0
0.081704 	-96.2689 	43.3901 	-0.824756 	0
0.0822754 	-96.1094 	43.389 	-0.810999 	0
0.0828467 	-95.9482 	43.3878 	-0.79729 	0
0.0834181 	-95.787 	43.3866 	-0.783581 	0
0.0839894 	-95.6258 	43.3854 	-0.769872 	0
0.0845608 	-95.4647 	43.3842 	-0.756164 	0
0.0851322 	-95.3366 	43.3843 	-0.742803 	0
0.0857035 	-95.2086 	43.3845 	-0.729443 	0
0.0862749 	-95.0765 	43.3845 	-0.7162 	0
0.0868462 	-94.9418 	43.3845 	-0.703032 	0
0.0874176 	-94.8071 	43.3845 	-0.689864 	0
0.0879889 	-94.6724 	43.3845 	-0.676695 	0
0.0885603 	-94.5493 	43.385 	-0.663625 	0
0.0891317 	-94.4411 	43.3864 	-0.65068 	0
0.089703 	-94.3308 	43.3876 	-0.637795 	0
0.0902744 	-94.2169 	43.3888 	-0.625022 	0
0.0908457 	-94.103 	43.39 	-0.612249 	0
0.0914171 	-93.989 	43.3911 	-0.599476 	0
0.0919884 	-93.8904 	43.3933 	-0.586807 	0
0.0925598 	-93.798 	43.3959 	-0.574181 	0
0.0931312 	-93.7011 	43.3984 	-0.561695 	0
0.0937025 	-93.6037 	43.4009 	-0.549226 	0
0.0942739 	-93.5063 	43.4033 	-0.536757 	0
0.0948452 	-93.4218 	43.407 	-0.524347 	0
0.0954166 	-93.3416 	43.411 	-0.511979 	0
0.0959879 	-93.2578 	43.415 	-0.49974 	0
0.0965593 	-93.1739 	43.4189 	-0.487501 	0
0.0971307 	-93.0955 	43.4235 	-0.475277 	0
0.097702 	-93.0265 	43.4293 	-0.463077 	0
0.0982734 	-92.9538 	43.435 	-0.451014 	0
0.0988447 	-92.8811 	43.4407 	-0.438955 	0
0.0994161 	-92.8155 	43.4476 	-0.4269 	0
0.0999874 	-92.7543 	43.4553 	-0.414898 	0
0.100559 	-92.6909 	43.463 	-0.402983 	0
0.10113 	-92.6302 	43.4713 	-0.391063 	0
0.101702 	-92.577 	43.4814 	-0.379153 	0
0.102273 	-92.5215 	43.4914 	-0.367348 	0
0.102844 	-92.4693 	43.5024 	-0.355533 	0
0.103416 	-92.4219 	43.5151 	-0.343754 	0
0.103987 	-92.373 	43.5277 	-0.332048 	0
0.104558 	-92.3308 	43.5428 	-0.320304 	0
0.10513 	-92.2877 	43.5584 	-0.308672 	0
0.105701 	-92.249 	43.5759 	-0.296996 	0
0.106272 	-92.2108 	43.5946 	-0.285413 	0
0.106844 	-92.1767 	43.6156 	-0.273826 	0
0.107415 	-92.1431 	43.6377 	-0.262329 	0
0.107986 	-92.1133 	43.663 	-0.250756 	0
0.108558 	-92.0854 	43.6906 	-0.239278 	0
0.109129 	-92.0595 	43.7187 	-0.227896 	0
0.109701 	-92.0353 	43.7159 	-0.216229 	0
0.110272 	-92.0103 	43.445 	-0.201017 	0
0.110843 	-91.9884 	42.277 	-0.171068 	0
0.111415 	-91.9759 	40.0757 	-0.128006 	0
0.111986 	-91.9734 	37.2806 	-0.0867543 	0
0.112557 	-91.9838 	34.0888 	-0.0515502 	0
0.113129 	-92.0081 	29.5915 	-0.0219203 	0
0.1137 	-92.033 	1.27786e-10 	-5.5244e-15 	0
