0 	-221.004 	0 	0 	0
0.000571357 	-220.815 	-10.6351 	0.124885 	0
0.00114271 	-220.544 	-10.339 	0.235231 	0
0.00171407 	-220.367 	-9.59485 	0.334091 	0
0.00228543 	-220.292 	-8.64287 	0.42208 	0
0.00285678 	-220.297 	-7.55903 	0.498796 	0
0.00342814 	-220.358 	-6.38069 	0.561698 	0
0.0039995 	-220.46 	-5.13783 	0.609763 	0
0.00457085 	-220.704 	-3.81991 	0.637157 	0
0.00514221 	-220.959 	-2.43339 	0.636696 	0
0.00571357 	-221.13 	-1.03829 	0.608167 	0
0.00628492 	-221.218 	0.316037 	0.555863 	0
0.00685628 	-221.226 	1.61876 	0.482608 	0
0.00742764 	-221.14 	2.8875 	0.390259 	0
0.00799899 	-220.916 	4.17489 	0.277525 	0
0.00857035 	-220.534 	5.55259 	0.145307 	0
0.00914171 	-219.973 	7.16807 	-0.0123322 	0
0.00971307 	-219.355 	9.05832 	-0.191288 	0
0.0102844 	-218.838 	11.2164 	-0.391411 	0
0.0108558 	-218.405 	13.5236 	-0.60451 	0
0.0114271 	-217.766 	15.9593 	-0.818663 	0
0.0119985 	-216.804 	18.6531 	-1.02471 	0
0.0125698 	-215.891 	21.162 	-1.18607 	0
0.0131412 	-214.318 	24.9384 	-1.4071 	0
0.0137126 	-212.919 	28.1857 	-1.55795 	0
0.0142839 	-211.248 	31.7259 	-1.65741 	0
0.0148553 	-209.427 	34.9438 	-1.74196 	0
0.0154266 	-207.529 	36.915 	-1.82847 	0
0.015998 	-205.565 	37.7725 	-1.88533 	0
0.0165693 	-203.593 	38.3504 	-1.92987 	0
0.0171407 	-201.61 	38.8726 	-1.97006 	0
0.0177121 	-199.622 	39.3441 	-2.00603 	0
0.0182834 	-197.634 	39.7721 	-2.03833 	0
0.0188548 	-195.627 	40.1575 	-2.06654 	0
0.0194261 	-193.655 	40.5115 	-2.09156 	0
0.0199975 	-191.69 	40.8509 	-2.11512 	0
0.0205688 	-189.721 	41.1505 	-2.13384 	0
0.0211402 	-187.786 	41.4471 	-2.15243 	0
0.0217116 	-185.853 	41.7111 	-2.16658 	0
0.0222829 	-183.946 	41.9765 	-2.18122 	0
0.0228543 	-182.065 	42.2118 	-2.19124 	0
0.0234256 	-180.182 	42.4446 	-2.20086 	0
0.023997 	-178.358 	42.6679 	-2.20946 	0
0.0245683 	-176.539 	42.8737 	-2.21487 	0
0.0251397 	-174.72 	43.0795 	-2.22028 	0
0.0257111 	-172.975 	43.2738 	-2.22438 	0
0.0262824 	-171.234 	43.4549 	-2.22563 	0
0.0268538 	-169.493 	43.6359 	-2.22688 	0
0.0274251 	-167.803 	43.8115 	-2.22827 	0
0.0279965 	-166.155 	43.9596 	-2.22536 	0
0.0285678 	-164.508 	44.1077 	-2.22246 	0
0.0291392 	-162.862 	44.2559 	-2.2196 	0
0.0297106 	-161.288 	44.3786 	-2.21526 	0
0.0302819 	-159.752 	44.4603 	-2.20608 	0
0.0308533 	-158.215 	44.542 	-2.1969 	0
0.0314246 	-156.678 	44.6237 	-2.18773 	0
0.031996 	-155.176 	44.7028 	-2.17959 	0
0.0325673 	-153.789 	44.6926 	-2.16365 	0
0.0331387 	-152.403 	44.6824 	-2.14771 	0
0.0337101 	-151.017 	44.6723 	-2.13177 	0
0.0342814 	-149.631 	44.6621 	-2.11583 	0
0.0348528 	-148.276 	44.6519 	-2.10133 	0
0.0354241 	-147.069 	44.6118 	-2.08273 	0
0.0359955 	-145.863 	44.5718 	-2.06414 	0
0.0365668 	-144.657 	44.5317 	-2.04555 	0
0.0371382 	-143.451 	44.4916 	-2.02696 	0
0.0377095 	-142.248 	44.4517 	-2.00882 	0
0.0382809 	-141.109 	44.4168 	-1.99134 	0
0.0388523 	-140.075 	44.3909 	-1.97259 	0
0.0394236 	-139.041 	44.365 	-1.95384 	0
0.039995 	-138.007 	44.3391 	-1.93509 	0
0.0405663 	-136.973 	44.3132 	-1.91634 	0
0.0411377 	-135.939 	44.2874 	-1.89758 	0
0.041709 	-134.91 	44.2615 	-1.88007 	0
0.0422804 	-134.005 	44.2388 	-1.86168 	0
0.0428518 	-133.136 	44.2169 	-1.84295 	0
0.0434231 	-132.267 	44.195 	-1.82422 	0
0.0439945 	-131.398 	44.1731 	-1.80549 	0
0.0445658 	-130.529 	44.1513 	-1.78676 	0
0.0451372 	-129.66 	44.1294 	-1.76804 	0
0.0457085 	-128.791 	44.1075 	-1.74988 	0
0.0462799 	-127.96 	44.0867 	-1.73221 	0
0.0468513 	-127.246 	44.0693 	-1.71397 	0
0.0474226 	-126.532 	44.052 	-1.69573 	0
0.047994 	-125.818 	44.0346 	-1.6775 	0
0.0485653 	-125.104 	44.0172 	-1.65926 	0
0.0491367 	-124.389 	43.9999 	-1.64103 	0
0.049708 	-123.675 	43.9825 	-1.62279 	0
0.0502794 	-122.961 	43.9651 	-1.60456 	0
0.0508508 	-122.243 	43.9476 	-1.58732 	0
0.0514221 	-121.614 	43.9326 	-1.57004 	0
0.0519935 	-121.04 	43.9193 	-1.55273 	0
0.0525648 	-120.466 	43.9059 	-1.53541 	0
0.0531362 	-119.893 	43.8926 	-1.5181 	0
0.0537075 	-119.319 	43.8792 	-1.50079 	0
0.0542789 	-118.745 	43.8658 	-1.48347 	0
0.0548503 	-118.171 	43.8525 	-1.46616 	0
0.0554216 	-117.598 	43.8391 	-1.44885 	0
0.055993 	-117.022 	43.8257 	-1.43178 	0
0.0565643 	-116.442 	43.8121 	-1.41525 	0
0.0571357 	-115.964 	43.8014 	-1.39926 	0
0.057707 	-115.524 	43.7918 	-1.38349 	0
0.0582784 	-115.085 	43.7822 	-1.36771 	0
0.0588497 	-114.645 	43.7725 	-1.35193 	0
0.0594211 	-114.206 	43.7629 	-1.33616 	0
0.0599925 	-113.766 	43.7533 	-1.32038 	0
0.0605638 	-113.327 	43.7436 	-1.3046 	0
0.0611352 	-112.887 	43.734 	-1.28883 	0
0.0617065 	-112.448 	43.7244 	-1.27305 	0
0.0622779 	-112.007 	43.7147 	-1.2574 	0
0.0628492 	-111.561 	43.7048 	-1.24219 	0
0.0634206 	-111.154 	43.6961 	-1.22721 	0
0.063992 	-110.811 	43.6892 	-1.21256 	0
0.0645633 	-110.467 	43.6823 	-1.19791 	0
0.0651347 	-110.124 	43.6754 	-1.18326 	0
0.065706 	-109.781 	43.6684 	-1.16862 	0
0.0662774 	-109.437 	43.6615 	-1.15397 	0
0.0668487 	-109.094 	43.6546 	-1.13932 	0
0.0674201 	-108.751 	43.6477 	-1.12468 	0
0.0679915 	-108.407 	43.6408 	-1.11003 	0
0.0685628 	-108.064 	43.6339 	-1.09538 	0
0.0691342 	-107.715 	43.6268 	-1.08111 	0
0.0697055 	-107.368 	43.6198 	-1.06691 	0
0.0702769 	-107.089 	43.6148 	-1.05285 	0
0.0708482 	-106.811 	43.6099 	-1.03879 	0
0.0714196 	-106.532 	43.6049 	-1.02473 	0
0.071991 	-106.253 	43.5999 	-1.01067 	0
0.0725623 	-105.975 	43.595 	-0.996613 	0
0.0731337 	-105.696 	43.59 	-0.982554 	0
0.073705 	-105.417 	43.5851 	-0.968495 	0
0.0742764 	-105.139 	43.5801 	-0.954435 	0
0.0748477 	-104.855 	43.575 	-0.940638 	0
0.0754191 	-104.579 	43.5702 	-0.926991 	0
0.0759905 	-104.353 	43.5669 	-0.913679 	0
0.0765618 	-104.127 	43.5635 	-0.900367 	0
0.0771332 	-103.902 	43.5602 	-0.887055 	0
0.0777045 	-103.676 	43.5569 	-0.873743 	0
0.0782759 	-103.45 	43.5536 	-0.860431 	0
0.0788472 	-103.224 	43.5503 	-0.847119 	0
0.0794186 	-102.998 	43.547 	-0.833807 	0
0.0799899 	-102.767 	43.5436 	-0.820758 	0
0.0805613 	-102.559 	43.5409 	-0.807872 	0
0.0811327 	-102.372 	43.539 	-0.795109 	0
0.081704 	-102.186 	43.5371 	-0.782346 	0
0.0822754 	-101.999 	43.5351 	-0.769582 	0
0.0828467 	-101.813 	43.5332 	-0.756819 	0
0.0834181 	-101.626 	43.5313 	-0.744056 	0
0.0839894 	-101.439 	43.5294 	-0.731346 	0
0.0845608 	-101.247 	43.5273 	-0.718828 	0
0.0851322 	-101.091 	43.5267 	-0.706488 	0
0.0857035 	-100.934 	43.526 	-0.694147 	0
0.0862749 	-100.778 	43.5254 	-0.681807 	0
0.0868462 	-100.621 	43.5247 	-0.669466 	0
0.0874176 	-100.465 	43.5241 	-0.657126 	0
0.0879889 	-100.306 	43.5234 	-0.644892 	0
0.0885603 	-100.158 	43.5232 	-0.63281 	0
0.0891317 	-100.025 	43.5239 	-0.620783 	0
0.089703 	-99.8923 	43.5245 	-0.608756 	0
0.0902744 	-99.7595 	43.5251 	-0.596728 	0
0.0908457 	-99.6268 	43.5258 	-0.584701 	0
0.0914171 	-99.4917 	43.5263 	-0.572798 	0
0.0919884 	-99.3715 	43.5279 	-0.561002 	0
0.0925598 	-99.2578 	43.5299 	-0.54922 	0
0.0931312 	-99.1442 	43.5319 	-0.537438 	0
0.0937025 	-99.0305 	43.5339 	-0.525656 	0
0.0942739 	-98.9151 	43.5358 	-0.513969 	0
0.0948452 	-98.8118 	43.5389 	-0.502372 	0
0.0954166 	-98.7138 	43.5424 	-0.490776 	0
0.0959879 	-98.6158 	43.546 	-0.479181 	0
0.0965593 	-98.5176 	43.5495 	-0.467597 	0
0.0971307 	-98.4225 	43.5536 	-0.456164 	0
0.097702 	-98.3374 	43.5589 	-0.444717 	0
0.0982734 	-98.2524 	43.5642 	-0.43327 	0
0.0988447 	-98.1668 	43.5695 	-0.421851 	0
0.0994161 	-98.0868 	43.5759 	-0.410542 	0
0.0999874 	-98.0127 	43.5833 	-0.399215 	0
0.100559 	-97.9385 	43.5906 	-0.387888 	0
0.10113 	-97.8655 	43.5985 	-0.376667 	0
0.101702 	-97.8005 	43.6082 	-0.365432 	0
0.102273 	-97.7355 	43.6179 	-0.354196 	0
0.102844 	-97.6724 	43.6285 	-0.343062 	0
0.103416 	-97.6153 	43.6409 	-0.331913 	0
0.103987 	-97.5577 	43.6532 	-0.320801 	0
0.104558 	-97.5059 	43.6679 	-0.309723 	0
0.10513 	-97.4554 	43.6832 	-0.298631 	0
0.105701 	-97.408 	43.7004 	-0.287629 	0
0.106272 	-97.3632 	43.7187 	-0.276603 	0
0.106844 	-97.3218 	43.7395 	-0.265655 	0
0.107415 	-97.282 	43.7612 	-0.254719 	0
0.107986 	-97.2462 	43.7862 	-0.243733 	0
0.108558 	-97.2127 	43.8134 	-0.232883 	0
0.109129 	-97.1819 	43.8425 	-0.22205 	0
0.109701 	-97.1531 	43.8564 	-0.211078 	0
0.110272 	-97.1253 	43.6782 	-0.197999 	0
0.110843 	-97.0984 	42.6837 	-0.171456 	0
0.111415 	-97.0812 	40.5527 	-0.129229 	0
0.111986 	-97.0759 	37.706 	-0.0873969 	0
0.112557 	-97.0843 	34.4441 	-0.0517215 	0
0.113129 	-97.1074 	29.8884 	-0.0219826 	0
0.1137 	-97.1321 	1.29885e-10 	-5.62085e-15 	0
