0 	-201.481 	0 	0 	0
0.000571357 	-201.288 	-6.24054 	0.315124 	0
0.00114271 	-201.103 	-6.53424 	0.599866 	0
0.00171407 	-201.085 	-6.25583 	0.836073 	0
0.00228543 	-201.198 	-5.75736 	1.03267 	0
0.00285678 	-201.39 	-5.14171 	1.19446 	0
0.00342814 	-201.615 	-4.45351 	1.32256 	0
0.0039995 	-201.833 	-3.72058 	1.41891 	0
0.00457085 	-202.02 	-2.9645 	1.48467 	0
0.00514221 	-202.156 	-2.19512 	1.52059 	0
0.00571357 	-202.232 	-1.4286 	1.52812 	0
0.00628492 	-202.245 	-0.66956 	1.50852 	0
0.00685628 	-202.192 	0.079675 	1.46239 	0
0.00742764 	-202.069 	0.819834 	1.38953 	0
0.00799899 	-201.853 	1.57531 	1.2865 	0
0.00857035 	-201.524 	2.37414 	1.15419 	0
0.00914171 	-201.04 	3.2936 	0.982182 	0
0.00971307 	-200.44 	4.41 	0.771255 	0
0.0102844 	-199.735 	5.90249 	0.516195 	0
0.0108558 	-198.957 	7.91581 	0.226458 	0
0.0114271 	-198.16 	10.5337 	-0.0725799 	0
0.0119985 	-197.355 	13.7981 	-0.352646 	0
0.0125698 	-196.659 	16.9468 	-0.55121 	0
0.0131412 	-195.653 	22.0714 	-0.732799 	0
0.0137126 	-194.665 	26.8258 	-0.773348 	0
0.0142839 	-193.872 	30.6712 	-0.787489 	0
0.0148553 	-193.175 	33.2597 	-0.849575 	0
0.0154266 	-192.398 	35.3891 	-0.914562 	0
0.015998 	-191.564 	36.6401 	-0.967071 	0
0.0165693 	-190.697 	37.388 	-1.01063 	0
0.0171407 	-189.8 	37.9978 	-1.04981 	0
0.0177121 	-188.872 	38.5446 	-1.08598 	0
0.0182834 	-187.92 	39.0415 	-1.11961 	0
0.0188548 	-186.954 	39.4891 	-1.1504 	0
0.0194261 	-185.949 	39.897 	-1.17884 	0
0.0199975 	-184.945 	40.2881 	-1.20613 	0
0.0205688 	-183.903 	40.634 	-1.23033 	0
0.0211402 	-182.86 	40.9744 	-1.25407 	0
0.0217116 	-181.793 	41.2787 	-1.27502 	0
0.0222829 	-180.734 	41.5834 	-1.29594 	0
0.0228543 	-179.634 	41.8529 	-1.31383 	0
0.0234256 	-178.55 	42.1208 	-1.33148 	0
0.023997 	-177.44 	42.3746 	-1.34782 	0
0.0245683 	-176.338 	42.6102 	-1.36237 	0
0.0251397 	-175.235 	42.8458 	-1.37691 	0
0.0257111 	-174.109 	43.0658 	-1.38969 	0
0.0262824 	-172.996 	43.2729 	-1.40101 	0
0.0268538 	-171.882 	43.48 	-1.41233 	0
0.0274251 	-170.76 	43.6801 	-1.42294 	0
0.0279965 	-169.638 	43.8553 	-1.43109 	0
0.0285678 	-168.525 	44.031 	-1.43932 	0
0.0291392 	-167.412 	44.2067 	-1.44755 	0
0.0297106 	-166.289 	44.3559 	-1.45365 	0
0.0302819 	-165.186 	44.4692 	-1.45717 	0
0.0308533 	-164.086 	44.5827 	-1.46072 	0
0.0314246 	-162.985 	44.6962 	-1.46428 	0
0.031996 	-161.886 	44.8041 	-1.46748 	0
0.0325673 	-160.817 	44.8162 	-1.4649 	0
0.0331387 	-159.763 	44.8292 	-1.46267 	0
0.0337101 	-158.71 	44.8421 	-1.46044 	0
0.0342814 	-157.656 	44.8551 	-1.4582 	0
0.0348528 	-156.605 	44.8653 	-1.45572 	0
0.0354241 	-155.62 	44.8335 	-1.44973 	0
0.0359955 	-154.649 	44.8021 	-1.44414 	0
0.0365668 	-153.677 	44.7707 	-1.43856 	0
0.0371382 	-152.705 	44.7393 	-1.43298 	0
0.0377095 	-151.733 	44.708 	-1.42739 	0
0.0382809 	-150.786 	44.6794 	-1.42106 	0
0.0388523 	-149.897 	44.6568 	-1.41366 	0
0.0394236 	-149.015 	44.6344 	-1.40654 	0
0.039995 	-148.134 	44.6119 	-1.39942 	0
0.0405663 	-147.252 	44.5894 	-1.39229 	0
0.0411377 	-146.37 	44.567 	-1.38517 	0
0.041709 	-145.488 	44.5445 	-1.37805 	0
0.0422804 	-144.673 	44.5239 	-1.36935 	0
0.0428518 	-143.889 	44.504 	-1.36079 	0
0.0434231 	-143.105 	44.4842 	-1.35228 	0
0.0439945 	-142.321 	44.4644 	-1.34377 	0
0.0445658 	-141.537 	44.4446 	-1.33526 	0
0.0451372 	-140.754 	44.4248 	-1.32675 	0
0.0457085 	-139.97 	44.405 	-1.31824 	0
0.0462799 	-139.21 	44.3859 	-1.30932 	0
0.0468513 	-138.524 	44.369 	-1.29933 	0
0.0474226 	-137.844 	44.3522 	-1.28976 	0
0.047994 	-137.163 	44.3354 	-1.28019 	0
0.0485653 	-136.483 	44.3187 	-1.27062 	0
0.0491367 	-135.802 	44.3019 	-1.26105 	0
0.049708 	-135.122 	44.2851 	-1.25148 	0
0.0502794 	-134.441 	44.2684 	-1.24191 	0
0.0508508 	-133.761 	44.2516 	-1.23234 	0
0.0514221 	-133.143 	44.2367 	-1.22205 	0
0.0519935 	-132.565 	44.2229 	-1.21157 	0
0.0525648 	-131.99 	44.2092 	-1.20134 	0
0.0531362 	-131.414 	44.1955 	-1.19112 	0
0.0537075 	-130.838 	44.1817 	-1.18089 	0
0.0542789 	-130.262 	44.168 	-1.17066 	0
0.0548503 	-129.687 	44.1543 	-1.16043 	0
0.0554216 	-129.111 	44.1406 	-1.1502 	0
0.055993 	-128.535 	44.1269 	-1.13998 	0
0.0565643 	-127.96 	44.1131 	-1.12975 	0
0.0571357 	-127.465 	44.1017 	-1.11918 	0
0.057707 	-127.002 	44.0912 	-1.10867 	0
0.0582784 	-126.54 	44.0807 	-1.09838 	0
0.0588497 	-126.077 	44.0701 	-1.0881 	0
0.0594211 	-125.615 	44.0596 	-1.07781 	0
0.0599925 	-125.153 	44.0491 	-1.06753 	0
0.0605638 	-124.69 	44.0386 	-1.05725 	0
0.0611352 	-124.228 	44.0281 	-1.04696 	0
0.0617065 	-123.766 	44.0175 	-1.03668 	0
0.0622779 	-123.303 	44.007 	-1.02639 	0
0.0628492 	-122.841 	43.9965 	-1.01611 	0
0.0634206 	-122.412 	43.987 	-1.00568 	0
0.063992 	-122.037 	43.979 	-0.995077 	0
0.0645633 	-121.661 	43.971 	-0.984772 	0
0.0651347 	-121.286 	43.963 	-0.974468 	0
0.065706 	-120.911 	43.955 	-0.964163 	0
0.0662774 	-120.535 	43.947 	-0.953859 	0
0.0668487 	-120.16 	43.939 	-0.943554 	0
0.0674201 	-119.784 	43.931 	-0.93325 	0
0.0679915 	-119.409 	43.923 	-0.922945 	0
0.0685628 	-119.034 	43.915 	-0.912641 	0
0.0691342 	-118.658 	43.907 	-0.902336 	0
0.0697055 	-118.286 	43.8991 	-0.892011 	0
0.0702769 	-117.973 	43.893 	-0.881264 	0
0.0708482 	-117.659 	43.887 	-0.870796 	0
0.0714196 	-117.345 	43.8809 	-0.860345 	0
0.071991 	-117.032 	43.8748 	-0.849895 	0
0.0725623 	-116.718 	43.8687 	-0.839444 	0
0.0731337 	-116.404 	43.8627 	-0.828993 	0
0.073705 	-116.09 	43.8566 	-0.818542 	0
0.0742764 	-115.777 	43.8505 	-0.808091 	0
0.0748477 	-115.463 	43.8444 	-0.79764 	0
0.0754191 	-115.158 	43.8386 	-0.787176 	0
0.0759905 	-114.899 	43.8343 	-0.776687 	0
0.0765618 	-114.639 	43.8299 	-0.766404 	0
0.0771332 	-114.38 	43.8256 	-0.756121 	0
0.0777045 	-114.12 	43.8212 	-0.745838 	0
0.0782759 	-113.861 	43.8169 	-0.735555 	0
0.0788472 	-113.601 	43.8125 	-0.725271 	0
0.0794186 	-113.341 	43.8081 	-0.714988 	0
0.0799899 	-113.082 	43.8038 	-0.704705 	0
0.0805613 	-112.845 	43.8002 	-0.694384 	0
0.0811327 	-112.628 	43.7974 	-0.684183 	0
0.081704 	-112.41 	43.7945 	-0.674052 	0
0.0822754 	-112.193 	43.7916 	-0.663922 	0
0.0828467 	-111.975 	43.7888 	-0.653792 	0
0.0834181 	-111.757 	43.7859 	-0.643661 	0
0.0839894 	-111.54 	43.783 	-0.633531 	0
0.0845608 	-111.322 	43.7801 	-0.6234 	0
0.0851322 	-111.139 	43.7787 	-0.613262 	0
0.0857035 	-110.954 	43.7772 	-0.603273 	0
0.0862749 	-110.77 	43.7757 	-0.593284 	0
0.0868462 	-110.585 	43.7742 	-0.583295 	0
0.0874176 	-110.401 	43.7727 	-0.573306 	0
0.0879889 	-110.216 	43.7712 	-0.563317 	0
0.0885603 	-110.044 	43.7703 	-0.553294 	0
0.0891317 	-109.886 	43.7701 	-0.543381 	0
0.089703 	-109.729 	43.77 	-0.533505 	0
0.0902744 	-109.571 	43.7699 	-0.523629 	0
0.0908457 	-109.413 	43.7697 	-0.513754 	0
0.0914171 	-109.256 	43.7696 	-0.503878 	0
0.0919884 	-109.114 	43.7705 	-0.493973 	0
0.0925598 	-108.979 	43.7718 	-0.484195 	0
0.0931312 	-108.843 	43.7731 	-0.474417 	0
0.0937025 	-108.707 	43.7744 	-0.464639 	0
0.0942739 	-108.571 	43.7757 	-0.454862 	0
0.0948452 	-108.449 	43.7782 	-0.445058 	0
0.0954166 	-108.331 	43.7811 	-0.435358 	0
0.0959879 	-108.214 	43.784 	-0.425659 	0
0.0965593 	-108.096 	43.7868 	-0.415959 	0
0.0971307 	-107.985 	43.7904 	-0.406225 	0
0.097702 	-107.882 	43.7951 	-0.396582 	0
0.0982734 	-107.78 	43.7998 	-0.386949 	0
0.0988447 	-107.678 	43.8046 	-0.377317 	0
0.0994161 	-107.583 	43.8104 	-0.367658 	0
0.0999874 	-107.494 	43.8172 	-0.358081 	0
0.100559 	-107.405 	43.824 	-0.348505 	0
0.10113 	-107.318 	43.8314 	-0.338902 	0
0.101702 	-107.24 	43.8406 	-0.329361 	0
0.102273 	-107.161 	43.8497 	-0.319831 	0
0.102844 	-107.087 	43.8599 	-0.310276 	0
0.103416 	-107.018 	43.8717 	-0.300794 	0
0.103987 	-106.949 	43.8835 	-0.291312 	0
0.104558 	-106.887 	43.8978 	-0.281814 	0
0.10513 	-106.826 	43.9125 	-0.272357 	0
0.105701 	-106.769 	43.9293 	-0.262904 	0
0.106272 	-106.715 	43.9471 	-0.253503 	0
0.106844 	-106.666 	43.9674 	-0.24407 	0
0.107415 	-106.618 	43.9887 	-0.234659 	0
0.107986 	-106.575 	44.0132 	-0.225304 	0
0.108558 	-106.536 	44.0397 	-0.215944 	0
0.109129 	-106.499 	44.0688 	-0.206579 	0
0.109701 	-106.465 	44.0968 	-0.197274 	0
0.110272 	-106.434 	44.0439 	-0.187332 	0
0.110843 	-106.402 	43.4156 	-0.168555 	0
0.111415 	-106.383 	41.523 	-0.130513 	0
0.111986 	-106.375 	38.5897 	-0.0875967 	0
0.112557 	-106.381 	35.1722 	-0.0510535 	0
0.113129 	-106.402 	30.4875 	-0.0215364 	0
0.1137 	-106.425 	1.33498e-10 	-5.63707e-15 	0
