0 	-0.853051 	0 	0 	0
0.000571357 	-0.91152 	13.4044 	-0.0295722 	0
0.00114271 	-1.05395 	14.7866 	-0.0768561 	0
0.00171407 	-1.21627 	15.6119 	-0.127356 	0
0.00228543 	-1.37652 	16.2764 	-0.178518 	0
0.00285678 	-1.52662 	16.8856 	-0.229286 	0
0.00342814 	-1.66455 	17.4818 	-0.279074 	0
0.0039995 	-1.79163 	18.0877 	-0.327558 	0
0.00457085 	-1.90968 	18.716 	-0.374455 	0
0.00514221 	-2.02077 	19.3754 	-0.419572 	0
0.00571357 	-2.12671 	20.0706 	-0.46269 	0
0.00628492 	-2.22925 	20.805 	-0.503683 	0
0.00685628 	-2.32979 	21.5808 	-0.542396 	0
0.00742764 	-2.42941 	22.3991 	-0.578652 	0
0.00799899 	-2.53051 	23.265 	-0.612169 	0
0.00857035 	-2.6332 	24.1728 	-0.643183 	0
0.00914171 	-2.72274 	25.1374 	-0.670613 	0
0.00971307 	-2.79886 	26.1794 	-0.694378 	0
0.0102844 	-2.88869 	27.3217 	-0.713568 	0
0.0108558 	-3.00562 	28.5171 	-0.728636 	0
0.0114271 	-3.13799 	29.724 	-0.740654 	0
0.0119985 	-3.27163 	30.9703 	-0.749735 	0
0.0125698 	-3.38705 	32.1216 	-0.755726 	0
0.0131412 	-3.65537 	33.9899 	-0.760413 	0
0.0137126 	-3.82771 	35.5437 	-0.759159 	0
0.0142839 	-4.01785 	36.0295 	-0.764175 	0
0.0148553 	-4.2124 	36.355 	-0.769413 	0
0.0154266 	-4.40897 	36.6697 	-0.774418 	0
0.015998 	-4.60748 	36.9765 	-0.779192 	0
0.0165693 	-4.80801 	37.2725 	-0.783662 	0
0.0171407 	-5.01057 	37.5553 	-0.787775 	0
0.0177121 	-5.21505 	37.8272 	-0.791595 	0
0.0182834 	-5.42121 	38.0913 	-0.795205 	0
0.0188548 	-5.62879 	38.3473 	-0.798585 	0
0.0194261 	-5.83886 	38.5939 	-0.801696 	0
0.0199975 	-6.04988 	38.8362 	-0.80468 	0
0.0205688 	-6.26273 	39.064 	-0.80727 	0
0.0211402 	-6.47675 	39.2896 	-0.809802 	0
0.0217116 	-6.69235 	39.4999 	-0.811931 	0
0.0222829 	-6.90794 	39.7102 	-0.814061 	0
0.0228543 	-7.1269 	39.8967 	-0.815566 	0
0.0234256 	-7.34509 	40.0813 	-0.817024 	0
0.023997 	-7.56521 	40.2504 	-0.818105 	0
0.0245683 	-7.78546 	40.397 	-0.818644 	0
0.0251397 	-8.0057 	40.5436 	-0.819183 	0
0.0257111 	-8.22754 	40.6629 	-0.819036 	0
0.0262824 	-8.44846 	40.7569 	-0.818263 	0
0.0268538 	-8.66938 	40.8508 	-0.81749 	0
0.0274251 	-8.89137 	40.9324 	-0.816408 	0
0.0279965 	-9.11069 	40.9663 	-0.814185 	0
0.0285678 	-9.33 	41.0001 	-0.811962 	0
0.0291392 	-9.54932 	41.0339 	-0.809739 	0
0.0297106 	-9.76824 	41.0499 	-0.807013 	0
0.0302819 	-9.98276 	41.0395 	-0.803596 	0
0.0308533 	-10.1973 	41.0291 	-0.800179 	0
0.0314246 	-10.4118 	41.0187 	-0.796762 	0
0.031996 	-10.6277 	41.0082 	-0.793305 	0
0.0325673 	-10.8349 	40.993 	-0.789665 	0
0.0331387 	-11.0422 	40.9779 	-0.786025 	0
0.0337101 	-11.2495 	40.9627 	-0.782384 	0
0.0342814 	-11.4568 	40.9476 	-0.778744 	0
0.0348528 	-11.6655 	40.9337 	-0.775088 	0
0.0354241 	-11.8658 	40.9392 	-0.77179 	0
0.0359955 	-12.0661 	40.9446 	-0.768492 	0
0.0365668 	-12.2664 	40.9501 	-0.765195 	0
0.0371382 	-12.4667 	40.9556 	-0.761897 	0
0.0377095 	-12.667 	40.9611 	-0.758599 	0
0.0382809 	-12.8669 	40.9673 	-0.755158 	0
0.0388523 	-13.0599 	40.9748 	-0.75155 	0
0.0394236 	-13.2528 	40.9824 	-0.747943 	0
0.039995 	-13.4458 	40.99 	-0.744336 	0
0.0405663 	-13.6387 	40.9976 	-0.740729 	0
0.0411377 	-13.8317 	41.0052 	-0.737122 	0
0.041709 	-14.0247 	41.0128 	-0.733514 	0
0.0422804 	-14.2121 	41.0163 	-0.729606 	0
0.0428518 	-14.3952 	41.0186 	-0.725668 	0
0.0434231 	-14.5783 	41.0209 	-0.721731 	0
0.0439945 	-14.7613 	41.0232 	-0.717793 	0
0.0445658 	-14.9444 	41.0255 	-0.713856 	0
0.0451372 	-15.1274 	41.0278 	-0.709918 	0
0.0457085 	-15.3105 	41.0301 	-0.70598 	0
0.0462799 	-15.493 	41.0329 	-0.701944 	0
0.0468513 	-15.6647 	41.037 	-0.697835 	0
0.0474226 	-15.8365 	41.0412 	-0.693726 	0
0.047994 	-16.0082 	41.0454 	-0.689617 	0
0.0485653 	-16.1799 	41.0495 	-0.685507 	0
0.0491367 	-16.3516 	41.0537 	-0.681398 	0
0.049708 	-16.5234 	41.0578 	-0.677289 	0
0.0502794 	-16.6951 	41.062 	-0.67318 	0
0.0508508 	-16.8668 	41.0661 	-0.669071 	0
0.0514221 	-17.0326 	41.0701 	-0.664712 	0
0.0519935 	-17.1911 	41.074 	-0.660305 	0
0.0525648 	-17.3495 	41.0778 	-0.655899 	0
0.0531362 	-17.5079 	41.0816 	-0.651492 	0
0.0537075 	-17.6664 	41.0855 	-0.647085 	0
0.0542789 	-17.8248 	41.0893 	-0.642679 	0
0.0548503 	-17.9833 	41.0931 	-0.638272 	0
0.0554216 	-18.1417 	41.097 	-0.633865 	0
0.055993 	-18.3002 	41.1008 	-0.629459 	0
0.0565643 	-18.4586 	41.1046 	-0.625052 	0
0.0571357 	-18.6051 	41.1084 	-0.620505 	0
0.057707 	-18.7439 	41.1121 	-0.61601 	0
0.0582784 	-18.8828 	41.1158 	-0.611515 	0
0.0588497 	-19.0216 	41.1196 	-0.607021 	0
0.0594211 	-19.1605 	41.1233 	-0.602526 	0
0.0599925 	-19.2993 	41.127 	-0.598032 	0
0.0605638 	-19.4382 	41.1307 	-0.593537 	0
0.0611352 	-19.577 	41.1344 	-0.589043 	0
0.0617065 	-19.7159 	41.1381 	-0.584548 	0
0.0622779 	-19.8547 	41.1418 	-0.580054 	0
0.0628492 	-19.9936 	41.1456 	-0.575559 	0
0.0634206 	-20.1285 	41.1493 	-0.570893 	0
0.063992 	-20.2516 	41.153 	-0.566181 	0
0.0645633 	-20.3747 	41.1567 	-0.561469 	0
0.0651347 	-20.4978 	41.1604 	-0.556756 	0
0.065706 	-20.621 	41.1641 	-0.552044 	0
0.0662774 	-20.7441 	41.1678 	-0.547332 	0
0.0668487 	-20.8672 	41.1714 	-0.54262 	0
0.0674201 	-20.9903 	41.1751 	-0.537907 	0
0.0679915 	-21.1135 	41.1788 	-0.533195 	0
0.0685628 	-21.2366 	41.1825 	-0.528483 	0
0.0691342 	-21.3597 	41.1862 	-0.523771 	0
0.0697055 	-21.484 	41.1899 	-0.518957 	0
0.0702769 	-21.5952 	41.1938 	-0.513936 	0
0.0708482 	-21.7065 	41.1976 	-0.508914 	0
0.0714196 	-21.8177 	41.2014 	-0.503892 	0
0.071991 	-21.9289 	41.2053 	-0.498871 	0
0.0725623 	-22.0402 	41.2091 	-0.493849 	0
0.0731337 	-22.1514 	41.2129 	-0.488827 	0
0.073705 	-22.2626 	41.2168 	-0.483806 	0
0.0742764 	-22.3738 	41.2206 	-0.478784 	0
0.0748477 	-22.4851 	41.2244 	-0.473762 	0
0.0754191 	-22.5955 	41.2283 	-0.468644 	0
0.0759905 	-22.693 	41.2323 	-0.463502 	0
0.0765618 	-22.7906 	41.2363 	-0.45836 	0
0.0771332 	-22.8882 	41.2402 	-0.453218 	0
0.0777045 	-22.9858 	41.2442 	-0.448076 	0
0.0782759 	-23.0834 	41.2482 	-0.442935 	0
0.0788472 	-23.1809 	41.2522 	-0.437793 	0
0.0794186 	-23.2785 	41.2562 	-0.432651 	0
0.0799899 	-23.3761 	41.2601 	-0.427509 	0
0.0805613 	-23.4684 	41.2643 	-0.422248 	0
0.0811327 	-23.5541 	41.2685 	-0.417009 	0
0.081704 	-23.6398 	41.2728 	-0.41177 	0
0.0822754 	-23.7256 	41.277 	-0.40653 	0
0.0828467 	-23.8113 	41.2813 	-0.401291 	0
0.0834181 	-23.897 	41.2855 	-0.396052 	0
0.0839894 	-23.9827 	41.2898 	-0.390813 	0
0.0845608 	-24.0691 	41.2941 	-0.385515 	0
0.0851322 	-24.1445 	41.2987 	-0.380216 	0
0.0857035 	-24.22 	41.3034 	-0.374916 	0
0.0862749 	-24.2954 	41.3081 	-0.369617 	0
0.0868462 	-24.3708 	41.3128 	-0.364318 	0
0.0874176 	-24.4462 	41.3175 	-0.359019 	0
0.0879889 	-24.5216 	41.3222 	-0.353719 	0
0.0885603 	-24.5936 	41.3272 	-0.348347 	0
0.0891317 	-24.6601 	41.3326 	-0.342996 	0
0.089703 	-24.7266 	41.3379 	-0.337645 	0
0.0902744 	-24.7931 	41.3433 	-0.332294 	0
0.0908457 	-24.8596 	41.3486 	-0.326943 	0
0.0914171 	-24.926 	41.354 	-0.321592 	0
0.0919884 	-24.9873 	41.36 	-0.316177 	0
0.0925598 	-25.0461 	41.3663 	-0.310798 	0
0.0931312 	-25.1048 	41.3725 	-0.305419 	0
0.0937025 	-25.1635 	41.3788 	-0.30004 	0
0.0942739 	-25.2222 	41.3851 	-0.29466 	0
0.0948452 	-25.2763 	41.3922 	-0.289226 	0
0.0954166 	-25.3283 	41.3997 	-0.283822 	0
0.0959879 	-25.3803 	41.4072 	-0.278419 	0
0.0965593 	-25.4322 	41.4147 	-0.273015 	0
0.0971307 	-25.4823 	41.4228 	-0.267575 	0
0.097702 	-25.5284 	41.4318 	-0.262161 	0
0.0982734 	-25.5745 	41.4409 	-0.256748 	0
0.0988447 	-25.6206 	41.4499 	-0.251334 	0
0.0994161 	-25.664 	41.4601 	-0.245888 	0
0.0999874 	-25.705 	41.4711 	-0.240467 	0
0.100559 	-25.746 	41.4821 	-0.235046 	0
0.10113 	-25.786 	41.4937 	-0.2296 	0
0.101702 	-25.8226 	41.5071 	-0.224179 	0
0.102273 	-25.8591 	41.5204 	-0.218758 	0
0.102844 	-25.8944 	41.5347 	-0.213319 	0
0.103416 	-25.9271 	41.5508 	-0.207906 	0
0.103987 	-25.9599 	41.5668 	-0.202494 	0
0.104558 	-25.9899 	41.5855 	-0.197066 	0
0.10513 	-26.0192 	41.6047 	-0.191657 	0
0.105701 	-26.0467 	41.6259 	-0.18626 	0
0.106272 	-26.073 	41.6483 	-0.180895 	0
0.106844 	-26.0973 	41.6428 	-0.175472 	0
0.107415 	-26.1205 	41.6125 	-0.169811 	0
0.107986 	-26.1393 	41.2968 	-0.159647 	0
0.108558 	-26.157 	40.6449 	-0.14396 	0
0.109129 	-26.1742 	39.6218 	-0.123151 	0
0.109701 	-26.1918 	38.2672 	-0.0998853 	0
0.110272 	-26.2088 	36.7448 	-0.0781238 	0
0.110843 	-26.2258 	35.1302 	-0.0585163 	0
0.111415 	-26.2426 	33.4497 	-0.0415668 	0
0.111986 	-26.2593 	31.6087 	-0.0275552 	0
0.112557 	-26.2751 	29.3234 	-0.0158821 	0
0.113129 	-26.2886 	25.7018 	-0.00646103 	0
0.1137 	-26.296 	1.09526e-10 	-1.73231e-15 	0
