0 	-210.21 	0 	0 	0
0.000571357 	-210.084 	-5.77994 	0.109417 	0
0.00114271 	-209.918 	-5.61574 	0.206012 	0
0.00171407 	-209.815 	-5.27936 	0.292092 	0
0.00228543 	-209.772 	-4.8818 	0.368245 	0
0.00285678 	-209.779 	-4.4487 	0.435556 	0
0.00342814 	-209.827 	-3.98528 	0.492909 	0
0.0039995 	-209.905 	-3.49541 	0.540231 	0
0.00457085 	-210.006 	-2.97713 	0.576037 	0
0.00514221 	-210.118 	-2.42879 	0.599192 	0
0.00571357 	-210.23 	-1.84281 	0.607431 	0
0.00628492 	-210.328 	-1.21192 	0.599085 	0
0.00685628 	-210.388 	-0.521518 	0.571661 	0
0.00742764 	-210.382 	0.252906 	0.522434 	0
0.00799899 	-210.257 	1.1649 	0.447746 	0
0.00857035 	-210.041 	2.24639 	0.348501 	0
0.00914171 	-209.834 	3.65184 	0.20853 	0
0.00971307 	-209.628 	5.33032 	0.0289266 	0
0.0102844 	-209.201 	7.28857 	-0.17854 	0
0.0108558 	-208.531 	9.59131 	-0.394385 	0
0.0114271 	-207.765 	12.2593 	-0.600683 	0
0.0119985 	-206.959 	15.295 	-0.785603 	0
0.0125698 	-206.259 	18.0526 	-0.916716 	0
0.0131412 	-205.172 	22.4035 	-1.04894 	0
0.0137126 	-204.193 	26.3956 	-1.1046 	0
0.0142839 	-203.213 	30.1341 	-1.12374 	0
0.0148553 	-202.279 	32.9478 	-1.15893 	0
0.0154266 	-201.298 	35.064 	-1.2048 	0
0.015998 	-200.251 	36.2911 	-1.23595 	0
0.0165693 	-199.191 	37.0152 	-1.25601 	0
0.0171407 	-198.129 	37.6072 	-1.27199 	0
0.0177121 	-197.065 	38.1441 	-1.28576 	0
0.0182834 	-196.002 	38.6336 	-1.29764 	0
0.0188548 	-194.933 	39.0752 	-1.30729 	0
0.0194261 	-193.876 	39.4807 	-1.31556 	0
0.0199975 	-192.824 	39.87 	-1.32322 	0
0.0205688 	-191.772 	40.2159 	-1.32859 	0
0.0211402 	-190.733 	40.5575 	-1.33409 	0
0.0217116 	-189.696 	40.8639 	-1.33767 	0
0.0222829 	-188.67 	41.1711 	-1.34161 	0
0.0228543 	-187.653 	41.445 	-1.34363 	0
0.0234256 	-186.637 	41.7166 	-1.34549 	0
0.023997 	-185.642 	41.9762 	-1.34721 	0
0.0245683 	-184.651 	42.2171 	-1.34765 	0
0.0251397 	-183.663 	42.4582 	-1.34822 	0
0.0257111 	-182.695 	42.6853 	-1.34828 	0
0.0262824 	-181.734 	42.8991 	-1.34731 	0
0.0268538 	-180.772 	43.1129 	-1.34635 	0
0.0274251 	-179.828 	43.321 	-1.34567 	0
0.0279965 	-178.902 	43.5049 	-1.34355 	0
0.0285678 	-177.975 	43.6888 	-1.34143 	0
0.0291392 	-177.052 	43.8729 	-1.3395 	0
0.0297106 	-176.149 	44.0326 	-1.33677 	0
0.0302819 	-175.262 	44.1562 	-1.33224 	0
0.0308533 	-174.376 	44.2798 	-1.3277 	0
0.0314246 	-173.49 	44.4035 	-1.32321 	0
0.031996 	-172.614 	44.5229 	-1.31912 	0
0.0325673 	-171.787 	44.5458 	-1.31121 	0
0.0331387 	-170.96 	44.5686 	-1.3033 	0
0.0337101 	-170.133 	44.5915 	-1.2954 	0
0.0342814 	-169.307 	44.6146 	-1.28764 	0
0.0348528 	-168.49 	44.6357 	-1.28028 	0
0.0354241 	-167.743 	44.6123 	-1.27098 	0
0.0359955 	-166.996 	44.5889 	-1.26168 	0
0.0365668 	-166.249 	44.5655 	-1.25238 	0
0.0371382 	-165.501 	44.5421 	-1.24308 	0
0.0377095 	-164.756 	44.5189 	-1.23419 	0
0.0382809 	-164.038 	44.4984 	-1.22532 	0
0.0388523 	-163.37 	44.4829 	-1.21607 	0
0.0394236 	-162.702 	44.4674 	-1.20683 	0
0.039995 	-162.034 	44.4519 	-1.19758 	0
0.0405663 	-161.366 	44.4364 	-1.18834 	0
0.0411377 	-160.699 	44.4209 	-1.17925 	0
0.041709 	-160.033 	44.4055 	-1.17055 	0
0.0422804 	-159.427 	44.3914 	-1.16145 	0
0.0428518 	-158.838 	44.3779 	-1.15223 	0
0.0434231 	-158.249 	44.3643 	-1.14301 	0
0.0439945 	-157.66 	44.3507 	-1.1338 	0
0.0445658 	-157.071 	44.3371 	-1.12458 	0
0.0451372 	-156.483 	44.3235 	-1.11536 	0
0.0457085 	-155.894 	44.31 	-1.10661 	0
0.0462799 	-155.325 	44.2969 	-1.09777 	0
0.0468513 	-154.815 	44.2854 	-1.08862 	0
0.0474226 	-154.305 	44.2739 	-1.07947 	0
0.047994 	-153.794 	44.2624 	-1.07032 	0
0.0485653 	-153.284 	44.2508 	-1.06117 	0
0.0491367 	-152.774 	44.2393 	-1.05202 	0
0.049708 	-152.263 	44.2278 	-1.04287 	0
0.0502794 	-151.753 	44.2163 	-1.03398 	0
0.0508508 	-151.242 	44.2048 	-1.02523 	0
0.0514221 	-150.779 	44.1945 	-1.01633 	0
0.0519935 	-150.345 	44.185 	-1.00734 	0
0.0525648 	-149.911 	44.1755 	-0.998343 	0
0.0531362 	-149.477 	44.166 	-0.989349 	0
0.0537075 	-149.043 	44.1565 	-0.980355 	0
0.0542789 	-148.609 	44.147 	-0.971361 	0
0.0548503 	-148.175 	44.1375 	-0.962367 	0
0.0554216 	-147.741 	44.128 	-0.953383 	0
0.055993 	-147.306 	44.1184 	-0.944731 	0
0.0565643 	-146.871 	44.1089 	-0.936079 	0
0.0571357 	-146.496 	44.1009 	-0.927469 	0
0.057707 	-146.144 	44.0935 	-0.918875 	0
0.0582784 	-145.791 	44.0862 	-0.91028 	0
0.0588497 	-145.439 	44.0788 	-0.901686 	0
0.0594211 	-145.087 	44.0714 	-0.893092 	0
0.0599925 	-144.735 	44.064 	-0.884497 	0
0.0605638 	-144.382 	44.0566 	-0.875903 	0
0.0611352 	-144.03 	44.0492 	-0.867309 	0
0.0617065 	-143.678 	44.0418 	-0.858721 	0
0.0622779 	-143.324 	44.0344 	-0.850408 	0
0.0628492 	-142.971 	44.027 	-0.842095 	0
0.0634206 	-142.642 	44.0202 	-0.83375 	0
0.063992 	-142.352 	44.0145 	-0.825354 	0
0.0645633 	-142.062 	44.0089 	-0.816959 	0
0.0651347 	-141.772 	44.0032 	-0.808563 	0
0.065706 	-141.481 	43.9975 	-0.800167 	0
0.0662774 	-141.191 	43.9918 	-0.791772 	0
0.0668487 	-140.901 	43.9861 	-0.783376 	0
0.0674201 	-140.611 	43.9804 	-0.774981 	0
0.0679915 	-140.321 	43.9748 	-0.766585 	0
0.0685628 	-140.03 	43.9691 	-0.758353 	0
0.0691342 	-139.739 	43.9633 	-0.750196 	0
0.0697055 	-139.45 	43.9577 	-0.742026 	0
0.0702769 	-139.204 	43.9534 	-0.733589 	0
0.0708482 	-138.958 	43.9491 	-0.725152 	0
0.0714196 	-138.712 	43.9447 	-0.716715 	0
0.071991 	-138.466 	43.9404 	-0.708278 	0
0.0725623 	-138.221 	43.9361 	-0.699841 	0
0.0731337 	-137.975 	43.9318 	-0.691404 	0
0.073705 	-137.729 	43.9275 	-0.682967 	0
0.0742764 	-137.483 	43.9231 	-0.674627 	0
0.0748477 	-137.236 	43.9188 	-0.666403 	0
0.0754191 	-136.995 	43.9146 	-0.658168 	0
0.0759905 	-136.789 	43.9116 	-0.649879 	0
0.0765618 	-136.584 	43.9086 	-0.641589 	0
0.0771332 	-136.378 	43.9056 	-0.633299 	0
0.0777045 	-136.172 	43.9025 	-0.62501 	0
0.0782759 	-135.966 	43.8995 	-0.61672 	0
0.0788472 	-135.76 	43.8965 	-0.60843 	0
0.0794186 	-135.554 	43.8934 	-0.600242 	0
0.0799899 	-135.347 	43.8904 	-0.592143 	0
0.0805613 	-135.157 	43.888 	-0.584 	0
0.0811327 	-134.983 	43.8861 	-0.575819 	0
0.081704 	-134.809 	43.8843 	-0.567637 	0
0.0822754 	-134.635 	43.8825 	-0.559456 	0
0.0828467 	-134.461 	43.8806 	-0.551274 	0
0.0834181 	-134.287 	43.8788 	-0.543093 	0
0.0839894 	-134.112 	43.8769 	-0.535042 	0
0.0845608 	-133.937 	43.8751 	-0.527035 	0
0.0851322 	-133.788 	43.8744 	-0.518944 	0
0.0857035 	-133.639 	43.8737 	-0.510853 	0
0.0862749 	-133.49 	43.873 	-0.502762 	0
0.0868462 	-133.342 	43.8723 	-0.49467 	0
0.0874176 	-133.193 	43.8716 	-0.486579 	0
0.0879889 	-133.043 	43.8709 	-0.478645 	0
0.0885603 	-132.903 	43.8708 	-0.470675 	0
0.0891317 	-132.775 	43.8713 	-0.462651 	0
0.089703 	-132.647 	43.8718 	-0.454627 	0
0.0902744 	-132.52 	43.8723 	-0.446603 	0
0.0908457 	-132.392 	43.8728 	-0.438586 	0
0.0914171 	-132.263 	43.8733 	-0.430716 	0
0.0919884 	-132.147 	43.8748 	-0.422777 	0
0.0925598 	-132.037 	43.8766 	-0.41481 	0
0.0931312 	-131.926 	43.8785 	-0.406843 	0
0.0937025 	-131.816 	43.8803 	-0.398876 	0
0.0942739 	-131.704 	43.8821 	-0.391039 	0
0.0948452 	-131.604 	43.885 	-0.383146 	0
0.0954166 	-131.508 	43.8884 	-0.375223 	0
0.0959879 	-131.412 	43.8917 	-0.367301 	0
0.0965593 	-131.316 	43.8951 	-0.359433 	0
0.0971307 	-131.224 	43.899 	-0.351615 	0
0.097702 	-131.14 	43.9041 	-0.343731 	0
0.0982734 	-131.057 	43.9092 	-0.335847 	0
0.0988447 	-130.973 	43.9142 	-0.328026 	0
0.0994161 	-130.895 	43.9205 	-0.320222 	0
0.0999874 	-130.822 	43.9276 	-0.312373 	0
0.100559 	-130.748 	43.9347 	-0.304527 	0
0.10113 	-130.677 	43.9423 	-0.296787 	0
0.101702 	-130.613 	43.9518 	-0.288963 	0
0.102273 	-130.549 	43.9612 	-0.281144 	0
0.102844 	-130.487 	43.9715 	-0.273419 	0
0.103416 	-130.43 	43.9836 	-0.265631 	0
0.103987 	-130.374 	43.9956 	-0.2579 	0
0.104558 	-130.323 	44.0101 	-0.250142 	0
0.10513 	-130.273 	44.025 	-0.242384 	0
0.105701 	-130.226 	44.0419 	-0.234681 	0
0.106272 	-130.182 	44.06 	-0.22697 	0
0.106844 	-130.141 	44.0804 	-0.219272 	0
0.107415 	-130.102 	44.1018 	-0.211587 	0
0.107986 	-130.067 	44.1264 	-0.203878 	0
0.108558 	-130.034 	44.1531 	-0.196256 	0
0.109129 	-130.004 	44.1823 	-0.188605 	0
0.109701 	-129.976 	44.207 	-0.180943 	0
0.110272 	-129.951 	44.1153 	-0.172331 	0
0.110843 	-129.924 	43.3493 	-0.153057 	0
0.111415 	-129.909 	41.3597 	-0.116408 	0
0.111986 	-129.904 	38.4745 	-0.0778175 	0
0.112557 	-129.912 	35.1386 	-0.0452204 	0
0.113129 	-129.932 	30.5127 	-0.0190139 	0
0.1137 	-129.954 	1.40202e-10 	-5.16897e-15 	0
