0 	-207.252 	0 	0 	0
0.000571357 	-207.168 	-6.64331 	0.0605082 	0
0.00114271 	-207.074 	-6.35646 	0.107244 	0
0.00171407 	-207.028 	-5.9262 	0.146492 	0
0.00228543 	-207.029 	-5.43972 	0.178461 	0
0.00285678 	-207.066 	-4.9145 	0.203651 	0
0.00342814 	-207.133 	-4.35198 	0.221016 	0
0.0039995 	-207.222 	-3.75236 	0.230254 	0
0.00457085 	-207.323 	-3.11065 	0.229929 	0
0.00514221 	-207.426 	-2.42258 	0.219333 	0
0.00571357 	-207.519 	-1.67739 	0.19636 	0
0.00628492 	-207.586 	-0.865625 	0.159952 	0
0.00685628 	-207.61 	0.0277897 	0.108543 	0
0.00742764 	-207.563 	1.02379 	0.040866 	0
0.00799899 	-207.411 	2.18687 	-0.0466301 	0
0.00857035 	-207.174 	3.59709 	-0.156849 	0
0.00914171 	-206.874 	5.37448 	-0.297237 	0
0.00971307 	-206.613 	7.38034 	-0.459186 	0
0.0102844 	-206.369 	9.50893 	-0.637497 	0
0.0108558 	-205.898 	11.7666 	-0.818377 	0
0.0114271 	-205.163 	14.2508 	-0.99231 	0
0.0119985 	-204.3 	17.011 	-1.1473 	0
0.0125698 	-203.539 	19.4779 	-1.25706 	0
0.0131412 	-202.341 	23.3148 	-1.3752 	0
0.0137126 	-201.285 	26.8627 	-1.43976 	0
0.0142839 	-200.2 	30.4228 	-1.47668 	0
0.0148553 	-199.12 	33.4491 	-1.51561 	0
0.0154266 	-197.995 	35.5124 	-1.56255 	0
0.015998 	-196.815 	36.542 	-1.58752 	0
0.0165693 	-195.634 	37.1814 	-1.6002 	0
0.0171407 	-194.453 	37.7416 	-1.60987 	0
0.0177121 	-193.277 	38.2546 	-1.6175 	0
0.0182834 	-192.106 	38.7223 	-1.62319 	0
0.0188548 	-190.942 	39.1466 	-1.62673 	0
0.0194261 	-189.791 	39.5376 	-1.62916 	0
0.0199975 	-188.645 	39.9134 	-1.63098 	0
0.0205688 	-187.517 	40.2488 	-1.63071 	0
0.0211402 	-186.394 	40.58 	-1.63064 	0
0.0217116 	-185.291 	40.8782 	-1.62888 	0
0.0222829 	-184.19 	41.177 	-1.62747 	0
0.0228543 	-183.116 	41.4445 	-1.62448 	0
0.0234256 	-182.044 	41.7098 	-1.62131 	0
0.023997 	-180.989 	41.9635 	-1.61817 	0
0.0245683 	-179.953 	42.1997 	-1.61395 	0
0.0251397 	-178.917 	42.4358 	-1.60973 	0
0.0257111 	-177.903 	42.6587 	-1.60545 	0
0.0262824 	-176.907 	42.8687 	-1.60021 	0
0.0268538 	-175.911 	43.0787 	-1.59496 	0
0.0274251 	-174.925 	43.2826 	-1.59004 	0
0.0279965 	-173.975 	43.4617 	-1.58394 	0
0.0285678 	-173.024 	43.6409 	-1.57784 	0
0.0291392 	-172.074 	43.82 	-1.57176 	0
0.0297106 	-171.144 	43.9739 	-1.56521 	0
0.0302819 	-170.243 	44.0903 	-1.55675 	0
0.0308533 	-169.342 	44.2066 	-1.54829 	0
0.0314246 	-168.442 	44.323 	-1.53983 	0
0.031996 	-167.544 	44.435 	-1.5318 	0
0.0325673 	-166.712 	44.4525 	-1.52003 	0
0.0331387 	-165.881 	44.4701 	-1.50826 	0
0.0337101 	-165.049 	44.4876 	-1.4965 	0
0.0342814 	-164.217 	44.5051 	-1.48473 	0
0.0348528 	-163.389 	44.521 	-1.47357 	0
0.0354241 	-162.645 	44.4967 	-1.46082 	0
0.0359955 	-161.9 	44.4724 	-1.44806 	0
0.0365668 	-161.156 	44.4481 	-1.4353 	0
0.0371382 	-160.412 	44.4239 	-1.42254 	0
0.0377095 	-159.666 	44.3996 	-1.40997 	0
0.0382809 	-158.948 	44.3785 	-1.39789 	0
0.0388523 	-158.288 	44.3635 	-1.38568 	0
0.0394236 	-157.628 	44.3484 	-1.37348 	0
0.039995 	-156.968 	44.3334 	-1.36128 	0
0.0405663 	-156.308 	44.3183 	-1.34907 	0
0.0411377 	-155.648 	44.3033 	-1.33687 	0
0.041709 	-154.984 	44.2881 	-1.32518 	0
0.0422804 	-154.387 	44.2744 	-1.31346 	0
0.0428518 	-153.81 	44.2612 	-1.30169 	0
0.0434231 	-153.232 	44.2479 	-1.28992 	0
0.0439945 	-152.655 	44.2347 	-1.27816 	0
0.0445658 	-152.077 	44.2215 	-1.26639 	0
0.0451372 	-151.5 	44.2082 	-1.25462 	0
0.0457085 	-150.921 	44.1949 	-1.2431 	0
0.0462799 	-150.359 	44.1821 	-1.23185 	0
0.0468513 	-149.862 	44.171 	-1.22053 	0
0.0474226 	-149.365 	44.1598 	-1.20921 	0
0.047994 	-148.868 	44.1487 	-1.19788 	0
0.0485653 	-148.371 	44.1375 	-1.18656 	0
0.0491367 	-147.874 	44.1264 	-1.17524 	0
0.049708 	-147.377 	44.1152 	-1.16392 	0
0.0502794 	-146.88 	44.1041 	-1.1526 	0
0.0508508 	-146.379 	44.0928 	-1.14173 	0
0.0514221 	-145.928 	44.0829 	-1.1309 	0
0.0519935 	-145.508 	44.0738 	-1.12007 	0
0.0525648 	-145.088 	44.0646 	-1.10925 	0
0.0531362 	-144.667 	44.0555 	-1.09843 	0
0.0537075 	-144.247 	44.0463 	-1.08761 	0
0.0542789 	-143.827 	44.0372 	-1.07679 	0
0.0548503 	-143.407 	44.028 	-1.06597 	0
0.0554216 	-142.987 	44.0189 	-1.05514 	0
0.055993 	-142.566 	44.0097 	-1.04444 	0
0.0565643 	-142.142 	44.0005 	-1.034 	0
0.0571357 	-141.779 	43.9928 	-1.02382 	0
0.057707 	-141.44 	43.9857 	-1.01373 	0
0.0582784 	-141.101 	43.9787 	-1.00365 	0
0.0588497 	-140.762 	43.9716 	-0.993564 	0
0.0594211 	-140.423 	43.9646 	-0.98348 	0
0.0599925 	-140.084 	43.9575 	-0.973395 	0
0.0605638 	-139.744 	43.9504 	-0.96331 	0
0.0611352 	-139.405 	43.9434 	-0.953225 	0
0.0617065 	-139.066 	43.9363 	-0.943141 	0
0.0622779 	-138.726 	43.9292 	-0.933121 	0
0.0628492 	-138.383 	43.9221 	-0.923344 	0
0.0634206 	-138.066 	43.9156 	-0.913615 	0
0.063992 	-137.788 	43.9102 	-0.903963 	0
0.0645633 	-137.51 	43.9048 	-0.894311 	0
0.0651347 	-137.232 	43.8995 	-0.884658 	0
0.065706 	-136.953 	43.8941 	-0.875006 	0
0.0662774 	-136.675 	43.8887 	-0.865354 	0
0.0668487 	-136.397 	43.8833 	-0.855702 	0
0.0674201 	-136.119 	43.8779 	-0.846049 	0
0.0679915 	-135.841 	43.8725 	-0.836397 	0
0.0685628 	-135.563 	43.8671 	-0.826745 	0
0.0691342 	-135.282 	43.8617 	-0.817318 	0
0.0697055 	-135.003 	43.8563 	-0.807917 	0
0.0702769 	-134.768 	43.8522 	-0.798364 	0
0.0708482 	-134.534 	43.8482 	-0.788812 	0
0.0714196 	-134.299 	43.8441 	-0.779259 	0
0.071991 	-134.064 	43.84 	-0.769706 	0
0.0725623 	-133.829 	43.836 	-0.760154 	0
0.0731337 	-133.594 	43.8319 	-0.750601 	0
0.073705 	-133.359 	43.8279 	-0.741048 	0
0.0742764 	-133.124 	43.8238 	-0.731496 	0
0.0748477 	-132.887 	43.8197 	-0.722114 	0
0.0754191 	-132.656 	43.8158 	-0.712797 	0
0.0759905 	-132.46 	43.813 	-0.703513 	0
0.0765618 	-132.264 	43.8102 	-0.69423 	0
0.0771332 	-132.068 	43.8074 	-0.684947 	0
0.0777045 	-131.871 	43.8046 	-0.675664 	0
0.0782759 	-131.675 	43.8018 	-0.66638 	0
0.0788472 	-131.479 	43.799 	-0.657097 	0
0.0794186 	-131.283 	43.7963 	-0.647814 	0
0.0799899 	-131.084 	43.7934 	-0.638717 	0
0.0805613 	-130.903 	43.7912 	-0.629632 	0
0.0811327 	-130.737 	43.7896 	-0.620542 	0
0.081704 	-130.571 	43.7879 	-0.611452 	0
0.0822754 	-130.405 	43.7863 	-0.602362 	0
0.0828467 	-130.24 	43.7846 	-0.593272 	0
0.0834181 	-130.074 	43.783 	-0.584182 	0
0.0839894 	-129.908 	43.7814 	-0.575132 	0
0.0845608 	-129.74 	43.7797 	-0.566227 	0
0.0851322 	-129.598 	43.7792 	-0.55729 	0
0.0857035 	-129.457 	43.7787 	-0.548353 	0
0.0862749 	-129.315 	43.7782 	-0.539415 	0
0.0868462 	-129.174 	43.7777 	-0.530478 	0
0.0874176 	-129.032 	43.7772 	-0.521541 	0
0.0879889 	-128.89 	43.7766 	-0.512689 	0
0.0885603 	-128.756 	43.7766 	-0.503898 	0
0.0891317 	-128.635 	43.7773 	-0.495072 	0
0.089703 	-128.513 	43.778 	-0.486247 	0
0.0902744 	-128.392 	43.7787 	-0.477422 	0
0.0908457 	-128.27 	43.7793 	-0.468597 	0
0.0914171 	-128.147 	43.78 	-0.459876 	0
0.0919884 	-128.037 	43.7816 	-0.451162 	0
0.0925598 	-127.932 	43.7836 	-0.442428 	0
0.0931312 	-127.827 	43.7856 	-0.433693 	0
0.0937025 	-127.722 	43.7876 	-0.424959 	0
0.0942739 	-127.616 	43.7895 	-0.416307 	0
0.0948452 	-127.521 	43.7926 	-0.407667 	0
0.0954166 	-127.43 	43.7961 	-0.399003 	0
0.0959879 	-127.338 	43.7995 	-0.390339 	0
0.0965593 	-127.247 	43.803 	-0.381685 	0
0.0971307 	-127.159 	43.8071 	-0.373138 	0
0.097702 	-127.08 	43.8123 	-0.364531 	0
0.0982734 	-127 	43.8175 	-0.355924 	0
0.0988447 	-126.921 	43.8227 	-0.347343 	0
0.0994161 	-126.846 	43.8291 	-0.338829 	0
0.0999874 	-126.777 	43.8363 	-0.330273 	0
0.100559 	-126.707 	43.8435 	-0.321718 	0
0.10113 	-126.639 	43.8513 	-0.313248 	0
0.101702 	-126.578 	43.8609 	-0.304728 	0
0.102273 	-126.517 	43.8704 	-0.296208 	0
0.102844 	-126.458 	43.8809 	-0.28777 	0
0.103416 	-126.404 	43.8931 	-0.279295 	0
0.103987 	-126.35 	43.9053 	-0.270854 	0
0.104558 	-126.301 	43.9199 	-0.262419 	0
0.10513 	-126.254 	43.9349 	-0.253964 	0
0.105701 	-126.209 	43.952 	-0.245582 	0
0.106272 	-126.167 	43.9702 	-0.23717 	0
0.106844 	-126.128 	43.9907 	-0.228814 	0
0.107415 	-126.09 	44.0123 	-0.220462 	0
0.107986 	-126.057 	44.0371 	-0.212052 	0
0.108558 	-126.025 	44.064 	-0.203766 	0
0.109129 	-125.996 	44.0931 	-0.195475 	0
0.109701 	-125.969 	44.1101 	-0.187063 	0
0.110272 	-125.944 	43.9537 	-0.176921 	0
0.110843 	-125.919 	43.0104 	-0.154205 	0
0.111415 	-125.903 	40.9152 	-0.115836 	0
0.111986 	-125.9 	38.0761 	-0.0776403 	0
0.112557 	-125.908 	34.8145 	-0.0455171 	0
0.113129 	-125.929 	30.2493 	-0.019239 	0
0.1137 	-125.95 	1.32444e-10 	-4.96617e-15 	0
