0 	-198.361 	0 	0 	0
0.000571357 	-198.35 	-6.97046 	0.0198731 	0
0.00114271 	-198.371 	-6.59482 	0.0246966 	0
0.00171407 	-198.424 	-6.0955 	0.0238161 	0
0.00228543 	-198.504 	-5.54104 	0.0168543 	0
0.00285678 	-198.601 	-4.94494 	0.00517013 	0
0.00342814 	-198.712 	-4.30328 	-0.0134053 	0
0.0039995 	-198.828 	-3.6159 	-0.0381409 	0
0.00457085 	-198.943 	-2.87641 	-0.0703355 	0
0.00514221 	-199.048 	-2.07382 	-0.111852 	0
0.00571357 	-199.131 	-1.20044 	-0.163177 	0
0.00628492 	-199.182 	-0.246452 	-0.225078 	0
0.00685628 	-199.186 	0.801345 	-0.298609 	0
0.00742764 	-199.108 	1.96644 	-0.384709 	0
0.00799899 	-198.927 	3.3637 	-0.489755 	0
0.00857035 	-198.661 	5.02903 	-0.613061 	0
0.00914171 	-198.328 	7.00224 	-0.75371 	0
0.00971307 	-198.004 	9.14265 	-0.903331 	0
0.0102844 	-197.732 	11.3672 	-1.05927 	0
0.0108558 	-197.408 	13.6145 	-1.21647 	0
0.0114271 	-196.846 	15.9541 	-1.3687 	0
0.0119985 	-196.066 	18.4866 	-1.50825 	0
0.0125698 	-195.338 	20.7292 	-1.60888 	0
0.0131412 	-194.147 	24.1979 	-1.72067 	0
0.0137126 	-193.112 	27.4507 	-1.7889 	0
0.0142839 	-192.055 	30.8484 	-1.838 	0
0.0148553 	-190.98 	33.9825 	-1.88728 	0
0.0154266 	-189.854 	35.8863 	-1.93064 	0
0.015998 	-188.701 	36.6869 	-1.94339 	0
0.0165693 	-187.55 	37.2618 	-1.94765 	0
0.0171407 	-186.401 	37.7977 	-1.95024 	0
0.0177121 	-185.259 	38.2874 	-1.95059 	0
0.0182834 	-184.116 	38.7355 	-1.94946 	0
0.0188548 	-182.987 	39.1452 	-1.94646 	0
0.0194261 	-181.876 	39.5227 	-1.94181 	0
0.0199975 	-180.757 	39.8875 	-1.93741 	0
0.0205688 	-179.673 	40.2141 	-1.93074 	0
0.0211402 	-178.58 	40.537 	-1.92463 	0
0.0217116 	-177.522 	40.8288 	-1.91679 	0
0.0222829 	-176.45 	41.1215 	-1.90984 	0
0.0228543 	-175.427 	41.384 	-1.90077 	0
0.0234256 	-174.386 	41.6452 	-1.89277 	0
0.023997 	-173.37 	41.8946 	-1.88401 	0
0.0245683 	-172.379 	42.1276 	-1.87461 	0
0.0251397 	-171.376 	42.361 	-1.86594 	0
0.0257111 	-170.405 	42.5807 	-1.85639 	0
0.0262824 	-169.456 	42.7881 	-1.84637 	0
0.0268538 	-168.494 	42.9959 	-1.83706 	0
0.0274251 	-167.545 	43.1967 	-1.82744 	0
0.0279965 	-166.648 	43.3713 	-1.8166 	0
0.0285678 	-165.736 	43.5467 	-1.80657 	0
0.0291392 	-164.821 	43.7221 	-1.7967 	0
0.0297106 	-163.934 	43.8702 	-1.78551 	0
0.0302819 	-163.087 	43.9788 	-1.77242 	0
0.0308533 	-162.226 	44.0887 	-1.76011 	0
0.0314246 	-161.362 	44.1989 	-1.74797 	0
0.031996 	-160.503 	44.3038 	-1.73561 	0
0.0325673 	-159.726 	44.3162 	-1.71941 	0
0.0331387 	-158.944 	44.3288 	-1.70341 	0
0.0337101 	-158.15 	44.3421 	-1.68812 	0
0.0342814 	-157.356 	44.3555 	-1.67282 	0
0.0348528 	-156.568 	44.3666 	-1.65744 	0
0.0354241 	-155.875 	44.3424 	-1.64082 	0
0.0359955 	-155.183 	44.3183 	-1.6242 	0
0.0365668 	-154.475 	44.2941 	-1.60834 	0
0.0371382 	-153.768 	44.2698 	-1.5925 	0
0.0377095 	-153.06 	44.2455 	-1.57666 	0
0.0382809 	-152.384 	44.2248 	-1.56094 	0
0.0388523 	-151.772 	44.2112 	-1.54549 	0
0.0394236 	-151.16 	44.1976 	-1.53003 	0
0.039995 	-150.535 	44.1836 	-1.51519 	0
0.0405663 	-149.91 	44.1697 	-1.50039 	0
0.0411377 	-149.284 	44.1557 	-1.48559 	0
0.041709 	-148.659 	44.1417 	-1.47079 	0
0.0422804 	-148.104 	44.1291 	-1.45619 	0
0.0428518 	-147.571 	44.1169 	-1.44165 	0
0.0434231 	-147.037 	44.1048 	-1.42713 	0
0.0439945 	-146.492 	44.0923 	-1.41315 	0
0.0445658 	-145.947 	44.0799 	-1.39917 	0
0.0451372 	-145.401 	44.0674 	-1.38519 	0
0.0457085 	-144.856 	44.055 	-1.37121 	0
0.0462799 	-144.332 	44.0431 	-1.35731 	0
0.0468513 	-143.875 	44.0329 	-1.34365 	0
0.0474226 	-143.417 	44.0227 	-1.33 	0
0.047994 	-142.958 	44.0125 	-1.31639 	0
0.0485653 	-142.49 	44.0021 	-1.30321 	0
0.0491367 	-142.022 	43.9917 	-1.29002 	0
0.049708 	-141.555 	43.9812 	-1.27684 	0
0.0502794 	-141.087 	43.9708 	-1.26365 	0
0.0508508 	-140.619 	43.9604 	-1.25047 	0
0.0514221 	-140.202 	43.9512 	-1.23754 	0
0.0519935 	-139.816 	43.9429 	-1.22478 	0
0.0525648 	-139.431 	43.9346 	-1.21201 	0
0.0531362 	-139.045 	43.9263 	-1.19925 	0
0.0537075 	-138.651 	43.9178 	-1.18688 	0
0.0542789 	-138.256 	43.9093 	-1.17451 	0
0.0548503 	-137.862 	43.9007 	-1.16213 	0
0.0554216 	-137.468 	43.8922 	-1.14976 	0
0.055993 	-137.073 	43.8837 	-1.13738 	0
0.0565643 	-136.679 	43.8752 	-1.12501 	0
0.0571357 	-136.345 	43.8682 	-1.11316 	0
0.057707 	-136.035 	43.8618 	-1.1015 	0
0.0582784 	-135.725 	43.8555 	-1.08985 	0
0.0588497 	-135.414 	43.8491 	-1.0782 	0
0.0594211 	-135.1 	43.8426 	-1.06673 	0
0.0599925 	-134.782 	43.8361 	-1.05539 	0
0.0605638 	-134.464 	43.8295 	-1.04405 	0
0.0611352 	-134.147 	43.823 	-1.03271 	0
0.0617065 	-133.829 	43.8164 	-1.02137 	0
0.0622779 	-133.512 	43.8099 	-1.01003 	0
0.0628492 	-133.194 	43.8033 	-0.998689 	0
0.0634206 	-132.901 	43.7974 	-0.987493 	0
0.063992 	-132.647 	43.7926 	-0.976527 	0
0.0645633 	-132.393 	43.7878 	-0.965561 	0
0.0651347 	-132.139 	43.783 	-0.954595 	0
0.065706 	-131.884 	43.7781 	-0.943694 	0
0.0662774 	-131.624 	43.7732 	-0.932991 	0
0.0668487 	-131.364 	43.7682 	-0.922288 	0
0.0674201 	-131.104 	43.7632 	-0.911585 	0
0.0679915 	-130.844 	43.7583 	-0.900882 	0
0.0685628 	-130.584 	43.7533 	-0.890179 	0
0.0691342 	-130.324 	43.7484 	-0.879476 	0
0.0697055 	-130.066 	43.7435 	-0.868772 	0
0.0702769 	-129.852 	43.7399 	-0.858059 	0
0.0708482 	-129.638 	43.7363 	-0.847345 	0
0.0714196 	-129.423 	43.7327 	-0.836632 	0
0.071991 	-129.207 	43.7291 	-0.82602 	0
0.0725623 	-128.988 	43.7254 	-0.815539 	0
0.0731337 	-128.768 	43.7217 	-0.805058 	0
0.073705 	-128.549 	43.7181 	-0.794577 	0
0.0742764 	-128.33 	43.7144 	-0.784096 	0
0.0748477 	-128.111 	43.7107 	-0.773615 	0
0.0754191 	-127.898 	43.7072 	-0.76316 	0
0.0759905 	-127.719 	43.7048 	-0.752847 	0
0.0765618 	-127.54 	43.7024 	-0.742534 	0
0.0771332 	-127.361 	43.7 	-0.732222 	0
0.0777045 	-127.178 	43.6976 	-0.722115 	0
0.0782759 	-126.995 	43.6951 	-0.712008 	0
0.0788472 	-126.812 	43.6926 	-0.7019 	0
0.0794186 	-126.629 	43.6901 	-0.691793 	0
0.0799899 	-126.446 	43.6876 	-0.681686 	0
0.0805613 	-126.28 	43.6858 	-0.67162 	0
0.0811327 	-126.128 	43.6845 	-0.661591 	0
0.081704 	-125.977 	43.6832 	-0.651562 	0
0.0822754 	-125.824 	43.6818 	-0.64168 	0
0.0828467 	-125.669 	43.6805 	-0.631838 	0
0.0834181 	-125.514 	43.6791 	-0.621997 	0
0.0839894 	-125.36 	43.6777 	-0.612156 	0
0.0845608 	-125.205 	43.6764 	-0.602315 	0
0.0851322 	-125.076 	43.6762 	-0.592504 	0
0.0857035 	-124.948 	43.676 	-0.582694 	0
0.0862749 	-124.817 	43.6757 	-0.57299 	0
0.0868462 	-124.685 	43.6754 	-0.563354 	0
0.0874176 	-124.553 	43.6752 	-0.553718 	0
0.0879889 	-124.421 	43.6749 	-0.544082 	0
0.0885603 	-124.299 	43.6752 	-0.53444 	0
0.0891317 	-124.188 	43.6761 	-0.52479 	0
0.089703 	-124.076 	43.677 	-0.515197 	0
0.0902744 	-123.963 	43.6779 	-0.505712 	0
0.0908457 	-123.85 	43.6788 	-0.496227 	0
0.0914171 	-123.736 	43.6797 	-0.486742 	0
0.0919884 	-123.636 	43.6815 	-0.477229 	0
0.0925598 	-123.54 	43.6837 	-0.467705 	0
0.0931312 	-123.442 	43.6859 	-0.458322 	0
0.0937025 	-123.344 	43.6881 	-0.448956 	0
0.0942739 	-123.246 	43.6903 	-0.439591 	0
0.0948452 	-123.159 	43.6935 	-0.430181 	0
0.0954166 	-123.076 	43.6972 	-0.420775 	0
0.0959879 	-122.991 	43.7009 	-0.411502 	0
0.0965593 	-122.906 	43.7045 	-0.402228 	0
0.0971307 	-122.825 	43.7088 	-0.392927 	0
0.097702 	-122.753 	43.7142 	-0.383578 	0
0.0982734 	-122.679 	43.7196 	-0.374375 	0
0.0988447 	-122.604 	43.7249 	-0.365174 	0
0.0994161 	-122.536 	43.7315 	-0.355928 	0
0.0999874 	-122.472 	43.7389 	-0.346698 	0
0.100559 	-122.407 	43.7463 	-0.337562 	0
0.10113 	-122.345 	43.7542 	-0.328402 	0
0.101702 	-122.288 	43.764 	-0.319197 	0
0.102273 	-122.231 	43.7737 	-0.310107 	0
0.102844 	-122.177 	43.7843 	-0.300984 	0
0.103416 	-122.127 	43.7967 	-0.291865 	0
0.103987 	-122.077 	43.809 	-0.282826 	0
0.104558 	-122.032 	43.8238 	-0.273703 	0
0.10513 	-121.988 	43.839 	-0.264696 	0
0.105701 	-121.947 	43.8562 	-0.255619 	0
0.106272 	-121.907 	43.8746 	-0.246633 	0
0.106844 	-121.871 	43.8953 	-0.237615 	0
0.107415 	-121.836 	43.9171 	-0.228686 	0
0.107986 	-121.805 	43.942 	-0.219655 	0
0.108558 	-121.776 	43.9692 	-0.210716 	0
0.109129 	-121.749 	43.9976 	-0.201851 	0
0.109701 	-121.723 	44.0004 	-0.192744 	0
0.110272 	-121.698 	43.7592 	-0.180637 	0
0.110843 	-121.676 	42.6464 	-0.15462 	0
0.111415 	-121.663 	40.4781 	-0.115267 	0
0.111986 	-121.66 	37.6897 	-0.0775185 	0
0.112557 	-121.67 	34.4974 	-0.0457483 	0
0.113129 	-121.691 	29.9881 	-0.0194056 	0
0.1137 	-121.713 	1.30587e-10 	-4.97011e-15 	0
