0 	-48.453 	0 	0 	0
0.000571357 	-48.832 	0.975362 	-0.104619 	0
0.00114271 	-49.436 	1.68034 	-0.228722 	0
0.00171407 	-49.9947 	2.37657 	-0.354147 	0
0.00228543 	-50.4716 	3.1049 	-0.479611 	0
0.00285678 	-50.8697 	3.87848 	-0.604777 	0
0.00342814 	-51.1974 	4.70745 	-0.729385 	0
0.0039995 	-51.4683 	5.59731 	-0.852986 	0
0.00457085 	-51.6936 	6.5552 	-0.975577 	0
0.00514221 	-51.8845 	7.58586 	-1.0962 	0
0.00571357 	-52.0516 	8.69567 	-1.21519 	0
0.00628492 	-52.1968 	9.88699 	-1.33188 	0
0.00685628 	-52.2549 	11.1764 	-1.44508 	0
0.00742764 	-52.2408 	12.611 	-1.55444 	0
0.00799899 	-52.2889 	14.1939 	-1.65714 	0
0.00857035 	-52.3996 	15.8824 	-1.75446 	0
0.00914171 	-52.5606 	17.6714 	-1.84636 	0
0.00971307 	-52.7661 	19.5209 	-1.93319 	0
0.0102844 	-53.0351 	21.3933 	-2.01328 	0
0.0108558 	-53.3603 	23.2472 	-2.08805 	0
0.0114271 	-53.7171 	25.055 	-2.1565 	0
0.0119985 	-54.0856 	26.8735 	-2.21899 	0
0.0125698 	-54.4034 	28.4585 	-2.26783 	0
0.0131412 	-54.9782 	30.8817 	-2.33376 	0
0.0137126 	-55.4958 	33.0094 	-2.38346 	0
0.0142839 	-56.0353 	34.7414 	-2.41622 	0
0.0148553 	-56.5747 	35.3691 	-2.42238 	0
0.0154266 	-57.1118 	35.828 	-2.42354 	0
0.015998 	-57.6401 	36.2269 	-2.42103 	0
0.0165693 	-58.1626 	36.6374 	-2.41947 	0
0.0171407 	-58.6794 	37.0217 	-2.4162 	0
0.0177121 	-59.1902 	37.3806 	-2.41151 	0
0.0182834 	-59.6956 	37.7257 	-2.40621 	0
0.0188548 	-60.185 	38.0553 	-2.39951 	0
0.0194261 	-60.6749 	38.3681 	-2.39254 	0
0.0199975 	-61.1549 	38.675 	-2.38487 	0
0.0205688 	-61.6259 	38.9621 	-2.37656 	0
0.0211402 	-62.096 	39.2465 	-2.36817 	0
0.0217116 	-62.5474 	39.5132 	-2.35874 	0
0.0222829 	-62.9942 	39.7803 	-2.34909 	0
0.0228543 	-63.4402 	40.0273 	-2.33947 	0
0.0234256 	-63.8683 	40.2741 	-2.32903 	0
0.023997 	-64.3077 	40.5097 	-2.31909 	0
0.0245683 	-64.715 	40.733 	-2.30787 	0
0.0251397 	-65.1222 	40.9563 	-2.29666 	0
0.0257111 	-65.5407 	41.159 	-2.28556 	0
0.0262824 	-65.9241 	41.3479 	-2.27296 	0
0.0268538 	-66.3075 	41.5368 	-2.26035 	0
0.0274251 	-66.7021 	41.7114 	-2.24778 	0
0.0279965 	-67.0692 	41.8418 	-2.23312 	0
0.0285678 	-67.4253 	41.9738 	-2.21813 	0
0.0291392 	-67.7814 	42.1058 	-2.20314 	0
0.0297106 	-68.1561 	42.202 	-2.1876 	0
0.0302819 	-68.4796 	42.2559 	-2.16886 	0
0.0308533 	-68.803 	42.3099 	-2.15011 	0
0.0314246 	-69.1264 	42.3639 	-2.13136 	0
0.031996 	-69.452 	42.4145 	-2.11265 	0
0.0325673 	-69.7695 	42.4084 	-2.09278 	0
0.0331387 	-70.0554 	42.4031 	-2.07183 	0
0.0337101 	-70.3413 	42.3978 	-2.05087 	0
0.0342814 	-70.6272 	42.3924 	-2.02992 	0
0.0348528 	-70.9154 	42.3874 	-2.0092 	0
0.0354241 	-71.1976 	42.385 	-1.9906 	0
0.0359955 	-71.4449 	42.3814 	-1.97082 	0
0.0365668 	-71.6921 	42.3778 	-1.95103 	0
0.0371382 	-71.9394 	42.3742 	-1.93124 	0
0.0377095 	-72.1867 	42.3706 	-1.91146 	0
0.0382809 	-72.446 	42.3715 	-1.89287 	0
0.0388523 	-72.6752 	42.3799 	-1.87502 	0
0.0394236 	-72.8855 	42.3878 	-1.85661 	0
0.039995 	-73.0958 	42.3957 	-1.8382 	0
0.0405663 	-73.3061 	42.4035 	-1.81979 	0
0.0411377 	-73.5163 	42.4114 	-1.80138 	0
0.041709 	-73.7266 	42.4193 	-1.78297 	0
0.0422804 	-73.9563 	42.4248 	-1.76639 	0
0.0428518 	-74.1316 	42.4284 	-1.74873 	0
0.0434231 	-74.3069 	42.432 	-1.73107 	0
0.0439945 	-74.4821 	42.4357 	-1.71341 	0
0.0445658 	-74.6574 	42.4393 	-1.69576 	0
0.0451372 	-74.8326 	42.4429 	-1.6781 	0
0.0457085 	-75.0079 	42.4465 	-1.66044 	0
0.0462799 	-75.1903 	42.4505 	-1.64341 	0
0.0468513 	-75.3658 	42.4548 	-1.62758 	0
0.0474226 	-75.5079 	42.4584 	-1.61093 	0
0.047994 	-75.65 	42.4619 	-1.59428 	0
0.0485653 	-75.7921 	42.4655 	-1.57764 	0
0.0491367 	-75.9343 	42.4691 	-1.56099 	0
0.049708 	-76.0764 	42.4726 	-1.54435 	0
0.0502794 	-76.2185 	42.4762 	-1.5277 	0
0.0508508 	-76.3607 	42.4798 	-1.51105 	0
0.0514221 	-76.5185 	42.4838 	-1.49578 	0
0.0519935 	-76.6461 	42.4872 	-1.48047 	0
0.0525648 	-76.7582 	42.4903 	-1.46482 	0
0.0531362 	-76.8704 	42.4933 	-1.44917 	0
0.0537075 	-76.9825 	42.4964 	-1.43352 	0
0.0542789 	-77.0947 	42.4994 	-1.41787 	0
0.0548503 	-77.2069 	42.5025 	-1.40222 	0
0.0554216 	-77.319 	42.5056 	-1.38657 	0
0.055993 	-77.4312 	42.5086 	-1.37092 	0
0.0565643 	-77.5434 	42.5117 	-1.35526 	0
0.0571357 	-77.6686 	42.5152 	-1.34131 	0
0.057707 	-77.7663 	42.5182 	-1.32735 	0
0.0582784 	-77.85 	42.5208 	-1.3131 	0
0.0588497 	-77.9337 	42.5234 	-1.29884 	0
0.0594211 	-78.0173 	42.5261 	-1.28459 	0
0.0599925 	-78.101 	42.5287 	-1.27034 	0
0.0605638 	-78.1847 	42.5313 	-1.25609 	0
0.0611352 	-78.2683 	42.5339 	-1.24184 	0
0.0617065 	-78.352 	42.5366 	-1.22759 	0
0.0622779 	-78.4356 	42.5392 	-1.21334 	0
0.0628492 	-78.5193 	42.5418 	-1.19909 	0
0.0634206 	-78.6104 	42.5447 	-1.18546 	0
0.063992 	-78.6993 	42.5478 	-1.17254 	0
0.0645633 	-78.7627 	42.5502 	-1.15914 	0
0.0651347 	-78.8261 	42.5526 	-1.14575 	0
0.065706 	-78.8896 	42.5551 	-1.13235 	0
0.0662774 	-78.953 	42.5575 	-1.11896 	0
0.0668487 	-79.0164 	42.5599 	-1.10556 	0
0.0674201 	-79.0799 	42.5624 	-1.09217 	0
0.0679915 	-79.1433 	42.5648 	-1.07877 	0
0.0685628 	-79.2067 	42.5673 	-1.06538 	0
0.0691342 	-79.2702 	42.5697 	-1.05198 	0
0.0697055 	-79.3346 	42.5722 	-1.03863 	0
0.0702769 	-79.414 	42.5753 	-1.02604 	0
0.0708482 	-79.4641 	42.5778 	-1.01292 	0
0.0714196 	-79.5143 	42.5803 	-0.99981 	0
0.071991 	-79.5644 	42.5828 	-0.986698 	0
0.0725623 	-79.6146 	42.5853 	-0.973586 	0
0.0731337 	-79.6647 	42.5878 	-0.960473 	0
0.073705 	-79.7148 	42.5903 	-0.947361 	0
0.0742764 	-79.765 	42.5928 	-0.934248 	0
0.0748477 	-79.8151 	42.5953 	-0.921136 	0
0.0754191 	-79.8682 	42.5979 	-0.908183 	0
0.0759905 	-79.926 	42.601 	-0.895907 	0
0.0765618 	-79.9655 	42.6036 	-0.883313 	0
0.0771332 	-80.005 	42.6063 	-0.870718 	0
0.0777045 	-80.0445 	42.6089 	-0.858123 	0
0.0782759 	-80.084 	42.6116 	-0.845528 	0
0.0788472 	-80.1235 	42.6142 	-0.832933 	0
0.0794186 	-80.163 	42.6168 	-0.820338 	0
0.0799899 	-80.2025 	42.6195 	-0.807744 	0
0.0805613 	-80.2512 	42.6226 	-0.795578 	0
0.0811327 	-80.2869 	42.6257 	-0.783425 	0
0.081704 	-80.3188 	42.6286 	-0.771204 	0
0.0822754 	-80.3507 	42.6316 	-0.758984 	0
0.0828467 	-80.3825 	42.6345 	-0.746764 	0
0.0834181 	-80.4144 	42.6375 	-0.734543 	0
0.0839894 	-80.4463 	42.6405 	-0.722323 	0
0.0845608 	-80.4782 	42.6434 	-0.710104 	0
0.0851322 	-80.5172 	42.6472 	-0.698407 	0
0.0857035 	-80.5434 	42.6506 	-0.68648 	0
0.0862749 	-80.5696 	42.654 	-0.674553 	0
0.0868462 	-80.5958 	42.6575 	-0.662627 	0
0.0874176 	-80.6219 	42.6609 	-0.6507 	0
0.0879889 	-80.6481 	42.6644 	-0.638773 	0
0.0885603 	-80.6806 	42.6683 	-0.627095 	0
0.0891317 	-80.704 	42.6725 	-0.615413 	0
0.089703 	-80.7259 	42.6766 	-0.603703 	0
0.0902744 	-80.7477 	42.6807 	-0.591993 	0
0.0908457 	-80.7696 	42.6848 	-0.580282 	0
0.0914171 	-80.7915 	42.6889 	-0.568572 	0
0.0919884 	-80.8183 	42.6939 	-0.557133 	0
0.0925598 	-80.8368 	42.6989 	-0.545597 	0
0.0931312 	-80.8552 	42.704 	-0.534061 	0
0.0937025 	-80.8737 	42.709 	-0.522525 	0
0.0942739 	-80.8922 	42.714 	-0.510989 	0
0.0948452 	-80.9143 	42.7201 	-0.499669 	0
0.0954166 	-80.9301 	42.7263 	-0.488265 	0
0.0959879 	-80.9458 	42.7325 	-0.476862 	0
0.0965593 	-80.9616 	42.7387 	-0.465458 	0
0.0971307 	-80.9808 	42.7456 	-0.454195 	0
0.097702 	-80.9944 	42.7534 	-0.442902 	0
0.0982734 	-81.0079 	42.7611 	-0.431609 	0
0.0988447 	-81.0214 	42.7688 	-0.420316 	0
0.0994161 	-81.0373 	42.7777 	-0.409156 	0
0.0999874 	-81.049 	42.7873 	-0.39795 	0
0.100559 	-81.0607 	42.7969 	-0.386743 	0
0.10113 	-81.0744 	42.8071 	-0.375623 	0
0.101702 	-81.0847 	42.8189 	-0.364495 	0
0.102273 	-81.0949 	42.8308 	-0.353364 	0
0.102844 	-81.1066 	42.8436 	-0.342316 	0
0.103416 	-81.1154 	42.8579 	-0.331249 	0
0.103987 	-81.1243 	42.8723 	-0.320182 	0
0.104558 	-81.1338 	42.8891 	-0.309204 	0
0.10513 	-81.1416 	42.9063 	-0.298182 	0
0.105701 	-81.1499 	42.9256 	-0.287245 	0
0.106272 	-81.1567 	42.9459 	-0.276287 	0
0.106844 	-81.1639 	42.9687 	-0.265388 	0
0.107415 	-81.1701 	42.9926 	-0.254477 	0
0.107986 	-81.1758 	43.02 	-0.243689 	0
0.108558 	-81.1807 	43.0265 	-0.232883 	0
0.109129 	-81.1835 	42.9149 	-0.220316 	0
0.109701 	-81.1833 	42.4419 	-0.201684 	0
0.110272 	-81.1839 	41.2236 	-0.171098 	0
0.110843 	-81.1893 	39.3587 	-0.134105 	0
0.111415 	-81.1973 	37.1913 	-0.0986823 	0
0.111986 	-81.2104 	34.8169 	-0.0673834 	0
0.112557 	-81.2305 	32.0563 	-0.0403451 	0
0.113129 	-81.2564 	27.9275 	-0.0170035 	0
0.1137 	-81.2766 	1.17553e-10 	-4.00955e-15 	0
