0 	2.56951 	0 	0 	0
0.000571357 	2.53193 	23.5652 	-0.0202329 	0
0.00114271 	2.47578 	24.5394 	-0.0464729 	0
0.00171407 	2.43589 	24.3188 	-0.0716047 	0
0.00228543 	2.39982 	23.8359 	-0.0984504 	0
0.00285678 	2.35571 	23.3393 	-0.130686 	0
0.00342814 	2.29667 	22.9052 	-0.171429 	0
0.0039995 	2.22829 	22.5683 	-0.221649 	0
0.00457085 	2.1661 	22.426 	-0.277393 	0
0.00514221 	2.09084 	22.8765 	-0.3173 	0
0.00571357 	1.91271 	23.9635 	-0.335568 	0
0.00628492 	1.67571 	24.8537 	-0.360647 	0
0.00685628 	1.41798 	25.7281 	-0.386512 	0
0.00742764 	1.13994 	26.7707 	-0.421958 	0
0.00799899 	0.840184 	27.7902 	-0.458708 	0
0.00857035 	0.517434 	28.576 	-0.485793 	0
0.00914171 	0.178563 	29.0983 	-0.501591 	0
0.00971307 	-0.173455 	29.3906 	-0.508362 	0
0.0102844 	-0.532501 	29.4837 	-0.507933 	0
0.0108558 	-0.89319 	29.415 	-0.502195 	0
0.0114271 	-1.25138 	29.219 	-0.492545 	0
0.0119985 	-1.60125 	28.9148 	-0.479099 	0
0.0125698 	-1.92929 	28.52 	-0.462895 	0
0.0131412 	-1.15331 	29.1553 	-0.434294 	0
0.0137126 	-1.29665 	30.9692 	-0.396709 	0
0.0142839 	-1.68283 	32.8513 	-0.34969 	0
0.0148553 	-2.19661 	34.1268 	-0.322114 	0
0.0154266 	-2.77373 	34.5461 	-0.329113 	0
0.015998 	-3.36484 	34.9254 	-0.336838 	0
0.0165693 	-3.97082 	35.2837 	-0.344299 	0
0.0171407 	-4.59134 	35.6221 	-0.351469 	0
0.0177121 	-5.21656 	35.9413 	-0.358052 	0
0.0182834 	-5.85901 	36.249 	-0.364514 	0
0.0188548 	-6.51393 	36.5478 	-0.370702 	0
0.0194261 	-7.17481 	36.8402 	-0.376507 	0
0.0199975 	-7.84681 	37.1267 	-0.382063 	0
0.0205688 	-8.52979 	37.4048 	-0.387333 	0
0.0211402 	-9.22332 	37.6707 	-0.392276 	0
0.0217116 	-9.91814 	37.9163 	-0.396637 	0
0.0222829 	-10.6202 	38.1355 	-0.400486 	0
0.0228543 	-11.3413 	38.3302 	-0.403993 	0
0.0234256 	-12.0691 	38.5027 	-0.407044 	0
0.023997 	-12.7781 	38.639 	-0.409267 	0
0.0245683 	-13.5168 	38.7574 	-0.41121 	0
0.0251397 	-14.2554 	38.8623 	-0.412801 	0
0.0257111 	-14.9762 	38.9492 	-0.413824 	0
0.0262824 	-15.7242 	39.0352 	-0.414745 	0
0.0268538 	-16.4438 	39.1163 	-0.415288 	0
0.0274251 	-17.1963 	39.1976 	-0.415711 	0
0.0279965 	-17.9184 	39.2753 	-0.415815 	0
0.0285678 	-18.6749 	39.3517 	-0.415781 	0
0.0291392 	-19.3987 	39.4127 	-0.415241 	0
0.0297106 	-20.1518 	39.4748 	-0.414615 	0
0.0302819 	-20.8814 	39.5086 	-0.41333 	0
0.0308533 	-21.6092 	39.5391 	-0.411949 	0
0.0314246 	-22.3624 	39.5593 	-0.410041 	0
0.031996 	-23.0802 	39.5649 	-0.407889 	0
0.0325673 	-23.8273 	39.5713 	-0.405485 	0
0.0331387 	-24.5484 	39.5771 	-0.402811 	0
0.0337101 	-25.2586 	39.5827 	-0.400132 	0
0.0342814 	-26.0085 	39.5891 	-0.397071 	0
0.0348528 	-26.7123 	39.6078 	-0.394061 	0
0.0354241 	-27.4158 	39.6265 	-0.391052 	0
0.0359955 	-28.1564 	39.6462 	-0.387689 	0
0.0365668 	-28.8575 	39.6646 	-0.383999 	0
0.0371382 	-29.5544 	39.6829 	-0.380295 	0
0.0377095 	-30.274 	39.7018 	-0.376346 	0
0.0382809 	-30.984 	39.7184 	-0.372025 	0
0.0388523 	-31.6714 	39.7331 	-0.367651 	0
0.0394236 	-32.3589 	39.7478 	-0.363277 	0
0.039995 	-33.0881 	39.7639 	-0.358363 	0
0.0405663 	-33.7657 	39.7874 	-0.353508 	0
0.0411377 	-34.4433 	39.8109 	-0.348653 	0
0.041709 	-35.1275 	39.8346 	-0.343713 	0
0.0422804 	-35.8392 	39.8603 	-0.338303 	0
0.0428518 	-36.5077 	39.8916 	-0.332852 	0
0.0434231 	-37.1763 	39.9229 	-0.327401 	0
0.0439945 	-37.8471 	39.9543 	-0.32192 	0
0.0445658 	-38.5554 	39.9867 	-0.315951 	0
0.0451372 	-39.2146 	40.0164 	-0.309863 	0
0.0457085 	-39.8735 	40.0461 	-0.303774 	0
0.0462799 	-40.5323 	40.0757 	-0.297685 	0
0.0468513 	-41.2143 	40.106 	-0.291269 	0
0.0474226 	-41.8866 	40.1337 	-0.284575 	0
0.047994 	-42.534 	40.158 	-0.277785 	0
0.0485653 	-43.1813 	40.1823 	-0.270995 	0
0.0491367 	-43.8287 	40.2066 	-0.264205 	0
0.049708 	-44.5044 	40.2317 	-0.256981 	0
0.0502794 	-45.1572 	40.2558 	-0.249608 	0
0.0508508 	-45.7918 	40.2791 	-0.242191 	0
0.0514221 	-46.4264 	40.3025 	-0.234773 	0
0.0519935 	-47.061 	40.3258 	-0.227356 	0
0.0525648 	-47.7162 	40.3497 	-0.219615 	0
0.0531362 	-48.3667 	40.374 	-0.211662 	0
0.0537075 	-48.9888 	40.3984 	-0.203592 	0
0.0542789 	-49.6109 	40.4228 	-0.195522 	0
0.0548503 	-50.2331 	40.4473 	-0.187452 	0
0.0554216 	-50.8579 	40.4718 	-0.179341 	0
0.055993 	-51.5075 	40.497 	-0.170861 	0
0.0565643 	-52.1315 	40.5212 	-0.162207 	0
0.0571357 	-52.7416 	40.5448 	-0.153461 	0
0.057707 	-53.3516 	40.5684 	-0.144714 	0
0.0582784 	-53.9617 	40.592 	-0.135967 	0
0.0588497 	-54.5735 	40.6157 	-0.127198 	0
0.0594211 	-55.2084 	40.6401 	-0.118121 	0
0.0599925 	-55.82 	40.6633 	-0.108949 	0
0.0605638 	-56.4085 	40.6855 	-0.0996836 	0
0.0611352 	-56.997 	40.7077 	-0.0904181 	0
0.0617065 	-57.5856 	40.7299 	-0.0811526 	0
0.0622779 	-58.1741 	40.752 	-0.0718871 	0
0.0628492 	-58.7748 	40.7746 	-0.0625012 	0
0.0634206 	-59.3853 	40.7975 	-0.0530181 	0
0.063992 	-59.97 	40.8193 	-0.0431496 	0
0.0645633 	-60.5506 	40.841 	-0.0332189 	0
0.0651347 	-61.1311 	40.8627 	-0.0232883 	0
0.065706 	-61.7117 	40.8843 	-0.0133576 	0
0.0662774 	-62.2922 	40.906 	-0.00342688 	0
0.0668487 	-62.891 	40.9283 	0.0065788 	0
0.0674201 	-63.4885 	40.9507 	0.0167595 	0
0.0679915 	-64.0754 	40.9731 	0.0275327 	0
0.0685628 	-64.6622 	40.9956 	0.038306 	0
0.0691342 	-65.2491 	41.018 	0.0490792 	0
0.0697055 	-65.8359 	41.0405 	0.0598525 	0
0.0702769 	-66.4347 	41.0634 	0.0705775 	0
0.0708482 	-67.0389 	41.0865 	0.0813276 	0
0.0714196 	-67.6259 	41.1103 	0.0927278 	0
0.071991 	-68.2129 	41.1341 	0.104128 	0
0.0725623 	-68.8 	41.1579 	0.115528 	0
0.0731337 	-69.387 	41.1816 	0.126928 	0
0.073705 	-69.9886 	41.206 	0.138124 	0
0.0742764 	-70.588 	41.2309 	0.149604 	0
0.0748477 	-71.1793 	41.2566 	0.161604 	0
0.0754191 	-71.7706 	41.2823 	0.173604 	0
0.0759905 	-72.3619 	41.308 	0.185604 	0
0.0765618 	-72.9607 	41.334 	0.197412 	0
0.0771332 	-73.5675 	41.3604 	0.209106 	0
0.0777045 	-74.1667 	41.3872 	0.221646 	0
0.0782759 	-74.766 	41.414 	0.234187 	0
0.0788472 	-75.3653 	41.4407 	0.246727 	0
0.0794186 	-75.9722 	41.4678 	0.258982 	0
0.0799899 	-76.5859 	41.4951 	0.271203 	0
0.0805613 	-77.196 	41.522 	0.284263 	0
0.0811327 	-77.806 	41.549 	0.297322 	0
0.081704 	-78.4161 	41.5759 	0.310382 	0
0.0822754 	-79.0394 	41.6034 	0.322784 	0
0.0828467 	-79.6632 	41.631 	0.335969 	0
0.0834181 	-80.2864 	41.6585 	0.349476 	0
0.0839894 	-80.9097 	41.6861 	0.362982 	0
0.0845608 	-81.542 	41.714 	0.375937 	0
0.0851322 	-82.1802 	41.7422 	0.389294 	0
0.0857035 	-82.8187 	41.7705 	0.403249 	0
0.0862749 	-83.4571 	41.7988 	0.417204 	0
0.0868462 	-84.1052 	41.8275 	0.430474 	0
0.0874176 	-84.7595 	41.8563 	0.444361 	0
0.0879889 	-85.4145 	41.8851 	0.45868 	0
0.0885603 	-86.0699 	41.9139 	0.472977 	0
0.0891317 	-86.7395 	41.9428 	0.486318 	0
0.089703 	-87.4121 	41.9676 	0.500871 	0
0.0902744 	-88.0848 	41.9924 	0.515423 	0
0.0908457 	-88.7666 	42.0172 	0.529215 	0
0.0914171 	-89.4557 	42.0222 	0.543231 	0
0.0919884 	-90.1453 	42.0222 	0.557415 	0
0.0925598 	-90.8423 	42.021 	0.570996 	0
0.0931312 	-91.5453 	41.9727 	0.583665 	0
0.0937025 	-92.248 	41.9073 	0.59621 	0
0.0942739 	-92.9594 	41.8392 	0.60818 	0
0.0948452 	-93.6662 	41.7076 	0.61903 	0
0.0954166 	-94.3718 	41.5682 	0.629787 	0
0.0959879 	-95.086 	41.4249 	0.640087 	0
0.0965593 	-95.7887 	41.2768 	0.650388 	0
0.0971307 	-96.4979 	41.1293 	0.66057 	0
0.097702 	-97.2039 	40.9967 	0.671276 	0
0.0982734 	-97.9099 	40.8672 	0.682089 	0
0.0988447 	-98.621 	40.7335 	0.692808 	0
0.0994161 	-99.3264 	40.5962 	0.703586 	0
0.0999874 	-100.04 	40.4301 	0.713543 	0
0.100559 	-100.744 	40.2367 	0.722687 	0
0.10113 	-101.455 	39.8677 	0.725747 	0
0.101702 	-102.161 	39.3627 	0.724456 	0
0.102273 	-102.84 	37.9667 	0.706361 	0
0.102844 	-103.509 	36.1066 	0.681486 	0
0.103416 	-104.147 	32.9091 	0.6399 	0
0.103987 	-104.738 	29.6173 	0.594079 	0
0.104558 	-105.26 	26.446 	0.546377 	0
0.10513 	-105.636 	24.0241 	0.494996 	0
0.105701 	-105.891 	21.9575 	0.447193 	0
0.106272 	-106.079 	20.0296 	0.408088 	0
0.106844 	-106.227 	18.1574 	0.375444 	0
0.107415 	-106.349 	16.3394 	0.348405 	0
0.107986 	-106.453 	14.6148 	0.32574 	0
0.108558 	-106.547 	13.0167 	0.305805 	0
0.109129 	-106.642 	11.5795 	0.286976 	0
0.109701 	-106.729 	10.3548 	0.264231 	0
0.110272 	-106.78 	9.29051 	0.239621 	0
0.110843 	-106.799 	8.34751 	0.212268 	0
0.111415 	-106.799 	7.49673 	0.182488 	0
0.111986 	-106.778 	6.7191 	0.149828 	0
0.112557 	-106.73 	5.99115 	0.11404 	0
0.113129 	-106.652 	5.26789 	0.0745519 	0
0.1137 	-106.547 	4.40204 	0.0332641 	0
