0 	0.505933 	0 	0 	0
0.000571357 	0.472077 	15.0511 	-0.0212275 	0
0.00114271 	0.382042 	16.7021 	-0.0564843 	0
0.00171407 	0.272789 	17.5989 	-0.0950621 	0
0.00228543 	0.161361 	18.2684 	-0.134376 	0
0.00285678 	0.0547553 	18.851 	-0.173497 	0
0.00342814 	-0.0447291 	19.4024 	-0.211936 	0
0.0039995 	-0.137165 	19.951 	-0.249322 	0
0.00457085 	-0.224063 	20.5132 	-0.28555 	0
0.00514221 	-0.305997 	21.0973 	-0.320211 	0
0.00571357 	-0.384972 	21.7109 	-0.353396 	0
0.00628492 	-0.461696 	22.3566 	-0.384867 	0
0.00685628 	-0.537042 	23.0368 	-0.414501 	0
0.00742764 	-0.612246 	23.7548 	-0.442304 	0
0.00799899 	-0.687083 	24.5112 	-0.467731 	0
0.00857035 	-0.763382 	25.3035 	-0.491124 	0
0.00914171 	-0.840107 	26.1395 	-0.512063 	0
0.00971307 	-0.908535 	27.0208 	-0.530385 	0
0.0102844 	-0.971316 	27.9818 	-0.545272 	0
0.0108558 	-1.04989 	29.0389 	-0.556995 	0
0.0114271 	-1.14985 	30.1624 	-0.566816 	0
0.0119985 	-1.26155 	31.3523 	-0.576018 	0
0.0125698 	-1.35545 	32.4276 	-0.584043 	0
0.0131412 	-1.54923 	33.9956 	-0.592629 	0
0.0137126 	-1.64552 	35.3823 	-0.588746 	0
0.0142839 	-1.76176 	36.2344 	-0.586786 	0
0.0148553 	-1.88819 	36.5543 	-0.590543 	0
0.0154266 	-2.01619 	36.8599 	-0.594288 	0
0.015998 	-2.14679 	37.1554 	-0.597839 	0
0.0165693 	-2.27887 	37.4384 	-0.601131 	0
0.0171407 	-2.41241 	37.7097 	-0.604177 	0
0.0177121 	-2.54727 	37.9719 	-0.607037 	0
0.0182834 	-2.68323 	38.2274 	-0.60975 	0
0.0188548 	-2.82309 	38.475 	-0.612327 	0
0.0194261 	-2.96203 	38.7125 	-0.614654 	0
0.0199975 	-3.10345 	38.9459 	-0.616915 	0
0.0205688 	-3.2458 	39.1648 	-0.618865 	0
0.0211402 	-3.38848 	39.381 	-0.620769 	0
0.0217116 	-3.53416 	39.5811 	-0.622361 	0
0.0222829 	-3.68114 	39.7815 	-0.623969 	0
0.0228543 	-3.82636 	39.9549 	-0.625015 	0
0.0234256 	-3.97575 	40.1274 	-0.626066 	0
0.023997 	-4.12133 	40.2819 	-0.626772 	0
0.0245683 	-4.27277 	40.4139 	-0.627072 	0
0.0251397 	-4.4242 	40.5458 	-0.627371 	0
0.0257111 	-4.57085 	40.6484 	-0.627114 	0
0.0262824 	-4.72337 	40.7269 	-0.626372 	0
0.0268538 	-4.87589 	40.8054 	-0.625631 	0
0.0274251 	-5.02488 	40.8712 	-0.624678 	0
0.0279965 	-5.17427 	40.8921 	-0.622874 	0
0.0285678 	-5.32632 	40.9136 	-0.621059 	0
0.0291392 	-5.47837 	40.935 	-0.619244 	0
0.0297106 	-5.62285 	40.9406 	-0.617175 	0
0.0302819 	-5.77217 	40.9248 	-0.614575 	0
0.0308533 	-5.92177 	40.9089 	-0.611973 	0
0.0314246 	-6.07136 	40.893 	-0.609371 	0
0.031996 	-6.2199 	40.8773 	-0.606777 	0
0.0325673 	-6.3589 	40.8624 	-0.604204 	0
0.0331387 	-6.5046 	40.8475 	-0.601541 	0
0.0337101 	-6.65029 	40.8326 	-0.598879 	0
0.0342814 	-6.79599 	40.8177 	-0.596217 	0
0.0348528 	-6.94057 	40.804 	-0.593583 	0
0.0354241 	-7.07537 	40.8096 	-0.591297 	0
0.0359955 	-7.21756 	40.8151 	-0.588915 	0
0.0365668 	-7.35976 	40.8206 	-0.586532 	0
0.0371382 	-7.50195 	40.8262 	-0.58415 	0
0.0377095 	-7.64414 	40.8317 	-0.581767 	0
0.0382809 	-7.78029 	40.8373 	-0.579369 	0
0.0388523 	-7.91426 	40.8431 	-0.576793 	0
0.0394236 	-8.05257 	40.8491 	-0.574151 	0
0.039995 	-8.19089 	40.8551 	-0.571508 	0
0.0405663 	-8.32921 	40.861 	-0.568866 	0
0.0411377 	-8.46753 	40.867 	-0.566224 	0
0.041709 	-8.60585 	40.873 	-0.563581 	0
0.0422804 	-8.72992 	40.8748 	-0.560945 	0
0.0428518 	-8.86248 	40.8758 	-0.558074 	0
0.0434231 	-8.99504 	40.8767 	-0.555202 	0
0.0439945 	-9.1276 	40.8777 	-0.552331 	0
0.0445658 	-9.26016 	40.8787 	-0.54946 	0
0.0451372 	-9.39272 	40.8796 	-0.546589 	0
0.0457085 	-9.52528 	40.8806 	-0.543718 	0
0.0462799 	-9.65316 	40.882 	-0.540882 	0
0.0468513 	-9.77164 	40.885 	-0.538044 	0
0.0474226 	-9.89751 	40.8881 	-0.535048 	0
0.047994 	-10.0234 	40.8912 	-0.532052 	0
0.0485653 	-10.1492 	40.8943 	-0.529056 	0
0.0491367 	-10.2751 	40.8974 	-0.526059 	0
0.049708 	-10.401 	40.9005 	-0.523063 	0
0.0502794 	-10.5269 	40.9037 	-0.520067 	0
0.0508508 	-10.6527 	40.9068 	-0.517071 	0
0.0514221 	-10.7665 	40.9096 	-0.514111 	0
0.0519935 	-10.8802 	40.9123 	-0.510985 	0
0.0525648 	-10.9977 	40.9152 	-0.507756 	0
0.0531362 	-11.1153 	40.918 	-0.504528 	0
0.0537075 	-11.2329 	40.9208 	-0.5013 	0
0.0542789 	-11.3504 	40.9237 	-0.498072 	0
0.0548503 	-11.468 	40.9265 	-0.494844 	0
0.0554216 	-11.5856 	40.9294 	-0.491615 	0
0.055993 	-11.7032 	40.9322 	-0.488387 	0
0.0565643 	-11.8207 	40.9351 	-0.485159 	0
0.0571357 	-11.9217 	40.9378 	-0.482097 	0
0.057707 	-12.0224 	40.9406 	-0.478913 	0
0.0582784 	-12.1268 	40.9435 	-0.475612 	0
0.0588497 	-12.2312 	40.9464 	-0.472311 	0
0.0594211 	-12.3356 	40.9493 	-0.46901 	0
0.0599925 	-12.44 	40.9521 	-0.465709 	0
0.0605638 	-12.5444 	40.955 	-0.462408 	0
0.0611352 	-12.6489 	40.9579 	-0.459107 	0
0.0617065 	-12.7533 	40.9608 	-0.455806 	0
0.0622779 	-12.8577 	40.9637 	-0.452505 	0
0.0628492 	-12.9621 	40.9666 	-0.449204 	0
0.0634206 	-13.0591 	40.9695 	-0.445953 	0
0.063992 	-13.1468 	40.9723 	-0.442695 	0
0.0645633 	-13.2405 	40.9753 	-0.439207 	0
0.0651347 	-13.3343 	40.9783 	-0.435719 	0
0.065706 	-13.4281 	40.9813 	-0.432231 	0
0.0662774 	-13.5218 	40.9843 	-0.428742 	0
0.0668487 	-13.6156 	40.9872 	-0.425254 	0
0.0674201 	-13.7094 	40.9902 	-0.421766 	0
0.0679915 	-13.8032 	40.9932 	-0.418277 	0
0.0685628 	-13.8969 	40.9962 	-0.414789 	0
0.0691342 	-13.9907 	40.9992 	-0.411301 	0
0.0697055 	-14.0837 	41.0022 	-0.407817 	0
0.0702769 	-14.1624 	41.0053 	-0.404399 	0
0.0708482 	-14.248 	41.0085 	-0.400666 	0
0.0714196 	-14.3335 	41.0117 	-0.396932 	0
0.071991 	-14.4191 	41.0149 	-0.393199 	0
0.0725623 	-14.5047 	41.0182 	-0.389465 	0
0.0731337 	-14.5903 	41.0214 	-0.385732 	0
0.073705 	-14.6759 	41.0246 	-0.381998 	0
0.0742764 	-14.7615 	41.0278 	-0.378265 	0
0.0748477 	-14.8471 	41.0311 	-0.374531 	0
0.0754191 	-14.9301 	41.0343 	-0.370835 	0
0.0759905 	-15.0014 	41.0377 	-0.367235 	0
0.0765618 	-15.0771 	41.0411 	-0.363393 	0
0.0771332 	-15.1528 	41.0446 	-0.35955 	0
0.0777045 	-15.2286 	41.0481 	-0.355708 	0
0.0782759 	-15.3043 	41.0515 	-0.351866 	0
0.0788472 	-15.3801 	41.055 	-0.348024 	0
0.0794186 	-15.4558 	41.0585 	-0.344182 	0
0.0799899 	-15.5316 	41.0619 	-0.34034 	0
0.0805613 	-15.5997 	41.0655 	-0.33664 	0
0.0811327 	-15.6655 	41.0693 	-0.332785 	0
0.081704 	-15.7325 	41.0731 	-0.328856 	0
0.0822754 	-15.7995 	41.077 	-0.324926 	0
0.0828467 	-15.8665 	41.0808 	-0.320996 	0
0.0834181 	-15.9335 	41.0846 	-0.317067 	0
0.0839894 	-16.0004 	41.0885 	-0.313137 	0
0.0845608 	-16.0674 	41.0923 	-0.309208 	0
0.0851322 	-16.1235 	41.0966 	-0.305454 	0
0.0857035 	-16.1828 	41.1009 	-0.301469 	0
0.0862749 	-16.242 	41.1052 	-0.297483 	0
0.0868462 	-16.3013 	41.1096 	-0.293498 	0
0.0874176 	-16.3605 	41.1139 	-0.289513 	0
0.0879889 	-16.4198 	41.1183 	-0.285527 	0
0.0885603 	-16.4742 	41.1229 	-0.28168 	0
0.0891317 	-16.5261 	41.1279 	-0.27769 	0
0.089703 	-16.5786 	41.133 	-0.273655 	0
0.0902744 	-16.6311 	41.1381 	-0.26962 	0
0.0908457 	-16.6835 	41.1431 	-0.265586 	0
0.0914171 	-16.736 	41.1482 	-0.261551 	0
0.0919884 	-16.7824 	41.1539 	-0.257676 	0
0.0925598 	-16.8289 	41.16 	-0.253614 	0
0.0931312 	-16.8754 	41.166 	-0.249552 	0
0.0937025 	-16.9219 	41.172 	-0.24549 	0
0.0942739 	-16.9684 	41.1781 	-0.241428 	0
0.0948452 	-17.0098 	41.185 	-0.237506 	0
0.0954166 	-17.0511 	41.1924 	-0.233419 	0
0.0959879 	-17.0924 	41.1997 	-0.229332 	0
0.0965593 	-17.1337 	41.207 	-0.225246 	0
0.0971307 	-17.1723 	41.2149 	-0.221289 	0
0.097702 	-17.209 	41.2239 	-0.217195 	0
0.0982734 	-17.2457 	41.2328 	-0.213097 	0
0.0988447 	-17.2825 	41.2418 	-0.209 	0
0.0994161 	-17.3161 	41.2519 	-0.205018 	0
0.0999874 	-17.3489 	41.2628 	-0.200913 	0
0.100559 	-17.3817 	41.2738 	-0.196808 	0
0.10113 	-17.413 	41.2854 	-0.192796 	0
0.101702 	-17.4422 	41.2987 	-0.188701 	0
0.102273 	-17.4715 	41.3121 	-0.184593 	0
0.102844 	-17.4992 	41.3265 	-0.180576 	0
0.103416 	-17.5255 	41.3426 	-0.176468 	0
0.103987 	-17.5517 	41.3587 	-0.172359 	0
0.104558 	-17.5754 	41.3778 	-0.168358 	0
0.10513 	-17.5991 	41.3974 	-0.164284 	0
0.105701 	-17.621 	41.4143 	-0.160358 	0
0.106272 	-17.6422 	41.4309 	-0.156395 	0
0.106844 	-17.6604 	41.3557 	-0.151285 	0
0.107415 	-17.6777 	41.2299 	-0.145433 	0
0.107986 	-17.693 	40.6845 	-0.133075 	0
0.108558 	-17.7095 	39.8373 	-0.116595 	0
0.109129 	-17.7264 	38.7005 	-0.0970189 	0
0.109701 	-17.7422 	37.364 	-0.0773758 	0
0.110272 	-17.7567 	35.9224 	-0.0597122 	0
0.110843 	-17.7715 	34.4207 	-0.0441905 	0
0.111415 	-17.786 	32.8559 	-0.0310822 	0
0.111986 	-17.7998 	31.1159 	-0.0204384 	0
0.112557 	-17.8122 	28.9212 	-0.011716 	0
0.113129 	-17.8221 	25.3919 	-0.00477619 	0
0.1137 	-17.8274 	9.98651e-11 	-1.11936e-15 	0
