0 	-201.781 	0 	0 	0
0.000571357 	-201.821 	4.97241e-34 	-1.118e-33 	0
0.00114271 	-201.827 	2.04959e-49 	-4.53893e-49 	0
0.00171407 	-201.845 	6.32205e-65 	-1.89203e-64 	0
0.00228543 	-201.872 	4.2672e-81 	-2.14736e-80 	0
0.00285678 	-201.897 	1.36089e-97 	-1.25464e-96 	0
0.00342814 	-201.904 	0 	0 	0
0.0039995 	-201.886 	0 	0 	0
0.00457085 	-201.841 	0 	0 	0
0.00514221 	-201.775 	0 	0 	0
0.00571357 	-201.696 	0 	0 	0
0.00628492 	-201.611 	0 	0 	0
0.00685628 	-201.529 	0 	0 	0
0.00742764 	-201.454 	0 	0 	0
0.00799899 	-201.391 	0 	0 	0
0.00857035 	-201.341 	0 	0 	0
0.00914171 	-201.306 	0 	0 	0
0.00971307 	-201.285 	0 	0 	0
0.0102844 	-201.277 	0 	0 	0
0.0108558 	-201.277 	0 	0 	0
0.0114271 	-201.276 	0 	0 	0
0.0119985 	-201.236 	0 	0 	0
0.0125698 	-201.505 	0 	0 	0
0.0131412 	-200.986 	21.9376 	-0.259555 	0
0.0137126 	-199.996 	25.9059 	-0.297469 	0
0.0142839 	-199.017 	28.7852 	-0.320192 	0
0.0148553 	-198.031 	31.5415 	-0.334943 	0
0.0154266 	-197.049 	33.9041 	-0.344068 	0
0.015998 	-196.106 	35.3721 	-0.355253 	0
0.0165693 	-195.213 	36.2582 	-0.368938 	0
0.0171407 	-194.369 	36.9436 	-0.382271 	0
0.0177121 	-193.564 	37.5454 	-0.395155 	0
0.0182834 	-192.787 	38.0906 	-0.407715 	0
0.0188548 	-192.04 	38.5794 	-0.41978 	0
0.0194261 	-191.316 	39.0251 	-0.431346 	0
0.0199975 	-190.602 	39.4517 	-0.442682 	0
0.0205688 	-189.913 	39.8294 	-0.453291 	0
0.0211402 	-189.226 	40.2011 	-0.463789 	0
0.0217116 	-188.559 	40.534 	-0.47357 	0
0.0222829 	-187.892 	40.8669 	-0.48335 	0
0.0228543 	-187.242 	41.1631 	-0.492275 	0
0.0234256 	-186.593 	41.4569 	-0.501141 	0
0.023997 	-185.951 	41.7364 	-0.509626 	0
0.0245683 	-185.319 	41.9958 	-0.517573 	0
0.0251397 	-184.686 	42.2552 	-0.525521 	0
0.0257111 	-184.061 	42.4989 	-0.532922 	0
0.0262824 	-183.441 	42.7283 	-0.539825 	0
0.0268538 	-182.822 	42.9577 	-0.546728 	0
0.0274251 	-182.206 	43.1812 	-0.553434 	0
0.0279965 	-181.601 	43.3825 	-0.559393 	0
0.0285678 	-180.996 	43.5838 	-0.565352 	0
0.0291392 	-180.39 	43.7851 	-0.571311 	0
0.0297106 	-179.79 	43.9646 	-0.576613 	0
0.0302819 	-179.197 	44.113 	-0.580971 	0
0.0308533 	-178.603 	44.2615 	-0.585329 	0
0.0314246 	-178.009 	44.4099 	-0.589686 	0
0.031996 	-177.417 	44.5526 	-0.593921 	0
0.0325673 	-176.846 	44.5962 	-0.596018 	0
0.0331387 	-176.274 	44.6399 	-0.598114 	0
0.0337101 	-175.703 	44.6836 	-0.600211 	0
0.0342814 	-175.132 	44.7273 	-0.602308 	0
0.0348528 	-174.563 	44.7674 	-0.604312 	0
0.0354241 	-174.03 	44.7522 	-0.604865 	0
0.0359955 	-173.498 	44.737 	-0.605418 	0
0.0365668 	-172.965 	44.7218 	-0.605971 	0
0.0371382 	-172.433 	44.7066 	-0.606524 	0
0.0377095 	-171.9 	44.6914 	-0.607077 	0
0.0382809 	-171.381 	44.6772 	-0.607345 	0
0.0388523 	-170.887 	44.6651 	-0.607049 	0
0.0394236 	-170.394 	44.6529 	-0.606753 	0
0.039995 	-169.901 	44.6408 	-0.606456 	0
0.0405663 	-169.408 	44.6287 	-0.60616 	0
0.0411377 	-168.914 	44.6165 	-0.605864 	0
0.041709 	-168.421 	44.6044 	-0.605567 	0
0.0422804 	-167.96 	44.5933 	-0.60465 	0
0.0428518 	-167.509 	44.5826 	-0.603549 	0
0.0434231 	-167.057 	44.5718 	-0.602448 	0
0.0439945 	-166.606 	44.561 	-0.601347 	0
0.0445658 	-166.154 	44.5503 	-0.600246 	0
0.0451372 	-165.703 	44.5395 	-0.599145 	0
0.0457085 	-165.251 	44.5288 	-0.598044 	0
0.0462799 	-164.811 	44.5184 	-0.596747 	0
0.0468513 	-164.404 	44.509 	-0.59485 	0
0.0474226 	-163.997 	44.4996 	-0.592953 	0
0.047994 	-163.591 	44.4902 	-0.591056 	0
0.0485653 	-163.184 	44.4808 	-0.589159 	0
0.0491367 	-162.777 	44.4714 	-0.587262 	0
0.049708 	-162.37 	44.462 	-0.585365 	0
0.0502794 	-161.964 	44.4527 	-0.583468 	0
0.0508508 	-161.557 	44.4433 	-0.581571 	0
0.0514221 	-161.179 	44.4347 	-0.579234 	0
0.0519935 	-160.819 	44.4268 	-0.576626 	0
0.0525648 	-160.459 	44.4188 	-0.574018 	0
0.0531362 	-160.1 	44.4108 	-0.571409 	0
0.0537075 	-159.74 	44.4028 	-0.568801 	0
0.0542789 	-159.38 	44.3948 	-0.566193 	0
0.0548503 	-159.02 	44.3868 	-0.563585 	0
0.0554216 	-158.66 	44.3788 	-0.560976 	0
0.055993 	-158.3 	44.3708 	-0.558368 	0
0.0565643 	-157.941 	44.3628 	-0.55576 	0
0.0571357 	-157.622 	44.356 	-0.552751 	0
0.057707 	-157.319 	44.3496 	-0.549591 	0
0.0582784 	-157.015 	44.3432 	-0.546432 	0
0.0588497 	-156.712 	44.3368 	-0.543272 	0
0.0594211 	-156.409 	44.3304 	-0.540112 	0
0.0599925 	-156.106 	44.324 	-0.536953 	0
0.0605638 	-155.803 	44.3176 	-0.533793 	0
0.0611352 	-155.5 	44.3112 	-0.530633 	0
0.0617065 	-155.196 	44.3048 	-0.527474 	0
0.0622779 	-154.893 	44.2985 	-0.524314 	0
0.0628492 	-154.59 	44.2921 	-0.521154 	0
0.0634206 	-154.304 	44.2862 	-0.517809 	0
0.063992 	-154.046 	44.2812 	-0.514167 	0
0.0645633 	-153.789 	44.2761 	-0.510526 	0
0.0651347 	-153.531 	44.2711 	-0.506885 	0
0.065706 	-153.273 	44.266 	-0.503243 	0
0.0662774 	-153.015 	44.261 	-0.499602 	0
0.0668487 	-152.757 	44.256 	-0.495961 	0
0.0674201 	-152.499 	44.2509 	-0.49232 	0
0.0679915 	-152.241 	44.2459 	-0.488678 	0
0.0685628 	-151.983 	44.2408 	-0.485037 	0
0.0691342 	-151.725 	44.2358 	-0.481396 	0
0.0697055 	-151.469 	44.2308 	-0.477734 	0
0.0702769 	-151.245 	44.2269 	-0.473644 	0
0.0708482 	-151.021 	44.223 	-0.469555 	0
0.0714196 	-150.797 	44.2191 	-0.465465 	0
0.071991 	-150.573 	44.2153 	-0.461376 	0
0.0725623 	-150.349 	44.2114 	-0.457286 	0
0.0731337 	-150.125 	44.2075 	-0.453197 	0
0.073705 	-149.901 	44.2036 	-0.449107 	0
0.0742764 	-149.677 	44.1997 	-0.445018 	0
0.0748477 	-149.453 	44.1958 	-0.440929 	0
0.0754191 	-149.234 	44.1921 	-0.436802 	0
0.0759905 	-149.043 	44.1893 	-0.432473 	0
0.0765618 	-148.853 	44.1866 	-0.428145 	0
0.0771332 	-148.662 	44.1838 	-0.423816 	0
0.0777045 	-148.471 	44.1811 	-0.419487 	0
0.0782759 	-148.28 	44.1784 	-0.415159 	0
0.0788472 	-148.089 	44.1756 	-0.41083 	0
0.0794186 	-147.898 	44.1729 	-0.406502 	0
0.0799899 	-147.707 	44.1701 	-0.402173 	0
0.0805613 	-147.53 	44.168 	-0.397756 	0
0.0811327 	-147.367 	44.1663 	-0.39326 	0
0.081704 	-147.203 	44.1646 	-0.388764 	0
0.0822754 	-147.039 	44.163 	-0.384268 	0
0.0828467 	-146.876 	44.1613 	-0.379772 	0
0.0834181 	-146.712 	44.1597 	-0.375276 	0
0.0839894 	-146.549 	44.158 	-0.37078 	0
0.0845608 	-146.385 	44.1564 	-0.366284 	0
0.0851322 	-146.244 	44.1558 	-0.361672 	0
0.0857035 	-146.103 	44.1552 	-0.357061 	0
0.0862749 	-145.962 	44.1547 	-0.352449 	0
0.0868462 	-145.821 	44.1541 	-0.347837 	0
0.0874176 	-145.68 	44.1535 	-0.343226 	0
0.0879889 	-145.539 	44.153 	-0.338614 	0
0.0885603 	-145.407 	44.1529 	-0.333966 	0
0.0891317 	-145.285 	44.1535 	-0.329272 	0
0.089703 	-145.163 	44.1541 	-0.324577 	0
0.0902744 	-145.041 	44.1547 	-0.319882 	0
0.0908457 	-144.919 	44.1552 	-0.315188 	0
0.0914171 	-144.797 	44.1558 	-0.310493 	0
0.0919884 	-144.687 	44.1573 	-0.305757 	0
0.0925598 	-144.581 	44.1592 	-0.301004 	0
0.0931312 	-144.476 	44.161 	-0.296251 	0
0.0937025 	-144.37 	44.1629 	-0.291498 	0
0.0942739 	-144.264 	44.1648 	-0.286745 	0
0.0948452 	-144.168 	44.1677 	-0.281963 	0
0.0954166 	-144.076 	44.171 	-0.277169 	0
0.0959879 	-143.985 	44.1743 	-0.272375 	0
0.0965593 	-143.893 	44.1777 	-0.267581 	0
0.0971307 	-143.805 	44.1816 	-0.262776 	0
0.097702 	-143.725 	44.1866 	-0.257954 	0
0.0982734 	-143.645 	44.1916 	-0.253132 	0
0.0988447 	-143.565 	44.1967 	-0.24831 	0
0.0994161 	-143.49 	44.2028 	-0.243477 	0
0.0999874 	-143.42 	44.2098 	-0.238637 	0
0.100559 	-143.35 	44.2168 	-0.233797 	0
0.10113 	-143.282 	44.2244 	-0.228953 	0
0.101702 	-143.221 	44.2337 	-0.224102 	0
0.102273 	-143.16 	44.2429 	-0.219251 	0
0.102844 	-143.101 	44.2531 	-0.214398 	0
0.103416 	-143.048 	44.265 	-0.209542 	0
0.103987 	-142.994 	44.2768 	-0.204686 	0
0.104558 	-142.946 	44.2911 	-0.199829 	0
0.10513 	-142.899 	44.3058 	-0.194972 	0
0.105701 	-142.855 	44.3224 	-0.190116 	0
0.106272 	-142.814 	44.3402 	-0.185261 	0
0.106844 	-142.776 	44.3602 	-0.180412 	0
0.107415 	-142.74 	44.3814 	-0.175566 	0
0.107986 	-142.708 	44.4056 	-0.170717 	0
0.108558 	-142.678 	44.4318 	-0.165878 	0
0.109129 	-142.651 	44.4605 	-0.161055 	0
0.109701 	-142.626 	44.4921 	-0.156228 	0
0.110272 	-142.605 	44.5164 	-0.151404 	0
0.110843 	-142.585 	44.3311 	-0.144462 	0
0.111415 	-142.563 	43.1017 	-0.121194 	0
0.111986 	-142.561 	40.1558 	-0.0800057 	0
0.112557 	-142.569 	36.466 	-0.0445661 	0
0.113129 	-142.589 	31.5397 	-0.0180062 	0
0.1137 	-142.609 	1.40516e-10 	-4.74521e-15 	0
