0 	-188.141 	0 	0 	0
0.000571357 	-188.141 	1.1187e-34 	-9.12309e-34 	0
0.00114271 	-188.147 	1.76704e-49 	-4.03878e-49 	0
0.00171407 	-188.163 	6.65004e-65 	-1.82085e-64 	0
0.00228543 	-188.195 	4.97365e-81 	-2.19711e-80 	0
0.00285678 	-188.23 	1.78113e-97 	-1.33914e-96 	0
0.00342814 	-188.253 	0 	0 	0
0.0039995 	-188.251 	0 	0 	0
0.00457085 	-188.22 	0 	0 	0
0.00514221 	-188.161 	0 	0 	0
0.00571357 	-188.081 	0 	0 	0
0.00628492 	-187.988 	0 	0 	0
0.00685628 	-187.889 	0 	0 	0
0.00742764 	-187.793 	0 	0 	0
0.00799899 	-187.707 	0 	0 	0
0.00857035 	-187.635 	0 	0 	0
0.00914171 	-187.581 	0 	0 	0
0.00971307 	-187.545 	0 	0 	0
0.0102844 	-187.528 	0 	0 	0
0.0108558 	-187.528 	0 	0 	0
0.0114271 	-187.532 	0 	0 	0
0.0119985 	-187.498 	0 	0 	0
0.0125698 	-187.761 	0 	0 	0
0.0131412 	-187.237 	21.969 	-0.26062 	0
0.0137126 	-186.243 	25.9367 	-0.299383 	0
0.0142839 	-185.259 	28.8158 	-0.322886 	0
0.0148553 	-184.267 	31.5716 	-0.338384 	0
0.0154266 	-183.276 	33.9318 	-0.348229 	0
0.015998 	-182.325 	35.3952 	-0.360023 	0
0.0165693 	-181.424 	36.2789 	-0.374172 	0
0.0171407 	-180.572 	36.9633 	-0.387914 	0
0.0177121 	-179.758 	37.5644 	-0.40118 	0
0.0182834 	-178.973 	38.109 	-0.414097 	0
0.0188548 	-178.217 	38.5973 	-0.426495 	0
0.0194261 	-177.485 	39.0424 	-0.438373 	0
0.0199975 	-176.763 	39.4685 	-0.450012 	0
0.0205688 	-176.065 	39.8458 	-0.460898 	0
0.0211402 	-175.371 	40.2171 	-0.471671 	0
0.0217116 	-174.696 	40.5496 	-0.481705 	0
0.0222829 	-174.021 	40.8821 	-0.49174 	0
0.0228543 	-173.364 	41.178 	-0.500898 	0
0.0234256 	-172.707 	41.4713 	-0.509995 	0
0.023997 	-172.057 	41.7505 	-0.518705 	0
0.0245683 	-171.417 	42.0095 	-0.526864 	0
0.0251397 	-170.777 	42.2686 	-0.535024 	0
0.0257111 	-170.144 	42.512 	-0.542627 	0
0.0262824 	-169.517 	42.7411 	-0.549723 	0
0.0268538 	-168.89 	42.9702 	-0.556819 	0
0.0274251 	-168.266 	43.1934 	-0.563712 	0
0.0279965 	-167.654 	43.3943 	-0.569846 	0
0.0285678 	-167.041 	43.5952 	-0.575979 	0
0.0291392 	-166.428 	43.7962 	-0.582112 	0
0.0297106 	-165.82 	43.9754 	-0.587574 	0
0.0302819 	-165.219 	44.1233 	-0.592069 	0
0.0308533 	-164.617 	44.2712 	-0.596565 	0
0.0314246 	-164.016 	44.4191 	-0.60106 	0
0.031996 	-163.415 	44.5613 	-0.605429 	0
0.0325673 	-162.836 	44.6045 	-0.607611 	0
0.0331387 	-162.257 	44.6477 	-0.609793 	0
0.0337101 	-161.677 	44.6909 	-0.611975 	0
0.0342814 	-161.098 	44.7341 	-0.614157 	0
0.0348528 	-160.521 	44.7737 	-0.616244 	0
0.0354241 	-159.98 	44.7582 	-0.616847 	0
0.0359955 	-159.44 	44.7427 	-0.61745 	0
0.0365668 	-158.899 	44.7273 	-0.618053 	0
0.0371382 	-158.359 	44.7118 	-0.618656 	0
0.0377095 	-157.818 	44.6963 	-0.619259 	0
0.0382809 	-157.291 	44.6819 	-0.61957 	0
0.0388523 	-156.79 	44.6695 	-0.619302 	0
0.0394236 	-156.289 	44.6572 	-0.619035 	0
0.039995 	-155.788 	44.6449 	-0.618767 	0
0.0405663 	-155.287 	44.6325 	-0.6185 	0
0.0411377 	-154.785 	44.6202 	-0.618233 	0
0.041709 	-154.284 	44.6078 	-0.617965 	0
0.0422804 	-153.816 	44.5965 	-0.617058 	0
0.0428518 	-153.356 	44.5856 	-0.615961 	0
0.0434231 	-152.897 	44.5746 	-0.614865 	0
0.0439945 	-152.438 	44.5637 	-0.613768 	0
0.0445658 	-151.979 	44.5527 	-0.612671 	0
0.0451372 	-151.519 	44.5417 	-0.611575 	0
0.0457085 	-151.06 	44.5308 	-0.610478 	0
0.0462799 	-150.612 	44.5202 	-0.609179 	0
0.0468513 	-150.198 	44.5106 	-0.607259 	0
0.0474226 	-149.783 	44.501 	-0.60534 	0
0.047994 	-149.369 	44.4914 	-0.603421 	0
0.0485653 	-148.955 	44.4818 	-0.601501 	0
0.0491367 	-148.541 	44.4723 	-0.599582 	0
0.049708 	-148.126 	44.4627 	-0.597662 	0
0.0502794 	-147.712 	44.4531 	-0.595743 	0
0.0508508 	-147.298 	44.4435 	-0.593823 	0
0.0514221 	-146.913 	44.4348 	-0.591448 	0
0.0519935 	-146.546 	44.4267 	-0.58879 	0
0.0525648 	-146.179 	44.4185 	-0.586133 	0
0.0531362 	-145.812 	44.4103 	-0.583476 	0
0.0537075 	-145.445 	44.4021 	-0.580819 	0
0.0542789 	-145.078 	44.394 	-0.578161 	0
0.0548503 	-144.711 	44.3858 	-0.575504 	0
0.0554216 	-144.344 	44.3776 	-0.572847 	0
0.055993 	-143.977 	44.3695 	-0.57019 	0
0.0565643 	-143.61 	44.3613 	-0.567532 	0
0.0571357 	-143.285 	44.3543 	-0.564458 	0
0.057707 	-142.975 	44.3478 	-0.561226 	0
0.0582784 	-142.666 	44.3412 	-0.557995 	0
0.0588497 	-142.356 	44.3347 	-0.554763 	0
0.0594211 	-142.047 	44.3281 	-0.551531 	0
0.0599925 	-141.737 	44.3216 	-0.5483 	0
0.0605638 	-141.428 	44.315 	-0.545068 	0
0.0611352 	-141.118 	44.3085 	-0.541837 	0
0.0617065 	-140.809 	44.3019 	-0.538605 	0
0.0622779 	-140.499 	44.2954 	-0.535374 	0
0.0628492 	-140.189 	44.2888 	-0.532142 	0
0.0634206 	-139.898 	44.2828 	-0.528717 	0
0.063992 	-139.634 	44.2776 	-0.524985 	0
0.0645633 	-139.371 	44.2725 	-0.521252 	0
0.0651347 	-139.107 	44.2673 	-0.51752 	0
0.065706 	-138.843 	44.2621 	-0.513787 	0
0.0662774 	-138.58 	44.2569 	-0.510055 	0
0.0668487 	-138.316 	44.2518 	-0.506323 	0
0.0674201 	-138.053 	44.2466 	-0.50259 	0
0.0679915 	-137.789 	44.2414 	-0.498858 	0
0.0685628 	-137.526 	44.2363 	-0.495125 	0
0.0691342 	-137.262 	44.2311 	-0.491393 	0
0.0697055 	-137 	44.226 	-0.487639 	0
0.0702769 	-136.771 	44.222 	-0.483442 	0
0.0708482 	-136.542 	44.218 	-0.479246 	0
0.0714196 	-136.313 	44.2139 	-0.475049 	0
0.071991 	-136.084 	44.2099 	-0.470852 	0
0.0725623 	-135.855 	44.2059 	-0.466655 	0
0.0731337 	-135.626 	44.2019 	-0.462458 	0
0.073705 	-135.396 	44.1979 	-0.458262 	0
0.0742764 	-135.167 	44.1939 	-0.454065 	0
0.0748477 	-134.938 	44.1899 	-0.449868 	0
0.0754191 	-134.714 	44.1861 	-0.445633 	0
0.0759905 	-134.519 	44.1832 	-0.441188 	0
0.0765618 	-134.323 	44.1804 	-0.436743 	0
0.0771332 	-134.128 	44.1775 	-0.432299 	0
0.0777045 	-133.933 	44.1747 	-0.427854 	0
0.0782759 	-133.737 	44.1719 	-0.423409 	0
0.0788472 	-133.542 	44.169 	-0.418964 	0
0.0794186 	-133.346 	44.1662 	-0.414519 	0
0.0799899 	-133.151 	44.1633 	-0.410075 	0
0.0805613 	-132.97 	44.1611 	-0.405538 	0
0.0811327 	-132.802 	44.1593 	-0.40092 	0
0.081704 	-132.635 	44.1576 	-0.396302 	0
0.0822754 	-132.467 	44.1559 	-0.391684 	0
0.0828467 	-132.3 	44.1541 	-0.387067 	0
0.0834181 	-132.132 	44.1524 	-0.382449 	0
0.0839894 	-131.965 	44.1506 	-0.377831 	0
0.0845608 	-131.797 	44.1489 	-0.373212 	0
0.0851322 	-131.653 	44.1483 	-0.368475 	0
0.0857035 	-131.508 	44.1476 	-0.363738 	0
0.0862749 	-131.364 	44.147 	-0.359 	0
0.0868462 	-131.219 	44.1463 	-0.354263 	0
0.0874176 	-131.075 	44.1457 	-0.349526 	0
0.0879889 	-130.93 	44.1451 	-0.344788 	0
0.0885603 	-130.794 	44.1449 	-0.340013 	0
0.0891317 	-130.669 	44.1455 	-0.335191 	0
0.089703 	-130.544 	44.146 	-0.330368 	0
0.0902744 	-130.419 	44.1465 	-0.325545 	0
0.0908457 	-130.294 	44.147 	-0.320722 	0
0.0914171 	-130.169 	44.1475 	-0.315899 	0
0.0919884 	-130.056 	44.149 	-0.311034 	0
0.0925598 	-129.948 	44.1508 	-0.306151 	0
0.0931312 	-129.839 	44.1526 	-0.301268 	0
0.0937025 	-129.731 	44.1544 	-0.296385 	0
0.0942739 	-129.622 	44.1562 	-0.291502 	0
0.0948452 	-129.524 	44.1591 	-0.286589 	0
0.0954166 	-129.429 	44.1624 	-0.281664 	0
0.0959879 	-129.335 	44.1657 	-0.276738 	0
0.0965593 	-129.241 	44.1689 	-0.271813 	0
0.0971307 	-129.151 	44.1728 	-0.266878 	0
0.097702 	-129.068 	44.1778 	-0.261924 	0
0.0982734 	-128.986 	44.1828 	-0.256969 	0
0.0988447 	-128.904 	44.1878 	-0.252015 	0
0.0994161 	-128.827 	44.1939 	-0.247051 	0
0.0999874 	-128.755 	44.2009 	-0.242078 	0
0.100559 	-128.683 	44.2078 	-0.237105 	0
0.10113 	-128.613 	44.2154 	-0.23213 	0
0.101702 	-128.55 	44.2246 	-0.227146 	0
0.102273 	-128.487 	44.2339 	-0.222162 	0
0.102844 	-128.427 	44.2441 	-0.217176 	0
0.103416 	-128.372 	44.2559 	-0.212187 	0
0.103987 	-128.317 	44.2677 	-0.207199 	0
0.104558 	-128.267 	44.2819 	-0.202209 	0
0.10513 	-128.218 	44.2966 	-0.19722 	0
0.105701 	-128.174 	44.3132 	-0.192232 	0
0.106272 	-128.131 	44.331 	-0.187244 	0
0.106844 	-128.092 	44.351 	-0.182263 	0
0.107415 	-128.054 	44.3721 	-0.177284 	0
0.107986 	-128.021 	44.3964 	-0.172303 	0
0.108558 	-127.99 	44.4226 	-0.167331 	0
0.109129 	-127.962 	44.4512 	-0.162376 	0
0.109701 	-127.936 	44.4828 	-0.157416 	0
0.110272 	-127.913 	44.507 	-0.152459 	0
0.110843 	-127.893 	44.3208 	-0.145371 	0
0.111415 	-127.87 	43.0892 	-0.12191 	0
0.111986 	-127.867 	40.1424 	-0.0805298 	0
0.112557 	-127.875 	36.4523 	-0.0449013 	0
0.113129 	-127.895 	31.526 	-0.0181563 	0
0.1137 	-127.916 	1.4041e-10 	-4.78299e-15 	0
