0 	-196.664 	0 	0 	0
0.000571357 	-196.551 	-5.78098 	0.121025 	0
0.00114271 	-196.395 	-5.62481 	0.225858 	0
0.00171407 	-196.298 	-5.28859 	0.318981 	0
0.00228543 	-196.258 	-4.89258 	0.401441 	0
0.00285678 	-196.266 	-4.46224 	0.474422 	0
0.00342814 	-196.314 	-4.00203 	0.53677 	0
0.0039995 	-196.392 	-3.51553 	0.588362 	0
0.00457085 	-196.492 	-3.00062 	0.627659 	0
0.00514221 	-196.602 	-2.45588 	0.65344 	0
0.00571357 	-196.711 	-1.87368 	0.663413 	0
0.00628492 	-196.803 	-1.24669 	0.655847 	0
0.00685628 	-196.855 	-0.559598 	0.628211 	0
0.00742764 	-196.834 	0.214137 	0.577863 	0
0.00799899 	-196.694 	1.13193 	0.501296 	0
0.00857035 	-196.487 	2.22835 	0.398267 	0
0.00914171 	-196.302 	3.65343 	0.250974 	0
0.00971307 	-196.084 	5.33817 	0.0645451 	0
0.0102844 	-195.613 	7.30719 	-0.148062 	0
0.0108558 	-194.942 	9.62903 	-0.367207 	0
0.0114271 	-194.208 	12.3129 	-0.576309 	0
0.0119985 	-193.435 	15.3634 	-0.765233 	0
0.0125698 	-192.761 	18.14 	-0.900432 	0
0.0131412 	-191.722 	22.5183 	-1.03916 	0
0.0137126 	-190.764 	26.5114 	-1.09964 	0
0.0142839 	-189.796 	30.2361 	-1.12303 	0
0.0148553 	-188.867 	33.0311 	-1.1618 	0
0.0154266 	-187.888 	35.1351 	-1.21001 	0
0.015998 	-186.842 	36.3454 	-1.24281 	0
0.0165693 	-185.783 	37.0628 	-1.2644 	0
0.0171407 	-184.72 	37.6529 	-1.2819 	0
0.0177121 	-183.654 	38.1882 	-1.29712 	0
0.0182834 	-182.588 	38.6762 	-1.31036 	0
0.0188548 	-181.513 	39.1164 	-1.32132 	0
0.0194261 	-180.45 	39.5206 	-1.33079 	0
0.0199975 	-179.391 	39.9088 	-1.33961 	0
0.0205688 	-178.329 	40.2535 	-1.34605 	0
0.0211402 	-177.281 	40.5939 	-1.35259 	0
0.0217116 	-176.232 	40.8993 	-1.35711 	0
0.0222829 	-175.195 	41.2054 	-1.36199 	0
0.0228543 	-174.165 	41.4783 	-1.36483 	0
0.0234256 	-173.134 	41.7488 	-1.36751 	0
0.023997 	-172.126 	42.0075 	-1.36999 	0
0.0245683 	-171.119 	42.2474 	-1.37111 	0
0.0251397 	-170.116 	42.4875 	-1.37238 	0
0.0257111 	-169.133 	42.7137 	-1.37305 	0
0.0262824 	-168.153 	42.9265 	-1.37265 	0
0.0268538 	-167.174 	43.1393 	-1.37225 	0
0.0274251 	-166.214 	43.3465 	-1.3721 	0
0.0279965 	-165.269 	43.5293 	-1.37041 	0
0.0285678 	-164.323 	43.7121 	-1.36871 	0
0.0291392 	-163.382 	43.8951 	-1.36721 	0
0.0297106 	-162.46 	44.0536 	-1.36484 	0
0.0302819 	-161.553 	44.1758 	-1.36056 	0
0.0308533 	-160.647 	44.2979 	-1.35627 	0
0.0314246 	-159.741 	44.4201 	-1.35204 	0
0.031996 	-158.847 	44.5382 	-1.34819 	0
0.0325673 	-158 	44.5598 	-1.34036 	0
0.0331387 	-157.153 	44.5814 	-1.33252 	0
0.0337101 	-156.305 	44.603 	-1.32469 	0
0.0342814 	-155.46 	44.6248 	-1.31701 	0
0.0348528 	-154.624 	44.6447 	-1.30972 	0
0.0354241 	-153.858 	44.6206 	-1.30039 	0
0.0359955 	-153.091 	44.5965 	-1.29105 	0
0.0365668 	-152.325 	44.5724 	-1.28171 	0
0.0371382 	-151.558 	44.5483 	-1.27238 	0
0.0377095 	-150.795 	44.5245 	-1.26346 	0
0.0382809 	-150.058 	44.5033 	-1.25454 	0
0.0388523 	-149.372 	44.4873 	-1.24519 	0
0.0394236 	-148.686 	44.4713 	-1.23584 	0
0.039995 	-148 	44.4553 	-1.22649 	0
0.0405663 	-147.314 	44.4393 	-1.21714 	0
0.0411377 	-146.629 	44.4234 	-1.20795 	0
0.041709 	-145.946 	44.4074 	-1.19915 	0
0.0422804 	-145.322 	44.3929 	-1.1899 	0
0.0428518 	-144.717 	44.3789 	-1.18052 	0
0.0434231 	-144.112 	44.3648 	-1.17113 	0
0.0439945 	-143.506 	44.3508 	-1.16174 	0
0.0445658 	-142.901 	44.3368 	-1.15236 	0
0.0451372 	-142.295 	44.3227 	-1.14297 	0
0.0457085 	-141.691 	44.3087 	-1.13407 	0
0.0462799 	-141.107 	44.2952 	-1.12505 	0
0.0468513 	-140.582 	44.2833 	-1.11568 	0
0.0474226 	-140.057 	44.2714 	-1.10631 	0
0.047994 	-139.531 	44.2595 	-1.09695 	0
0.0485653 	-139.006 	44.2476 	-1.08758 	0
0.0491367 	-138.481 	44.2357 	-1.07821 	0
0.049708 	-137.956 	44.2238 	-1.06885 	0
0.0502794 	-137.431 	44.2119 	-1.05974 	0
0.0508508 	-136.906 	44.2 	-1.05079 	0
0.0514221 	-136.43 	44.1894 	-1.04166 	0
0.0519935 	-135.983 	44.1796 	-1.03242 	0
0.0525648 	-135.537 	44.1698 	-1.02318 	0
0.0531362 	-135.09 	44.16 	-1.01393 	0
0.0537075 	-134.643 	44.1502 	-1.00469 	0
0.0542789 	-134.197 	44.1403 	-0.995444 	0
0.0548503 	-133.75 	44.1305 	-0.9862 	0
0.0554216 	-133.303 	44.1207 	-0.976967 	0
0.055993 	-132.856 	44.1109 	-0.96808 	0
0.0565643 	-132.409 	44.101 	-0.959193 	0
0.0571357 	-132.023 	44.0928 	-0.950331 	0
0.057707 	-131.661 	44.0852 	-0.941479 	0
0.0582784 	-131.298 	44.0776 	-0.932626 	0
0.0588497 	-130.936 	44.0699 	-0.923774 	0
0.0594211 	-130.573 	44.0623 	-0.914921 	0
0.0599925 	-130.211 	44.0547 	-0.906069 	0
0.0605638 	-129.848 	44.0471 	-0.897216 	0
0.0611352 	-129.486 	44.0394 	-0.888364 	0
0.0617065 	-129.123 	44.0318 	-0.879518 	0
0.0622779 	-128.759 	44.0242 	-0.87096 	0
0.0628492 	-128.396 	44.0165 	-0.862401 	0
0.0634206 	-128.058 	44.0096 	-0.853805 	0
0.063992 	-127.759 	44.0037 	-0.845151 	0
0.0645633 	-127.461 	43.9978 	-0.836496 	0
0.0651347 	-127.162 	43.992 	-0.827842 	0
0.065706 	-126.864 	43.9861 	-0.819188 	0
0.0662774 	-126.565 	43.9803 	-0.810533 	0
0.0668487 	-126.267 	43.9744 	-0.801879 	0
0.0674201 	-125.969 	43.9685 	-0.793225 	0
0.0679915 	-125.67 	43.9627 	-0.78457 	0
0.0685628 	-125.371 	43.9568 	-0.776086 	0
0.0691342 	-125.071 	43.9509 	-0.767681 	0
0.0697055 	-124.774 	43.9451 	-0.759262 	0
0.0702769 	-124.521 	43.9406 	-0.750567 	0
0.0708482 	-124.268 	43.9362 	-0.741872 	0
0.0714196 	-124.016 	43.9317 	-0.733177 	0
0.071991 	-123.763 	43.9273 	-0.724482 	0
0.0725623 	-123.51 	43.9228 	-0.715786 	0
0.0731337 	-123.257 	43.9184 	-0.707091 	0
0.073705 	-123.004 	43.9139 	-0.698396 	0
0.0742764 	-122.751 	43.9094 	-0.689802 	0
0.0748477 	-122.497 	43.905 	-0.681328 	0
0.0754191 	-122.25 	43.9007 	-0.672845 	0
0.0759905 	-122.038 	43.8976 	-0.664307 	0
0.0765618 	-121.827 	43.8944 	-0.655769 	0
0.0771332 	-121.615 	43.8913 	-0.647232 	0
0.0777045 	-121.403 	43.8882 	-0.638694 	0
0.0782759 	-121.192 	43.8851 	-0.630156 	0
0.0788472 	-120.98 	43.8819 	-0.621619 	0
0.0794186 	-120.768 	43.8788 	-0.613186 	0
0.0799899 	-120.555 	43.8756 	-0.604846 	0
0.0805613 	-120.36 	43.8731 	-0.596464 	0
0.0811327 	-120.181 	43.8712 	-0.588044 	0
0.081704 	-120.002 	43.8693 	-0.579624 	0
0.0822754 	-119.823 	43.8674 	-0.571204 	0
0.0828467 	-119.644 	43.8655 	-0.562784 	0
0.0834181 	-119.465 	43.8636 	-0.554364 	0
0.0839894 	-119.285 	43.8616 	-0.54608 	0
0.0845608 	-119.105 	43.8597 	-0.53784 	0
0.0851322 	-118.953 	43.8589 	-0.52952 	0
0.0857035 	-118.8 	43.8582 	-0.521199 	0
0.0862749 	-118.647 	43.8574 	-0.512879 	0
0.0868462 	-118.494 	43.8567 	-0.504558 	0
0.0874176 	-118.341 	43.8559 	-0.496238 	0
0.0879889 	-118.187 	43.8552 	-0.488079 	0
0.0885603 	-118.043 	43.855 	-0.479885 	0
0.0891317 	-117.912 	43.8554 	-0.471639 	0
0.089703 	-117.78 	43.8559 	-0.463393 	0
0.0902744 	-117.649 	43.8564 	-0.455148 	0
0.0908457 	-117.518 	43.8568 	-0.446909 	0
0.0914171 	-117.385 	43.8573 	-0.438821 	0
0.0919884 	-117.266 	43.8587 	-0.430666 	0
0.0925598 	-117.153 	43.8605 	-0.422483 	0
0.0931312 	-117.039 	43.8623 	-0.414301 	0
0.0937025 	-116.925 	43.8641 	-0.406118 	0
0.0942739 	-116.811 	43.8659 	-0.398069 	0
0.0948452 	-116.708 	43.8688 	-0.389964 	0
0.0954166 	-116.609 	43.8721 	-0.381832 	0
0.0959879 	-116.51 	43.8754 	-0.373699 	0
0.0965593 	-116.411 	43.8787 	-0.365621 	0
0.0971307 	-116.317 	43.8826 	-0.357597 	0
0.097702 	-116.231 	43.8877 	-0.349506 	0
0.0982734 	-116.145 	43.8928 	-0.341415 	0
0.0988447 	-116.058 	43.8978 	-0.333389 	0
0.0994161 	-115.978 	43.904 	-0.325382 	0
0.0999874 	-115.903 	43.9111 	-0.31733 	0
0.100559 	-115.828 	43.9182 	-0.30928 	0
0.10113 	-115.754 	43.9258 	-0.301339 	0
0.101702 	-115.688 	43.9352 	-0.293315 	0
0.102273 	-115.622 	43.9446 	-0.285295 	0
0.102844 	-115.558 	43.955 	-0.277372 	0
0.103416 	-115.5 	43.967 	-0.269385 	0
0.103987 	-115.442 	43.979 	-0.261456 	0
0.104558 	-115.389 	43.9935 	-0.253501 	0
0.10513 	-115.338 	44.0084 	-0.245546 	0
0.105701 	-115.29 	44.0253 	-0.237648 	0
0.106272 	-115.245 	44.0434 	-0.229741 	0
0.106844 	-115.203 	44.0638 	-0.221849 	0
0.107415 	-115.163 	44.0852 	-0.213971 	0
0.107986 	-115.126 	44.1099 	-0.206068 	0
0.108558 	-115.093 	44.1365 	-0.198254 	0
0.109129 	-115.062 	44.1658 	-0.190412 	0
0.109701 	-115.033 	44.1904 	-0.182558 	0
0.110272 	-115.007 	44.0978 	-0.173746 	0
0.110843 	-114.98 	43.3292 	-0.154228 	0
0.111415 	-114.965 	41.3372 	-0.117325 	0
0.111986 	-114.959 	38.4512 	-0.0784927 	0
0.112557 	-114.967 	35.1151 	-0.0456542 	0
0.113129 	-114.987 	30.4897 	-0.0192099 	0
0.1137 	-115.009 	1.40026e-10 	-5.22095e-15 	0
