0 	-4.50539 	0 	0 	0
0.000571357 	-4.86591 	4.22804 	-0.103244 	0
0.00114271 	-5.4519 	5.0099 	-0.226979 	0
0.00171407 	-6.00251 	5.68904 	-0.35252 	0
0.00228543 	-6.46948 	6.36941 	-0.477201 	0
0.00285678 	-6.85701 	7.08518 	-0.601509 	0
0.00342814 	-7.17161 	7.85376 	-0.723857 	0
0.0039995 	-7.43236 	8.68793 	-0.844796 	0
0.00457085 	-7.65323 	9.59502 	-0.963371 	0
0.00514221 	-7.84824 	10.5825 	-1.07928 	0
0.00571357 	-8.03011 	11.652 	-1.19167 	0
0.00628492 	-8.20871 	12.8073 	-1.30095 	0
0.00685628 	-8.32666 	14.0586 	-1.40599 	0
0.00742764 	-8.37881 	15.4442 	-1.50533 	0
0.00799899 	-8.48971 	16.9699 	-1.59561 	0
0.00857035 	-8.67584 	18.6155 	-1.68224 	0
0.00914171 	-8.92787 	20.3169 	-1.7588 	0
0.00971307 	-9.23064 	22.0667 	-1.83181 	0
0.0102844 	-9.59958 	23.7971 	-1.89704 	0
0.0108558 	-10.0232 	25.4586 	-1.95411 	0
0.0114271 	-10.476 	27.0706 	-2.00468 	0
0.0119985 	-10.9502 	28.7054 	-2.04969 	0
0.0125698 	-11.3576 	30.1164 	-2.08291 	0
0.0131412 	-11.9753 	32.2912 	-2.11918 	0
0.0137126 	-12.6058 	34.238 	-2.13954 	0
0.0142839 	-13.2875 	34.8897 	-2.14681 	0
0.0148553 	-13.9708 	35.3188 	-2.1503 	0
0.0154266 	-14.6514 	35.7316 	-2.15238 	0
0.015998 	-15.3326 	36.1223 	-2.15387 	0
0.0165693 	-16.0108 	36.4919 	-2.15396 	0
0.0171407 	-16.6851 	36.8448 	-2.15296 	0
0.0177121 	-17.3546 	37.1834 	-2.15094 	0
0.0182834 	-18.0187 	37.5092 	-2.14795 	0
0.0188548 	-18.6829 	37.8187 	-2.14498 	0
0.0194261 	-19.3413 	38.1168 	-2.14125 	0
0.0199975 	-19.9873 	38.4117 	-2.13613 	0
0.0205688 	-20.6427 	38.6848 	-2.13219 	0
0.0211402 	-21.2746 	38.9601 	-2.12574 	0
0.0217116 	-21.9194 	39.2157 	-2.12097 	0
0.0222829 	-22.5385 	39.4753 	-2.11371 	0
0.0228543 	-23.169 	39.713 	-2.10785 	0
0.0234256 	-23.7889 	39.9507 	-2.10114 	0
0.023997 	-24.3909 	40.1791 	-2.09299 	0
0.0245683 	-25.0073 	40.3887 	-2.08617 	0
0.0251397 	-25.5998 	40.6021 	-2.07761 	0
0.0257111 	-26.1849 	40.7935 	-2.06829 	0
0.0262824 	-26.7815 	40.962 	-2.0596 	0
0.0268538 	-27.3601 	41.1341 	-2.04978 	0
0.0274251 	-27.9136 	41.2972 	-2.03814 	0
0.0279965 	-28.4843 	41.4032 	-2.02667 	0
0.0285678 	-29.055 	41.5092 	-2.01521 	0
0.0291392 	-29.5875 	41.6239 	-2.00157 	0
0.0297106 	-30.1135 	41.7073 	-1.98698 	0
0.0302819 	-30.6483 	41.7414 	-1.97205 	0
0.0308533 	-31.1831 	41.7756 	-1.95713 	0
0.0314246 	-31.6867 	41.8148 	-1.94039 	0
0.031996 	-32.1692 	41.8547 	-1.92248 	0
0.0325673 	-32.6587 	41.8477 	-1.90601 	0
0.0331387 	-33.1483 	41.8406 	-1.88954 	0
0.0337101 	-33.6379 	41.8336 	-1.87308 	0
0.0342814 	-34.0835 	41.8274 	-1.85391 	0
0.0348528 	-34.52 	41.822 	-1.83444 	0
0.0354241 	-34.9618 	41.8261 	-1.81908 	0
0.0359955 	-35.4036 	41.8302 	-1.80371 	0
0.0365668 	-35.8454 	41.8344 	-1.78835 	0
0.0371382 	-36.2681 	41.8376 	-1.77189 	0
0.0377095 	-36.6561 	41.8393 	-1.75345 	0
0.0382809 	-37.0466 	41.8448 	-1.73628 	0
0.0388523 	-37.4417 	41.8581 	-1.72161 	0
0.0394236 	-37.8369 	41.8714 	-1.70694 	0
0.039995 	-38.2321 	41.8846 	-1.69228 	0
0.0405663 	-38.6225 	41.8978 	-1.67738 	0
0.0411377 	-38.9639 	41.9096 	-1.66007 	0
0.041709 	-39.3052 	41.9214 	-1.64276 	0
0.0422804 	-39.6514 	41.9301 	-1.62765 	0
0.0428518 	-39.999 	41.9378 	-1.61318 	0
0.0434231 	-40.3465 	41.9455 	-1.59871 	0
0.0439945 	-40.6941 	41.9532 	-1.58425 	0
0.0445658 	-41.0417 	41.9609 	-1.56978 	0
0.0451372 	-41.342 	41.9676 	-1.55325 	0
0.0457085 	-41.6372 	41.9743 	-1.53649 	0
0.0462799 	-41.9335 	41.9812 	-1.52044 	0
0.0468513 	-42.2329 	41.9888 	-1.50654 	0
0.0474226 	-42.5323 	41.9965 	-1.49265 	0
0.047994 	-42.8318 	42.0041 	-1.47875 	0
0.0485653 	-43.1312 	42.0118 	-1.46485 	0
0.0491367 	-43.4306 	42.0194 	-1.45095 	0
0.049708 	-43.6971 	42.0263 	-1.43575 	0
0.0502794 	-43.9468 	42.0328 	-1.41988 	0
0.0508508 	-44.1966 	42.0393 	-1.40401 	0
0.0514221 	-44.4481 	42.0459 	-1.38969 	0
0.0519935 	-44.7007 	42.0526 	-1.37633 	0
0.0525648 	-44.9533 	42.0593 	-1.36297 	0
0.0531362 	-45.2059 	42.066 	-1.3496 	0
0.0537075 	-45.4586 	42.0726 	-1.33624 	0
0.0542789 	-45.7112 	42.0793 	-1.32288 	0
0.0548503 	-45.9538 	42.0858 	-1.30916 	0
0.0554216 	-46.1605 	42.0914 	-1.29415 	0
0.055993 	-46.3672 	42.0971 	-1.27915 	0
0.0565643 	-46.5739 	42.1027 	-1.26415 	0
0.0571357 	-46.7775 	42.1084 	-1.25103 	0
0.057707 	-46.9798 	42.1141 	-1.23863 	0
0.0582784 	-47.1822 	42.1198 	-1.22623 	0
0.0588497 	-47.3845 	42.1256 	-1.21383 	0
0.0594211 	-47.5869 	42.1313 	-1.20143 	0
0.0599925 	-47.7892 	42.137 	-1.18903 	0
0.0605638 	-47.9916 	42.1427 	-1.17663 	0
0.0611352 	-48.1784 	42.1481 	-1.16372 	0
0.0617065 	-48.3409 	42.1529 	-1.15 	0
0.0622779 	-48.5034 	42.1577 	-1.13629 	0
0.0628492 	-48.6659 	42.1625 	-1.12257 	0
0.0634206 	-48.8293 	42.1674 	-1.10958 	0
0.063992 	-48.9942 	42.1725 	-1.09774 	0
0.0645633 	-49.159 	42.1776 	-1.0859 	0
0.0651347 	-49.3239 	42.1827 	-1.07406 	0
0.065706 	-49.4888 	42.1878 	-1.06222 	0
0.0662774 	-49.6536 	42.1929 	-1.05038 	0
0.0668487 	-49.8185 	42.198 	-1.03854 	0
0.0674201 	-49.9817 	42.2031 	-1.02664 	0
0.0679915 	-50.1117 	42.2074 	-1.01372 	0
0.0685628 	-50.2418 	42.2117 	-1.0008 	0
0.0691342 	-50.3718 	42.216 	-0.987873 	0
0.0697055 	-50.5023 	42.2203 	-0.975005 	0
0.0702769 	-50.6413 	42.2251 	-0.96327 	0
0.0708482 	-50.7802 	42.23 	-0.951535 	0
0.0714196 	-50.9192 	42.2348 	-0.9398 	0
0.071991 	-51.0582 	42.2397 	-0.928066 	0
0.0725623 	-51.1971 	42.2445 	-0.916331 	0
0.0731337 	-51.3361 	42.2494 	-0.904596 	0
0.073705 	-51.4551 	42.2538 	-0.892256 	0
0.0742764 	-51.5631 	42.2579 	-0.879585 	0
0.0748477 	-51.6711 	42.262 	-0.866914 	0
0.0754191 	-51.7803 	42.2662 	-0.854445 	0
0.0759905 	-51.8957 	42.2709 	-0.843075 	0
0.0765618 	-52.0112 	42.2756 	-0.831705 	0
0.0771332 	-52.1266 	42.2802 	-0.820336 	0
0.0777045 	-52.2421 	42.2849 	-0.808966 	0
0.0782759 	-52.3576 	42.2896 	-0.797597 	0
0.0788472 	-52.4577 	42.2939 	-0.785763 	0
0.0794186 	-52.5464 	42.298 	-0.773582 	0
0.0799899 	-52.6351 	42.302 	-0.761402 	0
0.0805613 	-52.7283 	42.3064 	-0.749791 	0
0.0811327 	-52.8256 	42.3111 	-0.738692 	0
0.081704 	-52.9229 	42.3159 	-0.727592 	0
0.0822754 	-53.0201 	42.3206 	-0.716492 	0
0.0828467 	-53.1174 	42.3253 	-0.705392 	0
0.0834181 	-53.1994 	42.3297 	-0.693817 	0
0.0839894 	-53.2735 	42.3339 	-0.681995 	0
0.0845608 	-53.3476 	42.338 	-0.670176 	0
0.0851322 	-53.4304 	42.343 	-0.659296 	0
0.0857035 	-53.5132 	42.348 	-0.648416 	0
0.0862749 	-53.5961 	42.353 	-0.637537 	0
0.0868462 	-53.6789 	42.358 	-0.626657 	0
0.0874176 	-53.7465 	42.3626 	-0.615281 	0
0.0879889 	-53.8091 	42.3671 	-0.603744 	0
0.0885603 	-53.8755 	42.3721 	-0.592567 	0
0.0891317 	-53.9467 	42.3776 	-0.581851 	0
0.089703 	-54.0179 	42.3831 	-0.571134 	0
0.0902744 	-54.0891 	42.3886 	-0.560418 	0
0.0908457 	-54.1473 	42.3937 	-0.549254 	0
0.0914171 	-54.2008 	42.3988 	-0.537927 	0
0.0919884 	-54.2601 	42.4047 	-0.527134 	0
0.0925598 	-54.3218 	42.411 	-0.516554 	0
0.0931312 	-54.3834 	42.4173 	-0.505974 	0
0.0937025 	-54.4375 	42.4233 	-0.495117 	0
0.0942739 	-54.4837 	42.4292 	-0.483962 	0
0.0948452 	-54.5352 	42.4361 	-0.473296 	0
0.0954166 	-54.5889 	42.4435 	-0.462821 	0
0.0959879 	-54.6426 	42.4508 	-0.452346 	0
0.0965593 	-54.684 	42.4578 	-0.441375 	0
0.0971307 	-54.7265 	42.4655 	-0.430583 	0
0.097702 	-54.7735 	42.4742 	-0.420198 	0
0.0982734 	-54.8205 	42.483 	-0.409813 	0
0.0988447 	-54.8566 	42.4915 	-0.398948 	0
0.0994161 	-54.8952 	42.5011 	-0.388373 	0
0.0999874 	-54.9365 	42.5116 	-0.378059 	0
0.100559 	-54.9734 	42.5221 	-0.367529 	0
0.10113 	-55.0055 	42.5329 	-0.356845 	0
0.101702 	-55.0421 	42.5457 	-0.346594 	0
0.102273 	-55.075 	42.5583 	-0.336152 	0
0.102844 	-55.1039 	42.5717 	-0.3256 	0
0.103416 	-55.1364 	42.5869 	-0.315405 	0
0.103987 	-55.1626 	42.6019 	-0.304851 	0
0.104558 	-55.1907 	42.6195 	-0.294609 	0
0.10513 	-55.2164 	42.6374 	-0.284251 	0
0.105701 	-55.2406 	42.6574 	-0.273954 	0
0.106272 	-55.2637 	42.6784 	-0.263662 	0
0.106844 	-55.2857 	42.7022 	-0.253464 	0
0.107415 	-55.3051 	42.7267 	-0.243132 	0
0.107986 	-55.3253 	42.7515 	-0.233189 	0
0.108558 	-55.3414 	42.7176 	-0.222425 	0
0.109129 	-55.355 	42.5036 	-0.208896 	0
0.109701 	-55.3659 	41.8277 	-0.187772 	0
0.110272 	-55.3773 	40.4316 	-0.155808 	0
0.110843 	-55.3907 	38.5571 	-0.121056 	0
0.111415 	-55.4052 	36.4527 	-0.088276 	0
0.111986 	-55.4234 	34.173 	-0.0599541 	0
0.112557 	-55.446 	31.503 	-0.0356337 	0
0.113129 	-55.4713 	27.4654 	-0.0148363 	0
0.1137 	-55.4892 	1.15651e-10 	-3.60669e-15 	0
