0 	-189.142 	0 	0 	0
0.000571357 	-189.107 	-0.410612 	0.140941 	0
0.00114271 	-189.042 	-1.64042 	0.522159 	0
0.00171407 	-189.07 	-2.21511 	0.848742 	0
0.00228543 	-189.186 	-2.38414 	1.06803 	0
0.00285678 	-189.344 	-2.37268 	1.21651 	0
0.00342814 	-189.512 	-2.26728 	1.31844 	0
0.0039995 	-189.668 	-2.11295 	1.39104 	0
0.00457085 	-189.804 	-1.92531 	1.44079 	0
0.00514221 	-189.912 	-1.71758 	1.47187 	0
0.00571357 	-189.992 	-1.49342 	1.48619 	0
0.00628492 	-190.042 	-1.2596 	1.48522 	0
0.00685628 	-190.065 	-1.01988 	1.46945 	0
0.00742764 	-190.06 	-0.775852 	1.43891 	0
0.00799899 	-190.022 	-0.524445 	1.39092 	0
0.00857035 	-189.948 	-0.258151 	1.32397 	0
0.00914171 	-189.808 	0.0779074 	1.22518 	0
0.00971307 	-189.599 	0.570122 	1.08312 	0
0.0102844 	-189.327 	1.53963 	0.856448 	0
0.0108558 	-188.995 	3.40796 	0.527854 	0
0.0114271 	-188.587 	6.27844 	0.147576 	0
0.0119985 	-188.089 	10.1543 	-0.223652 	0
0.0125698 	-187.571 	14.0981 	-0.482329 	0
0.0131412 	-186.565 	21.0327 	-0.651417 	0
0.0137126 	-185.866 	26.5266 	-0.615314 	0
0.0142839 	-185.492 	29.5733 	-0.640623 	0
0.0148553 	-185.071 	32.0596 	-0.681199 	0
0.0154266 	-184.583 	34.3113 	-0.71297 	0
0.015998 	-184.034 	35.7483 	-0.738592 	0
0.0165693 	-183.452 	36.5971 	-0.759345 	0
0.0171407 	-182.842 	37.2525 	-0.776952 	0
0.0177121 	-182.208 	37.8338 	-0.792712 	0
0.0182834 	-181.553 	38.362 	-0.807082 	0
0.0188548 	-180.872 	38.8361 	-0.82005 	0
0.0194261 	-180.178 	39.2693 	-0.831717 	0
0.0199975 	-179.476 	39.6842 	-0.842867 	0
0.0205688 	-178.747 	40.0513 	-0.852591 	0
0.0211402 	-178.022 	40.413 	-0.862069 	0
0.0217116 	-177.274 	40.7364 	-0.87037 	0
0.0222829 	-176.531 	41.0602 	-0.87865 	0
0.0228543 	-175.771 	41.348 	-0.885619 	0
0.0234256 	-175.008 	41.6332 	-0.892499 	0
0.023997 	-174.248 	41.9049 	-0.898873 	0
0.0245683 	-173.477 	42.1566 	-0.904502 	0
0.0251397 	-172.706 	42.4084 	-0.910135 	0
0.0257111 	-171.939 	42.645 	-0.915124 	0
0.0262824 	-171.164 	42.8675 	-0.919439 	0
0.0268538 	-170.389 	43.0899 	-0.923755 	0
0.0274251 	-169.622 	43.3065 	-0.927929 	0
0.0279965 	-168.852 	43.4998 	-0.931127 	0
0.0285678 	-168.081 	43.693 	-0.934326 	0
0.0291392 	-167.312 	43.8863 	-0.937541 	0
0.0297106 	-166.553 	44.0567 	-0.940017 	0
0.0302819 	-165.792 	44.1934 	-0.94116 	0
0.0308533 	-165.032 	44.3301 	-0.942304 	0
0.0314246 	-164.272 	44.4668 	-0.943447 	0
0.031996 	-163.522 	44.5986 	-0.944632 	0
0.0325673 	-162.792 	44.6318 	-0.942785 	0
0.0331387 	-162.062 	44.6651 	-0.940937 	0
0.0337101 	-161.332 	44.6984 	-0.93909 	0
0.0342814 	-160.602 	44.7316 	-0.937242 	0
0.0348528 	-159.884 	44.7623 	-0.935585 	0
0.0354241 	-159.208 	44.7422 	-0.932059 	0
0.0359955 	-158.531 	44.7221 	-0.928532 	0
0.0365668 	-157.855 	44.7019 	-0.925006 	0
0.0371382 	-157.178 	44.6818 	-0.921479 	0
0.0377095 	-156.505 	44.6618 	-0.918072 	0
0.0382809 	-155.853 	44.6436 	-0.91458 	0
0.0388523 	-155.234 	44.6288 	-0.910478 	0
0.0394236 	-154.615 	44.614 	-0.906376 	0
0.039995 	-153.996 	44.5992 	-0.902274 	0
0.0405663 	-153.378 	44.5843 	-0.898172 	0
0.0411377 	-152.759 	44.5695 	-0.894069 	0
0.041709 	-152.146 	44.5548 	-0.890267 	0
0.0422804 	-151.576 	44.5414 	-0.885802 	0
0.0428518 	-151.019 	44.5283 	-0.881134 	0
0.0434231 	-150.461 	44.5152 	-0.876466 	0
0.0439945 	-149.904 	44.5021 	-0.871798 	0
0.0445658 	-149.346 	44.489 	-0.867131 	0
0.0451372 	-148.788 	44.4759 	-0.862463 	0
0.0457085 	-148.234 	44.4629 	-0.857967 	0
0.0462799 	-147.697 	44.4503 	-0.853394 	0
0.0468513 	-147.203 	44.439 	-0.848199 	0
0.0474226 	-146.71 	44.4277 	-0.843005 	0
0.047994 	-146.217 	44.4164 	-0.837811 	0
0.0485653 	-145.723 	44.4051 	-0.832616 	0
0.0491367 	-145.23 	44.3939 	-0.827422 	0
0.049708 	-144.737 	44.3826 	-0.822227 	0
0.0502794 	-144.244 	44.3713 	-0.817073 	0
0.0508508 	-143.755 	44.3601 	-0.812147 	0
0.0514221 	-143.304 	44.35 	-0.806793 	0
0.0519935 	-142.876 	44.3405 	-0.801173 	0
0.0525648 	-142.448 	44.331 	-0.795553 	0
0.0531362 	-142.02 	44.3215 	-0.789934 	0
0.0537075 	-141.593 	44.312 	-0.784314 	0
0.0542789 	-141.165 	44.3025 	-0.778694 	0
0.0548503 	-140.737 	44.2931 	-0.773075 	0
0.0554216 	-140.309 	44.2836 	-0.767455 	0
0.055993 	-139.883 	44.2741 	-0.76195 	0
0.0565643 	-139.459 	44.2647 	-0.75657 	0
0.0571357 	-139.086 	44.2567 	-0.750871 	0
0.057707 	-138.733 	44.2492 	-0.745053 	0
0.0582784 	-138.379 	44.2417 	-0.739234 	0
0.0588497 	-138.026 	44.2342 	-0.733416 	0
0.0594211 	-137.672 	44.2267 	-0.727597 	0
0.0599925 	-137.319 	44.2193 	-0.721779 	0
0.0605638 	-136.966 	44.2118 	-0.71596 	0
0.0611352 	-136.612 	44.2043 	-0.710142 	0
0.0617065 	-136.259 	44.1968 	-0.704323 	0
0.0622779 	-135.907 	44.1893 	-0.698586 	0
0.0628492 	-135.555 	44.1819 	-0.692973 	0
0.0634206 	-135.226 	44.175 	-0.687193 	0
0.063992 	-134.931 	44.1692 	-0.681148 	0
0.0645633 	-134.635 	44.1633 	-0.675104 	0
0.0651347 	-134.34 	44.1575 	-0.66906 	0
0.065706 	-134.045 	44.1517 	-0.663016 	0
0.0662774 	-133.75 	44.1458 	-0.656971 	0
0.0668487 	-133.454 	44.14 	-0.650927 	0
0.0674201 	-133.159 	44.1341 	-0.644883 	0
0.0679915 	-132.864 	44.1283 	-0.638839 	0
0.0685628 	-132.569 	44.1224 	-0.632805 	0
0.0691342 	-132.275 	44.1166 	-0.62694 	0
0.0697055 	-131.983 	44.1109 	-0.621053 	0
0.0702769 	-131.73 	44.1063 	-0.614708 	0
0.0708482 	-131.477 	44.1018 	-0.608362 	0
0.0714196 	-131.224 	44.0973 	-0.602017 	0
0.071991 	-130.971 	44.0928 	-0.595671 	0
0.0725623 	-130.719 	44.0883 	-0.589326 	0
0.0731337 	-130.466 	44.0838 	-0.58298 	0
0.073705 	-130.213 	44.0793 	-0.576635 	0
0.0742764 	-129.96 	44.0748 	-0.570289 	0
0.0748477 	-129.708 	44.0703 	-0.564093 	0
0.0754191 	-129.462 	44.066 	-0.557874 	0
0.0759905 	-129.249 	44.0628 	-0.551449 	0
0.0765618 	-129.035 	44.0596 	-0.545024 	0
0.0771332 	-128.822 	44.0564 	-0.538598 	0
0.0777045 	-128.608 	44.0531 	-0.532173 	0
0.0782759 	-128.395 	44.0499 	-0.525748 	0
0.0788472 	-128.181 	44.0467 	-0.519322 	0
0.0794186 	-127.968 	44.0435 	-0.512906 	0
0.0799899 	-127.755 	44.0403 	-0.50663 	0
0.0805613 	-127.559 	44.0377 	-0.500249 	0
0.0811327 	-127.377 	44.0357 	-0.493773 	0
0.081704 	-127.196 	44.0337 	-0.487296 	0
0.0822754 	-127.014 	44.0317 	-0.48082 	0
0.0828467 	-126.833 	44.0296 	-0.474344 	0
0.0834181 	-126.651 	44.0276 	-0.467868 	0
0.0839894 	-126.469 	44.0256 	-0.461439 	0
0.0845608 	-126.288 	44.0236 	-0.455101 	0
0.0851322 	-126.133 	44.0227 	-0.448599 	0
0.0857035 	-125.977 	44.0219 	-0.442097 	0
0.0862749 	-125.821 	44.021 	-0.435595 	0
0.0868462 	-125.665 	44.0202 	-0.429093 	0
0.0874176 	-125.51 	44.0193 	-0.422591 	0
0.0879889 	-125.354 	44.0184 	-0.416168 	0
0.0885603 	-125.208 	44.0181 	-0.409733 	0
0.0891317 	-125.074 	44.0185 	-0.403214 	0
0.089703 	-124.94 	44.0188 	-0.396695 	0
0.0902744 	-124.805 	44.0192 	-0.390176 	0
0.0908457 	-124.671 	44.0196 	-0.383658 	0
0.0914171 	-124.537 	44.0199 	-0.37723 	0
0.0919884 	-124.416 	44.0212 	-0.370743 	0
0.0925598 	-124.299 	44.0229 	-0.364218 	0
0.0931312 	-124.183 	44.0246 	-0.357693 	0
0.0937025 	-124.067 	44.0263 	-0.351168 	0
0.0942739 	-123.951 	44.028 	-0.344715 	0
0.0948452 	-123.846 	44.0307 	-0.338223 	0
0.0954166 	-123.744 	44.0339 	-0.331695 	0
0.0959879 	-123.643 	44.0371 	-0.325168 	0
0.0965593 	-123.542 	44.0403 	-0.318656 	0
0.0971307 	-123.446 	44.0441 	-0.312204 	0
0.097702 	-123.358 	44.049 	-0.30568 	0
0.0982734 	-123.27 	44.054 	-0.299155 	0
0.0988447 	-123.182 	44.0589 	-0.292658 	0
0.0994161 	-123.1 	44.0649 	-0.286186 	0
0.0999874 	-123.023 	44.0719 	-0.279667 	0
0.100559 	-122.946 	44.0788 	-0.273147 	0
0.10113 	-122.871 	44.0864 	-0.266696 	0
0.101702 	-122.804 	44.0956 	-0.260185 	0
0.102273 	-122.736 	44.1049 	-0.253673 	0
0.102844 	-122.671 	44.1151 	-0.247223 	0
0.103416 	-122.612 	44.1269 	-0.240723 	0
0.103987 	-122.553 	44.1388 	-0.234255 	0
0.104558 	-122.499 	44.1531 	-0.227777 	0
0.10513 	-122.447 	44.1678 	-0.221286 	0
0.105701 	-122.399 	44.1845 	-0.214849 	0
0.106272 	-122.352 	44.2023 	-0.208389 	0
0.106844 	-122.31 	44.2225 	-0.201936 	0
0.107415 	-122.269 	44.2437 	-0.195484 	0
0.107986 	-122.233 	44.2681 	-0.189072 	0
0.108558 	-122.199 	44.2945 	-0.182637 	0
0.109129 	-122.168 	44.3234 	-0.176205 	0
0.109701 	-122.14 	44.3542 	-0.169864 	0
0.110272 	-122.114 	44.3438 	-0.163197 	0
0.110843 	-122.089 	43.9029 	-0.150846 	0
0.111415 	-122.071 	42.2231 	-0.119412 	0
0.111986 	-122.066 	39.2717 	-0.0789413 	0
0.112557 	-122.074 	35.7693 	-0.0449811 	0
0.113129 	-122.093 	31.0084 	-0.0186242 	0
0.1137 	-122.114 	1.40392e-10 	-5.01997e-15 	0
