0 	10.1335 	0 	0 	0
0.000571357 	10.1018 	15.1917 	-0.0143869 	0
0.00114271 	10.0225 	16.5297 	-0.039158 	0
0.00171407 	9.934 	17.3103 	-0.0658131 	0
0.00228543 	9.84851 	17.9455 	-0.0929234 	0
0.00285678 	9.7696 	18.5291 	-0.120039 	0
0.00342814 	9.69835 	19.0957 	-0.146867 	0
0.0039995 	9.6345 	19.6625 	-0.173091 	0
0.00457085 	9.57689 	20.2402 	-0.1986 	0
0.00514221 	9.52479 	20.8345 	-0.222959 	0
0.00571357 	9.47635 	21.4512 	-0.246192 	0
0.00628492 	9.43046 	22.0927 	-0.267999 	0
0.00685628 	9.38588 	22.7609 	-0.288192 	0
0.00742764 	9.34115 	23.4586 	-0.306718 	0
0.00799899 	9.29571 	24.1855 	-0.322992 	0
0.00857035 	9.24821 	24.9392 	-0.337277 	0
0.00914171 	9.19735 	25.7245 	-0.349161 	0
0.00971307 	9.1484 	26.5375 	-0.358633 	0
0.0102844 	9.10585 	27.3893 	-0.364672 	0
0.0108558 	9.05786 	28.2866 	-0.366984 	0
0.0114271 	8.9936 	29.1979 	-0.366073 	0
0.0119985 	8.91351 	30.1011 	-0.362933 	0
0.0125698 	8.84384 	30.8437 	-0.359041 	0
0.0131412 	8.79829 	31.9612 	-0.35154 	0
0.0137126 	8.72028 	32.9947 	-0.343012 	0
0.0142839 	8.63269 	34.0616 	-0.331749 	0
0.0148553 	8.54237 	35.1863 	-0.316513 	0
0.0154266 	8.44458 	36.311 	-0.29863 	0
0.015998 	8.32261 	36.9799 	-0.292832 	0
0.0165693 	8.19292 	37.3302 	-0.294993 	0
0.0171407 	8.06098 	37.6125 	-0.298379 	0
0.0177121 	7.92734 	37.8829 	-0.30169 	0
0.0182834 	7.79243 	38.1454 	-0.3049 	0
0.0188548 	7.65241 	38.398 	-0.308035 	0
0.0194261 	7.51411 	38.6408 	-0.311 	0
0.0199975 	7.37248 	38.8794 	-0.31394 	0
0.0205688 	7.23003 	39.1044 	-0.316682 	0
0.0211402 	7.08719 	39.3271 	-0.319397 	0
0.0217116 	6.94056 	39.534 	-0.321926 	0
0.0222829 	6.79207 	39.7411 	-0.324473 	0
0.0228543 	6.64652 	39.9231 	-0.326674 	0
0.0234256 	6.49507 	40.1039 	-0.328897 	0
0.023997 	6.34909 	40.268 	-0.330919 	0
0.0245683 	6.19492 	40.4103 	-0.332734 	0
0.0251397 	6.04076 	40.5525 	-0.334549 	0
0.0257111 	5.89321 	40.6663 	-0.336036 	0
0.0262824 	5.73721 	40.7556 	-0.337242 	0
0.0268538 	5.58121 	40.8448 	-0.338449 	0
0.0274251 	5.43001 	40.9213 	-0.339535 	0
0.0279965 	5.27752 	40.9509 	-0.340109 	0
0.0285678 	5.12126 	40.9808 	-0.340671 	0
0.0291392 	4.965 	41.0107 	-0.341234 	0
0.0297106 	4.81877 	41.0229 	-0.341628 	0
0.0302819 	4.66472 	41.0104 	-0.341622 	0
0.0308533 	4.51029 	40.998 	-0.341613 	0
0.0314246 	4.35587 	40.9856 	-0.341604 	0
0.031996 	4.20282 	40.973 	-0.341595 	0
0.0325673 	4.06148 	40.9573 	-0.341467 	0
0.0331387 	3.91067 	40.9418 	-0.341257 	0
0.0337101 	3.75986 	40.9262 	-0.341047 	0
0.0342814 	3.60905 	40.9107 	-0.340837 	0
0.0348528 	3.45971 	40.8964 	-0.340643 	0
0.0354241 	3.32255 	40.9013 	-0.340603 	0
0.0359955 	3.17492 	40.9065 	-0.340475 	0
0.0365668 	3.02729 	40.9116 	-0.340347 	0
0.0371382 	2.87965 	40.9167 	-0.340219 	0
0.0377095 	2.73202 	40.9218 	-0.340091 	0
0.0382809 	2.59226 	40.9273 	-0.339925 	0
0.0388523 	2.45422 	40.9339 	-0.339538 	0
0.0394236 	2.31001 	40.9407 	-0.339088 	0
0.039995 	2.1658 	40.9474 	-0.338637 	0
0.0405663 	2.02159 	40.9542 	-0.338187 	0
0.0411377 	1.87738 	40.961 	-0.337737 	0
0.041709 	1.73317 	40.9678 	-0.337286 	0
0.0422804 	1.60713 	40.9703 	-0.336799 	0
0.0428518 	1.46841 	40.9719 	-0.336067 	0
0.0434231 	1.32969 	40.9735 	-0.335336 	0
0.0439945 	1.19097 	40.9752 	-0.334605 	0
0.0445658 	1.05225 	40.9768 	-0.333874 	0
0.0451372 	0.913537 	40.9785 	-0.333143 	0
0.0457085 	0.77482 	40.9801 	-0.332412 	0
0.0462799 	0.642008 	40.9821 	-0.331692 	0
0.0468513 	0.520277 	40.9855 	-0.330902 	0
0.0474226 	0.388023 	40.9892 	-0.329953 	0
0.047994 	0.255769 	40.9928 	-0.329004 	0
0.0485653 	0.123515 	40.9965 	-0.328055 	0
0.0491367 	-0.00873896 	41.0001 	-0.327106 	0
0.049708 	-0.140993 	41.0038 	-0.326157 	0
0.0502794 	-0.273247 	41.0074 	-0.325208 	0
0.0508508 	-0.405501 	41.011 	-0.324259 	0
0.0514221 	-0.522762 	41.0143 	-0.323292 	0
0.0519935 	-0.641152 	41.0175 	-0.322123 	0
0.0525648 	-0.765173 	41.0209 	-0.32085 	0
0.0531362 	-0.889195 	41.0243 	-0.319577 	0
0.0537075 	-1.01322 	41.0277 	-0.318304 	0
0.0542789 	-1.13724 	41.0311 	-0.31703 	0
0.0548503 	-1.26126 	41.0345 	-0.315757 	0
0.0554216 	-1.38528 	41.0379 	-0.314484 	0
0.055993 	-1.5093 	41.0413 	-0.313211 	0
0.0565643 	-1.63333 	41.0447 	-0.311938 	0
0.0571357 	-1.73748 	41.0478 	-0.310736 	0
0.057707 	-1.84268 	41.0511 	-0.309369 	0
0.0582784 	-1.95322 	41.0545 	-0.307882 	0
0.0588497 	-2.06377 	41.0578 	-0.306395 	0
0.0594211 	-2.17431 	41.0612 	-0.304908 	0
0.0599925 	-2.28485 	41.0646 	-0.303421 	0
0.0605638 	-2.39539 	41.068 	-0.301934 	0
0.0611352 	-2.50593 	41.0714 	-0.300448 	0
0.0617065 	-2.61647 	41.0747 	-0.298961 	0
0.0622779 	-2.72701 	41.0781 	-0.297474 	0
0.0628492 	-2.83756 	41.0815 	-0.295987 	0
0.0634206 	-2.93919 	41.0848 	-0.294523 	0
0.063992 	-3.02999 	41.088 	-0.293005 	0
0.0645633 	-3.1296 	41.0914 	-0.291247 	0
0.0651347 	-3.22921 	41.0949 	-0.289489 	0
0.065706 	-3.32881 	41.0983 	-0.287731 	0
0.0662774 	-3.42842 	41.1018 	-0.285972 	0
0.0668487 	-3.52803 	41.1052 	-0.284214 	0
0.0674201 	-3.62763 	41.1086 	-0.282456 	0
0.0679915 	-3.72724 	41.1121 	-0.280698 	0
0.0685628 	-3.82685 	41.1155 	-0.278939 	0
0.0691342 	-3.92645 	41.1189 	-0.277181 	0
0.0697055 	-4.02517 	41.1224 	-0.275427 	0
0.0702769 	-4.10629 	41.1258 	-0.273738 	0
0.0708482 	-4.19744 	41.1294 	-0.271718 	0
0.0714196 	-4.28858 	41.133 	-0.269697 	0
0.071991 	-4.37972 	41.1367 	-0.267677 	0
0.0725623 	-4.47086 	41.1403 	-0.265657 	0
0.0731337 	-4.562 	41.144 	-0.263637 	0
0.073705 	-4.65314 	41.1476 	-0.261616 	0
0.0742764 	-4.74428 	41.1512 	-0.259596 	0
0.0748477 	-4.83542 	41.1549 	-0.257576 	0
0.0754191 	-4.9235 	41.1585 	-0.255588 	0
0.0759905 	-4.99781 	41.1622 	-0.25366 	0
0.0765618 	-5.07864 	41.166 	-0.251478 	0
0.0771332 	-5.15946 	41.1699 	-0.249296 	0
0.0777045 	-5.24028 	41.1737 	-0.247113 	0
0.0782759 	-5.3211 	41.1775 	-0.244931 	0
0.0788472 	-5.40193 	41.1813 	-0.242749 	0
0.0794186 	-5.48275 	41.1852 	-0.240567 	0
0.0799899 	-5.56357 	41.189 	-0.238385 	0
0.0805613 	-5.63519 	41.1929 	-0.236334 	0
0.0811327 	-5.70505 	41.197 	-0.234102 	0
0.081704 	-5.77664 	41.2012 	-0.231792 	0
0.0822754 	-5.84823 	41.2053 	-0.229481 	0
0.0828467 	-5.91982 	41.2094 	-0.227171 	0
0.0834181 	-5.99141 	41.2136 	-0.22486 	0
0.0839894 	-6.063 	41.2177 	-0.22255 	0
0.0845608 	-6.13455 	41.2219 	-0.22024 	0
0.0851322 	-6.19335 	41.2264 	-0.218087 	0
0.0857035 	-6.25676 	41.231 	-0.215689 	0
0.0862749 	-6.32016 	41.2356 	-0.213291 	0
0.0868462 	-6.38357 	41.2402 	-0.210893 	0
0.0874176 	-6.44698 	41.2449 	-0.208495 	0
0.0879889 	-6.51039 	41.2495 	-0.206097 	0
0.0885603 	-6.56787 	41.2543 	-0.203836 	0
0.0891317 	-6.6233 	41.2596 	-0.201411 	0
0.089703 	-6.67951 	41.2649 	-0.198939 	0
0.0902744 	-6.73571 	41.2702 	-0.196467 	0
0.0908457 	-6.79192 	41.2755 	-0.193995 	0
0.0914171 	-6.84812 	41.2808 	-0.191522 	0
0.0919884 	-6.89708 	41.2867 	-0.189207 	0
0.0925598 	-6.94695 	41.293 	-0.186688 	0
0.0931312 	-6.99682 	41.2992 	-0.184168 	0
0.0937025 	-7.04668 	41.3054 	-0.181649 	0
0.0942739 	-7.09655 	41.3117 	-0.17913 	0
0.0948452 	-7.14032 	41.3188 	-0.176748 	0
0.0954166 	-7.18464 	41.3262 	-0.174188 	0
0.0959879 	-7.22896 	41.3337 	-0.171628 	0
0.0965593 	-7.27328 	41.3412 	-0.169067 	0
0.0971307 	-7.31424 	41.3492 	-0.166641 	0
0.097702 	-7.35366 	41.3583 	-0.16406 	0
0.0982734 	-7.39311 	41.3674 	-0.161476 	0
0.0988447 	-7.43257 	41.3765 	-0.158892 	0
0.0994161 	-7.46837 	41.3867 	-0.156425 	0
0.0999874 	-7.50359 	41.3977 	-0.153823 	0
0.100559 	-7.5388 	41.4088 	-0.15122 	0
0.10113 	-7.57222 	41.4204 	-0.148713 	0
0.101702 	-7.60361 	41.4338 	-0.146112 	0
0.102273 	-7.63511 	41.4472 	-0.143497 	0
0.102844 	-7.66467 	41.4616 	-0.140976 	0
0.103416 	-7.69292 	41.4778 	-0.138352 	0
0.103987 	-7.72117 	41.4939 	-0.135729 	0
0.104558 	-7.7465 	41.5129 	-0.133208 	0
0.10513 	-7.77198 	41.5324 	-0.130607 	0
0.105701 	-7.79539 	41.5506 	-0.128141 	0
0.106272 	-7.81835 	41.569 	-0.125625 	0
0.106844 	-7.83831 	41.5073 	-0.122258 	0
0.107415 	-7.85751 	41.3992 	-0.118272 	0
0.107986 	-7.8747 	40.8865 	-0.108408 	0
0.108558 	-7.89268 	40.0659 	-0.0944455 	0
0.109129 	-7.91078 	38.9483 	-0.077374 	0
0.109701 	-7.92771 	37.6222 	-0.0601696 	0
0.110272 	-7.94317 	36.1895 	-0.0450088 	0
0.110843 	-7.95851 	34.6977 	-0.0320408 	0
0.111415 	-7.97294 	33.1462 	-0.0215356 	0
0.111986 	-7.98557 	31.42 	-0.0135102 	0
0.112557 	-7.99574 	29.2357 	-0.00737563 	0
0.113129 	-8.00282 	25.7034 	-0.0028945 	0
0.1137 	-8.00591 	1.01834e-10 	-7.18606e-16 	0
