0 	-226.937 	0 	0 	0
0.000571357 	-227.128 	-1.88731 	0.151643 	0
0.00114271 	-227.504 	-4.85798 	0.643034 	0
0.00171407 	-226.495 	-8.29684 	1.54213 	0
0.00228543 	-224.823 	-9.45559 	2.1396 	0
0.00285678 	-223.692 	-8.76317 	2.3647 	0
0.00342814 	-223.458 	-7.35752 	2.40836 	0
0.0039995 	-223.826 	-5.3198 	2.37443 	0
0.00457085 	-224.916 	-3.30832 	2.26281 	0
0.00514221 	-225.638 	-2.07848 	2.08193 	0
0.00571357 	-226.171 	-1.04436 	1.87009 	0
0.00628492 	-226.489 	-0.0781399 	1.64513 	0
0.00685628 	-226.598 	0.884756 	1.41595 	0
0.00742764 	-226.538 	1.8814 	1.18384 	0
0.00799899 	-226.308 	2.94502 	0.948086 	0
0.00857035 	-225.792 	4.11712 	0.708604 	0
0.00914171 	-224.974 	5.49291 	0.470276 	0
0.00971307 	-224.309 	7.13951 	0.235583 	0
0.0102844 	-224.036 	8.97586 	0.00251913 	0
0.0108558 	-223.654 	10.9189 	-0.225484 	0
0.0114271 	-223.03 	13.0918 	-0.434812 	0
0.0119985 	-222.402 	15.524 	-0.614575 	0
0.0125698 	-221.819 	18.0956 	-0.752746 	0
0.0131412 	-221.259 	21.3191 	-0.864244 	0
0.0137126 	-220.5 	24.9967 	-0.91854 	0
0.0142839 	-219.629 	29.2436 	-0.909181 	0
0.0148553 	-218.843 	32.9926 	-0.865125 	0
0.0154266 	-218.243 	33.8584 	-0.89993 	0
0.015998 	-217.631 	34.5338 	-0.932728 	0
0.0165693 	-217.014 	35.1175 	-0.962249 	0
0.0171407 	-216.392 	35.6815 	-0.990501 	0
0.0177121 	-215.753 	36.2257 	-1.0173 	0
0.0182834 	-215.112 	36.7555 	-1.04304 	0
0.0188548 	-214.462 	37.2687 	-1.06755 	0
0.0194261 	-213.796 	37.7698 	-1.09107 	0
0.0199975 	-213.121 	38.2632 	-1.11377 	0
0.0205688 	-212.437 	38.731 	-1.1351 	0
0.0211402 	-211.743 	39.1528 	-1.15442 	0
0.0217116 	-211.034 	39.5199 	-1.17153 	0
0.0222829 	-210.317 	39.8743 	-1.18788 	0
0.0228543 	-209.601 	40.229 	-1.20376 	0
0.0234256 	-208.879 	40.5841 	-1.21922 	0
0.023997 	-208.134 	40.9247 	-1.23376 	0
0.0245683 	-207.396 	41.245 	-1.24712 	0
0.0251397 	-206.653 	41.5511 	-1.25973 	0
0.0257111 	-205.891 	41.8221 	-1.27072 	0
0.0262824 	-205.141 	42.0906 	-1.28147 	0
0.0268538 	-204.37 	42.3535 	-1.29152 	0
0.0274251 	-203.612 	42.6161 	-1.30141 	0
0.0279965 	-202.833 	42.8765 	-1.31082 	0
0.0285678 	-202.069 	43.1309 	-1.31989 	0
0.0291392 	-201.283 	43.3449 	-1.32697 	0
0.0297106 	-200.51 	43.5601 	-1.3341 	0
0.0302819 	-199.728 	43.6888 	-1.33774 	0
0.0308533 	-198.945 	43.8072 	-1.34097 	0
0.0314246 	-198.178 	43.9083 	-1.34359 	0
0.031996 	-197.405 	43.9871 	-1.34532 	0
0.0325673 	-196.642 	44.0663 	-1.34714 	0
0.0331387 	-195.88 	44.1431 	-1.34814 	0
0.0337101 	-195.117 	44.2195 	-1.34895 	0
0.0342814 	-194.367 	44.2966 	-1.34992 	0
0.0348528 	-193.619 	44.3203 	-1.34836 	0
0.0354241 	-192.872 	44.3437 	-1.34679 	0
0.0359955 	-192.136 	44.368 	-1.34541 	0
0.0365668 	-191.413 	44.3591 	-1.34239 	0
0.0371382 	-190.69 	44.3476 	-1.33924 	0
0.0377095 	-189.974 	44.3364 	-1.33621 	0
0.0382809 	-189.273 	44.3233 	-1.33274 	0
0.0388523 	-188.578 	44.3089 	-1.32891 	0
0.0394236 	-187.882 	44.2944 	-1.32507 	0
0.039995 	-187.199 	44.28 	-1.32146 	0
0.0405663 	-186.534 	44.2597 	-1.31686 	0
0.0411377 	-185.868 	44.2394 	-1.31225 	0
0.041709 	-185.205 	44.2191 	-1.3077 	0
0.0422804 	-184.553 	44.1991 	-1.30326 	0
0.0428518 	-183.921 	44.1793 	-1.29819 	0
0.0434231 	-183.289 	44.1594 	-1.29313 	0
0.0439945 	-182.657 	44.1396 	-1.28809 	0
0.0445658 	-182.033 	44.1198 	-1.28331 	0
0.0451372 	-181.435 	44.1124 	-1.2782 	0
0.0457085 	-180.836 	44.105 	-1.27309 	0
0.0462799 	-180.238 	44.0976 	-1.26798 	0
0.0468513 	-179.644 	44.0903 	-1.26305 	0
0.0474226 	-179.065 	44.0858 	-1.25796 	0
0.047994 	-178.501 	44.0843 	-1.25259 	0
0.0485653 	-177.936 	44.0827 	-1.24723 	0
0.0491367 	-177.371 	44.0812 	-1.24187 	0
0.049708 	-176.811 	44.0798 	-1.23674 	0
0.0502794 	-176.269 	44.0765 	-1.23124 	0
0.0508508 	-175.739 	44.0719 	-1.22547 	0
0.0514221 	-175.21 	44.0674 	-1.21971 	0
0.0519935 	-174.68 	44.0628 	-1.21394 	0
0.0525648 	-174.153 	44.0583 	-1.20836 	0
0.0531362 	-173.639 	44.0537 	-1.20268 	0
0.0537075 	-173.145 	44.0487 	-1.19665 	0
0.0542789 	-172.652 	44.0437 	-1.19062 	0
0.0548503 	-172.159 	44.0387 	-1.18459 	0
0.0554216 	-171.666 	44.0336 	-1.17859 	0
0.055993 	-171.175 	44.0287 	-1.17281 	0
0.0565643 	-170.707 	44.0243 	-1.16677 	0
0.0571357 	-170.25 	44.0202 	-1.16059 	0
0.057707 	-169.793 	44.0161 	-1.15442 	0
0.0582784 	-169.337 	44.012 	-1.14824 	0
0.0588497 	-168.881 	44.0079 	-1.14209 	0
0.0594211 	-168.425 	44.0038 	-1.13614 	0
0.0599925 	-167.991 	43.9998 	-1.13008 	0
0.0605638 	-167.578 	43.9959 	-1.1239 	0
0.0611352 	-167.165 	43.992 	-1.11772 	0
0.0617065 	-166.752 	43.988 	-1.11155 	0
0.0622779 	-166.339 	43.9841 	-1.10537 	0
0.0628492 	-165.926 	43.9802 	-1.09932 	0
0.0634206 	-165.514 	43.9763 	-1.09335 	0
0.063992 	-165.13 	43.9722 	-1.08718 	0
0.0645633 	-164.75 	43.9681 	-1.08097 	0
0.0651347 	-164.371 	43.9639 	-1.07476 	0
0.065706 	-163.991 	43.9598 	-1.06856 	0
0.0662774 	-163.612 	43.9556 	-1.06235 	0
0.0668487 	-163.232 	43.9515 	-1.05633 	0
0.0674201 	-162.858 	43.9474 	-1.05026 	0
0.0679915 	-162.502 	43.9434 	-1.04397 	0
0.0685628 	-162.146 	43.9394 	-1.03768 	0
0.0691342 	-161.791 	43.9354 	-1.03139 	0
0.0697055 	-161.435 	43.9315 	-1.02511 	0
0.0702769 	-161.078 	43.9275 	-1.01894 	0
0.0708482 	-160.724 	43.9235 	-1.01283 	0
0.0714196 	-160.394 	43.9204 	-1.00664 	0
0.071991 	-160.064 	43.9172 	-1.00045 	0
0.0725623 	-159.734 	43.914 	-0.994257 	0
0.0731337 	-159.404 	43.9108 	-0.988068 	0
0.073705 	-159.074 	43.9076 	-0.982024 	0
0.0742764 	-158.751 	43.9052 	-0.975984 	0
0.0748477 	-158.443 	43.9039 	-0.96992 	0
0.0754191 	-158.135 	43.9026 	-0.963857 	0
0.0759905 	-157.827 	43.9013 	-0.957793 	0
0.0765618 	-157.519 	43.9 	-0.951806 	0
0.0771332 	-157.212 	43.8989 	-0.945896 	0
0.0777045 	-156.922 	43.8995 	-0.939998 	0
0.0782759 	-156.633 	43.9001 	-0.934101 	0
0.0788472 	-156.344 	43.9006 	-0.928203 	0
0.0794186 	-156.053 	43.9012 	-0.922379 	0
0.0799899 	-155.767 	43.9018 	-0.916612 	0
0.0805613 	-155.493 	43.9029 	-0.910813 	0
0.0811327 	-155.219 	43.9039 	-0.905014 	0
0.081704 	-154.946 	43.9049 	-0.899215 	0
0.0822754 	-154.67 	43.9059 	-0.893536 	0
0.0828467 	-154.406 	43.9071 	-0.887885 	0
0.0834181 	-154.146 	43.9083 	-0.88224 	0
0.0839894 	-153.887 	43.9095 	-0.876595 	0
0.0845608 	-153.625 	43.9108 	-0.871031 	0
0.0851322 	-153.371 	43.9121 	-0.865486 	0
0.0857035 	-153.123 	43.9136 	-0.859922 	0
0.0862749 	-152.875 	43.915 	-0.854359 	0
0.0868462 	-152.625 	43.9164 	-0.848877 	0
0.0874176 	-152.383 	43.918 	-0.843466 	0
0.0879889 	-152.145 	43.9197 	-0.838073 	0
0.0885603 	-151.907 	43.9214 	-0.832686 	0
0.0891317 	-151.668 	43.9231 	-0.827397 	0
0.089703 	-151.439 	43.9251 	-0.822066 	0
0.0902744 	-151.21 	43.9272 	-0.816736 	0
0.0908457 	-150.979 	43.9292 	-0.811474 	0
0.0914171 	-150.755 	43.9301 	-0.806324 	0
0.0919884 	-150.534 	43.9308 	-0.801193 	0
0.0925598 	-150.311 	43.9316 	-0.796116 	0
0.0931312 	-150.093 	43.9155 	-0.790743 	0
0.0937025 	-149.878 	43.8932 	-0.785242 	0
0.0942739 	-149.662 	43.8713 	-0.779813 	0
0.0948452 	-149.453 	43.7724 	-0.772939 	0
0.0954166 	-149.245 	43.6641 	-0.765882 	0
0.0959879 	-149.038 	43.54 	-0.758672 	0
0.0965593 	-148.839 	43.3695 	-0.750689 	0
0.0971307 	-148.639 	43.1991 	-0.742766 	0
0.097702 	-148.446 	43.034 	-0.735072 	0
0.0982734 	-148.255 	42.87 	-0.727431 	0
0.0988447 	-148.067 	42.7063 	-0.719813 	0
0.0994161 	-147.883 	42.5427 	-0.712145 	0
0.0999874 	-147.701 	42.3798 	-0.704674 	0
0.100559 	-147.523 	42.2176 	-0.6973 	0
0.10113 	-147.347 	42.0544 	-0.69 	0
0.101702 	-147.174 	41.8907 	-0.682705 	0
0.102273 	-147.005 	41.6584 	-0.674849 	0
0.102844 	-146.836 	41.3431 	-0.665784 	0
0.103416 	-146.674 	40.5772 	-0.649006 	0
0.103987 	-146.52 	39.1313 	-0.620719 	0
0.104558 	-146.377 	37.1173 	-0.583248 	0
0.10513 	-146.257 	34.6223 	-0.539607 	0
0.105701 	-146.154 	32.2709 	-0.498059 	0
0.106272 	-146.064 	29.9289 	-0.456689 	0
0.106844 	-145.988 	27.5812 	-0.415246 	0
0.107415 	-145.925 	25.2325 	-0.373718 	0
0.107986 	-145.873 	22.882 	-0.331988 	0
0.108558 	-145.833 	20.5274 	-0.28984 	0
0.109129 	-145.802 	18.15 	-0.246379 	0
0.109701 	-145.786 	15.5957 	-0.191752 	0
0.110272 	-145.804 	12.8619 	-0.120275 	0
0.110843 	-145.833 	10.5964 	-0.0717516 	0
0.111415 	-145.841 	8.70752 	-0.0421326 	0
0.111986 	-145.856 	6.89087 	-0.0162097 	0
0.112557 	-145.872 	5.31818 	-0.000483147 	0
0.113129 	-145.885 	4.05273 	0.00473282 	0
0.1137 	-145.891 	2.87245 	0.00360101 	0
