0 	13.3357 	0 	0 	0
0.000571357 	13.277 	13.9335 	-0.0244093 	0
0.00114271 	13.1466 	15.1188 	-0.0617954 	0
0.00171407 	13.0083 	15.8607 	-0.100912 	0
0.00228543 	12.878 	16.4907 	-0.140394 	0
0.00285678 	12.7604 	17.0869 	-0.179675 	0
0.00342814 	12.656 	17.679 	-0.218376 	0
0.0039995 	12.5633 	18.2828 	-0.256229 	0
0.00457085 	12.4803 	18.9077 	-0.292929 	0
0.00514221 	12.4045 	19.5606 	-0.328235 	0
0.00571357 	12.3336 	20.2457 	-0.361832 	0
0.00628492 	12.2652 	20.9659 	-0.3935 	0
0.00685628 	12.1974 	21.7228 	-0.422996 	0
0.00742764 	12.1285 	22.5168 	-0.450063 	0
0.00799899 	12.0559 	23.3515 	-0.474343 	0
0.00857035 	11.9799 	24.2206 	-0.495996 	0
0.00914171 	11.9114 	25.1354 	-0.513957 	0
0.00971307 	11.8507 	26.1095 	-0.52811 	0
0.0102844 	11.7768 	27.1525 	-0.537397 	0
0.0108558 	11.6794 	28.22 	-0.542196 	0
0.0114271 	11.5636 	29.2645 	-0.543638 	0
0.0119985 	11.4352 	30.2702 	-0.542425 	0
0.0125698 	11.326 	31.0865 	-0.539471 	0
0.0131412 	11.2173 	32.3146 	-0.531695 	0
0.0137126 	11.076 	33.4786 	-0.521746 	0
0.0142839 	10.9203 	34.7254 	-0.507023 	0
0.0148553 	10.7446 	35.9212 	-0.490462 	0
0.0154266 	10.5391 	36.5344 	-0.488662 	0
0.015998 	10.324 	36.8519 	-0.4935 	0
0.0165693 	10.1055 	37.1498 	-0.498367 	0
0.0171407 	9.88401 	37.4363 	-0.50308 	0
0.0177121 	9.65973 	37.7132 	-0.5076 	0
0.0182834 	9.43303 	37.9822 	-0.511958 	0
0.0188548 	9.2043 	38.241 	-0.516095 	0
0.0194261 	8.97213 	38.4901 	-0.52003 	0
0.0199975 	8.73867 	38.7347 	-0.523868 	0
0.0205688 	8.50263 	38.9659 	-0.527419 	0
0.0211402 	8.26494 	39.1948 	-0.530927 	0
0.0217116 	8.02504 	39.4085 	-0.534116 	0
0.0222829 	7.78514 	39.6223 	-0.537305 	0
0.0228543 	7.54047 	39.8126 	-0.540036 	0
0.0234256 	7.29687 	40.0012 	-0.542729 	0
0.023997 	7.05046 	40.1746 	-0.54516 	0
0.0245683 	6.80367 	40.3262 	-0.54721 	0
0.0251397 	6.55689 	40.4778 	-0.54926 	0
0.0257111 	6.30754 	40.6022 	-0.550815 	0
0.0262824 	6.0591 	40.7016 	-0.551919 	0
0.0268538 	5.81066 	40.8009 	-0.553022 	0
0.0274251 	5.5605 	40.8878 	-0.553899 	0
0.0279965 	5.31302 	40.9264 	-0.553956 	0
0.0285678 	5.06555 	40.965 	-0.554014 	0
0.0291392 	4.81808 	41.0035 	-0.554071 	0
0.0297106 	4.57036 	41.0234 	-0.553714 	0
0.0302819 	4.32754 	41.0157 	-0.552808 	0
0.0308533 	4.08473 	41.008 	-0.551903 	0
0.0314246 	3.84192 	41.0003 	-0.550997 	0
0.031996 	3.59715 	40.9924 	-0.55004 	0
0.0325673 	3.3621 	40.978 	-0.548807 	0
0.0331387 	3.12705 	40.9636 	-0.547573 	0
0.0337101 	2.892 	40.9493 	-0.54634 	0
0.0342814 	2.65694 	40.9349 	-0.545106 	0
0.0348528 	2.41978 	40.9218 	-0.543839 	0
0.0354241 	2.19219 	40.9279 	-0.542748 	0
0.0359955 	1.96461 	40.9341 	-0.541656 	0
0.0365668 	1.73703 	40.9403 	-0.540564 	0
0.0371382 	1.50944 	40.9465 	-0.539473 	0
0.0377095 	1.28186 	40.9526 	-0.538381 	0
0.0382809 	1.05416 	40.9597 	-0.537106 	0
0.0388523 	0.834439 	40.9685 	-0.535603 	0
0.0394236 	0.614713 	40.9773 	-0.534099 	0
0.039995 	0.394988 	40.9861 	-0.532596 	0
0.0405663 	0.175262 	40.9949 	-0.531093 	0
0.0411377 	-0.0444634 	41.0037 	-0.529589 	0
0.041709 	-0.264189 	41.0125 	-0.528086 	0
0.0422804 	-0.478416 	41.0173 	-0.526218 	0
0.0428518 	-0.687225 	41.0207 	-0.524312 	0
0.0434231 	-0.896035 	41.0241 	-0.522406 	0
0.0439945 	-1.10484 	41.0276 	-0.5205 	0
0.0445658 	-1.31365 	41.031 	-0.518593 	0
0.0451372 	-1.52246 	41.0344 	-0.516687 	0
0.0457085 	-1.73127 	41.0379 	-0.514781 	0
0.0462799 	-1.94003 	41.0418 	-0.512741 	0
0.0468513 	-2.13624 	41.047 	-0.510558 	0
0.0474226 	-2.33246 	41.0521 	-0.508376 	0
0.047994 	-2.52867 	41.0573 	-0.506194 	0
0.0485653 	-2.72488 	41.0625 	-0.504012 	0
0.0491367 	-2.92109 	41.0677 	-0.50183 	0
0.049708 	-3.1173 	41.0728 	-0.499648 	0
0.0502794 	-3.31351 	41.078 	-0.497466 	0
0.0508508 	-3.50972 	41.0832 	-0.495284 	0
0.0514221 	-3.69982 	41.0882 	-0.492772 	0
0.0519935 	-3.88111 	41.093 	-0.490182 	0
0.0525648 	-4.0624 	41.0978 	-0.487593 	0
0.0531362 	-4.24368 	41.1026 	-0.485003 	0
0.0537075 	-4.42497 	41.1074 	-0.482413 	0
0.0542789 	-4.60626 	41.1122 	-0.479823 	0
0.0548503 	-4.78754 	41.117 	-0.477234 	0
0.0554216 	-4.96883 	41.1218 	-0.474644 	0
0.055993 	-5.15012 	41.1266 	-0.472054 	0
0.0565643 	-5.3314 	41.1314 	-0.469465 	0
0.0571357 	-5.49965 	41.1361 	-0.466612 	0
0.057707 	-5.6587 	41.1407 	-0.463786 	0
0.0582784 	-5.81775 	41.1452 	-0.46096 	0
0.0588497 	-5.9768 	41.1498 	-0.458134 	0
0.0594211 	-6.13585 	41.1544 	-0.455308 	0
0.0599925 	-6.29491 	41.1589 	-0.452482 	0
0.0605638 	-6.45396 	41.1635 	-0.449656 	0
0.0611352 	-6.61301 	41.168 	-0.44683 	0
0.0617065 	-6.77206 	41.1726 	-0.444004 	0
0.0622779 	-6.93111 	41.1772 	-0.441179 	0
0.0628492 	-7.09016 	41.1817 	-0.438353 	0
0.0634206 	-7.24526 	41.1863 	-0.435304 	0
0.063992 	-7.38643 	41.1908 	-0.432169 	0
0.0645633 	-7.5276 	41.1952 	-0.429034 	0
0.0651347 	-7.66878 	41.1997 	-0.425898 	0
0.065706 	-7.80995 	41.2041 	-0.422763 	0
0.0662774 	-7.95112 	41.2086 	-0.419628 	0
0.0668487 	-8.0923 	41.213 	-0.416493 	0
0.0674201 	-8.23347 	41.2175 	-0.413358 	0
0.0679915 	-8.37464 	41.2219 	-0.410222 	0
0.0685628 	-8.51582 	41.2264 	-0.407087 	0
0.0691342 	-8.65699 	41.2308 	-0.403952 	0
0.0697055 	-8.79999 	41.2353 	-0.400698 	0
0.0702769 	-8.92763 	41.2399 	-0.397227 	0
0.0708482 	-9.05527 	41.2444 	-0.393755 	0
0.0714196 	-9.1829 	41.2489 	-0.390284 	0
0.071991 	-9.31054 	41.2534 	-0.386813 	0
0.0725623 	-9.43817 	41.258 	-0.383341 	0
0.0731337 	-9.56581 	41.2625 	-0.37987 	0
0.073705 	-9.69344 	41.267 	-0.376398 	0
0.0742764 	-9.82108 	41.2715 	-0.372927 	0
0.0748477 	-9.94872 	41.2761 	-0.369455 	0
0.0754191 	-10.0758 	41.2806 	-0.365864 	0
0.0759905 	-10.1878 	41.2852 	-0.362217 	0
0.0765618 	-10.2999 	41.2898 	-0.358569 	0
0.0771332 	-10.412 	41.2944 	-0.354922 	0
0.0777045 	-10.524 	41.299 	-0.351275 	0
0.0782759 	-10.6361 	41.3036 	-0.347627 	0
0.0788472 	-10.7481 	41.3082 	-0.34398 	0
0.0794186 	-10.8602 	41.3127 	-0.340332 	0
0.0799899 	-10.9723 	41.3173 	-0.336685 	0
0.0805613 	-11.0785 	41.322 	-0.332884 	0
0.0811327 	-11.177 	41.3268 	-0.329098 	0
0.081704 	-11.2756 	41.3316 	-0.325311 	0
0.0822754 	-11.3741 	41.3364 	-0.321524 	0
0.0828467 	-11.4726 	41.3412 	-0.317737 	0
0.0834181 	-11.5711 	41.346 	-0.31395 	0
0.0839894 	-11.6697 	41.3508 	-0.310163 	0
0.0845608 	-11.7691 	41.3556 	-0.306307 	0
0.0851322 	-11.8559 	41.3607 	-0.302428 	0
0.0857035 	-11.9426 	41.3659 	-0.298549 	0
0.0862749 	-12.0294 	41.3711 	-0.29467 	0
0.0868462 	-12.1161 	41.3762 	-0.290791 	0
0.0874176 	-12.2029 	41.3814 	-0.286912 	0
0.0879889 	-12.2896 	41.3866 	-0.283033 	0
0.0885603 	-12.3727 	41.392 	-0.279061 	0
0.0891317 	-12.4492 	41.3978 	-0.275105 	0
0.089703 	-12.5257 	41.4035 	-0.27115 	0
0.0902744 	-12.6023 	41.4093 	-0.267194 	0
0.0908457 	-12.6788 	41.415 	-0.263238 	0
0.0914171 	-12.7554 	41.4208 	-0.259282 	0
0.0919884 	-12.8261 	41.4272 	-0.255241 	0
0.0925598 	-12.8938 	41.4338 	-0.251237 	0
0.0931312 	-12.9615 	41.4404 	-0.247234 	0
0.0937025 	-13.0291 	41.447 	-0.24323 	0
0.0942739 	-13.0968 	41.4537 	-0.239226 	0
0.0948452 	-13.1593 	41.4611 	-0.235149 	0
0.0954166 	-13.2193 	41.4689 	-0.231106 	0
0.0959879 	-13.2792 	41.4767 	-0.227062 	0
0.0965593 	-13.3392 	41.4845 	-0.223018 	0
0.0971307 	-13.397 	41.4929 	-0.218927 	0
0.097702 	-13.4503 	41.5022 	-0.214861 	0
0.0982734 	-13.5036 	41.5115 	-0.210794 	0
0.0988447 	-13.5568 	41.5209 	-0.206728 	0
0.0994161 	-13.6071 	41.5313 	-0.202618 	0
0.0999874 	-13.6545 	41.5425 	-0.198533 	0
0.100559 	-13.7019 	41.5537 	-0.194449 	0
0.10113 	-13.7483 	41.5655 	-0.190333 	0
0.101702 	-13.7907 	41.5791 	-0.18624 	0
0.102273 	-13.833 	41.5926 	-0.182147 	0
0.102844 	-13.874 	41.6071 	-0.178029 	0
0.103416 	-13.912 	41.6233 	-0.173937 	0
0.103987 	-13.95 	41.6395 	-0.169844 	0
0.104558 	-13.9849 	41.6583 	-0.165726 	0
0.10513 	-14.019 	41.6776 	-0.161629 	0
0.105701 	-14.051 	41.699 	-0.15753 	0
0.106272 	-14.0817 	41.7216 	-0.153459 	0
0.106844 	-14.1103 	41.7202 	-0.149393 	0
0.107415 	-14.1377 	41.6962 	-0.145134 	0
0.107986 	-14.1605 	41.4003 	-0.136822 	0
0.108558 	-14.1821 	40.7693 	-0.123222 	0
0.109129 	-14.2029 	39.7645 	-0.104657 	0
0.109701 	-14.2237 	38.4196 	-0.0836087 	0
0.110272 	-14.2433 	36.9039 	-0.0641007 	0
0.110843 	-14.2621 	35.2967 	-0.0468255 	0
0.111415 	-14.2801 	33.6268 	-0.0322701 	0
0.111986 	-14.2967 	31.7988 	-0.020725 	0
0.112557 	-14.3111 	29.5255 	-0.0115307 	0
0.113129 	-14.3221 	25.9092 	-0.00453716 	0
0.1137 	-14.3273 	1.10792e-10 	-1.2898e-15 	0
