0 	5.27348 	0 	0 	0
0.000571357 	5.26329 	16.5116 	-0.00487694 	0
0.00114271 	5.2311 	18.1568 	-0.0161577 	0
0.00171407 	5.19063 	19.0299 	-0.029449 	0
0.00228543 	5.14918 	19.6912 	-0.0433478 	0
0.00285678 	5.10911 	20.2681 	-0.0575161 	0
0.00342814 	5.07231 	20.8054 	-0.0714606 	0
0.0039995 	5.03864 	21.326 	-0.0851471 	0
0.00457085 	5.00809 	21.8419 	-0.0984065 	0
0.00514221 	4.98071 	22.3596 	-0.110933 	0
0.00571357 	4.95573 	22.885 	-0.122737 	0
0.00628492 	4.93264 	23.4216 	-0.133712 	0
0.00685628 	4.9109 	23.9722 	-0.143756 	0
0.00742764 	4.88994 	24.539 	-0.152776 	0
0.00799899 	4.86973 	25.1209 	-0.160414 	0
0.00857035 	4.84909 	25.7217 	-0.166974 	0
0.00914171 	4.82812 	26.3401 	-0.171996 	0
0.00971307 	4.80563 	26.979 	-0.17579 	0
0.0102844 	4.78195 	27.6355 	-0.178017 	0
0.0108558 	4.75706 	28.313 	-0.17871 	0
0.0114271 	4.73014 	29.0248 	-0.177845 	0
0.0119985 	4.69545 	29.8044 	-0.175589 	0
0.0125698 	4.65456 	30.5298 	-0.173368 	0
0.0131412 	4.60515 	31.5896 	-0.171789 	0
0.0137126 	4.57671 	32.4246 	-0.169545 	0
0.0142839 	4.5481 	33.2676 	-0.165325 	0
0.0148553 	4.51979 	34.1275 	-0.158928 	0
0.0154266 	4.49155 	35.0151 	-0.150246 	0
0.015998 	4.46649 	35.9507 	-0.138154 	0
0.0165693 	4.43996 	36.8959 	-0.123513 	0
0.0171407 	4.40368 	37.6204 	-0.11414 	0
0.0177121 	4.36085 	38.0627 	-0.111856 	0
0.0182834 	4.31458 	38.347 	-0.113109 	0
0.0188548 	4.26826 	38.5954 	-0.114693 	0
0.0194261 	4.22331 	38.8326 	-0.116214 	0
0.0199975 	4.17385 	39.0655 	-0.117794 	0
0.0205688 	4.12763 	39.2844 	-0.11923 	0
0.0211402 	4.0775 	39.501 	-0.120717 	0
0.0217116 	4.03009 	39.7009 	-0.122074 	0
0.0222829 	3.97756 	39.9011 	-0.123503 	0
0.0228543 	3.9311 	40.0749 	-0.124715 	0
0.0234256 	3.87716 	40.2475 	-0.126008 	0
0.023997 	3.82648 	40.4032 	-0.1272 	0
0.0245683 	3.77598 	40.5354 	-0.128292 	0
0.0251397 	3.72066 	40.668 	-0.12943 	0
0.0257111 	3.66967 	40.7722 	-0.130411 	0
0.0262824 	3.61838 	40.8508 	-0.131274 	0
0.0268538 	3.56195 	40.9299 	-0.132167 	0
0.0274251 	3.50737 	40.9968 	-0.133003 	0
0.0279965 	3.45978 	41.0175 	-0.133627 	0
0.0285678 	3.40296 	41.039 	-0.134273 	0
0.0291392 	3.34596 	41.0604 	-0.134919 	0
0.0297106 	3.2928 	41.066 	-0.135487 	0
0.0302819 	3.24514 	41.0487 	-0.135941 	0
0.0308533 	3.18817 	41.0318 	-0.136388 	0
0.0314246 	3.1312 	41.0148 	-0.136834 	0
0.031996 	3.07477 	40.9979 	-0.137276 	0
0.0325673 	3.02758 	40.9811 	-0.137656 	0
0.0331387 	2.97638 	40.9642 	-0.138028 	0
0.0337101 	2.92006 	40.9475 	-0.138389 	0
0.0342814 	2.86374 	40.9307 	-0.13875 	0
0.0348528 	2.80798 	40.9152 	-0.139115 	0
0.0354241 	2.76098 	40.9187 	-0.139534 	0
0.0359955 	2.71211 	40.9223 	-0.139949 	0
0.0365668 	2.65613 	40.926 	-0.140352 	0
0.0371382 	2.60015 	40.9297 	-0.140755 	0
0.0377095 	2.54418 	40.9334 	-0.141158 	0
0.0382809 	2.49129 	40.9372 	-0.141517 	0
0.0388523 	2.44452 	40.9413 	-0.141791 	0
0.0394236 	2.39589 	40.9455 	-0.142057 	0
0.039995 	2.34032 	40.9499 	-0.142297 	0
0.0405663 	2.28475 	40.9543 	-0.142536 	0
0.0411377 	2.22917 	40.9587 	-0.142775 	0
0.041709 	2.1736 	40.9631 	-0.143014 	0
0.0422804 	2.12556 	40.9635 	-0.143205 	0
0.0428518 	2.07975 	40.9628 	-0.143383 	0
0.0434231 	2.03107 	40.9622 	-0.143542 	0
0.0439945 	1.97675 	40.9617 	-0.143668 	0
0.0445658 	1.92243 	40.9612 	-0.143793 	0
0.0451372 	1.8681 	40.9607 	-0.143919 	0
0.0457085 	1.81378 	40.9602 	-0.144044 	0
0.0462799 	1.76183 	40.9602 	-0.144159 	0
0.0468513 	1.71714 	40.9617 	-0.144243 	0
0.0474226 	1.67245 	40.9633 	-0.144326 	0
0.047994 	1.62405 	40.9649 	-0.14438 	0
0.0485653 	1.57121 	40.9666 	-0.144399 	0
0.0491367 	1.51836 	40.9683 	-0.144418 	0
0.049708 	1.46552 	40.9701 	-0.144436 	0
0.0502794 	1.41267 	40.9718 	-0.144455 	0
0.0508508 	1.35983 	40.9735 	-0.144474 	0
0.0514221 	1.31318 	40.975 	-0.144445 	0
0.0519935 	1.27036 	40.9764 	-0.144388 	0
0.0525648 	1.22753 	40.9778 	-0.14433 	0
0.0531362 	1.18149 	40.9793 	-0.144237 	0
0.0537075 	1.13098 	40.9809 	-0.144095 	0
0.0542789 	1.08046 	40.9825 	-0.143953 	0
0.0548503 	1.02995 	40.984 	-0.143811 	0
0.0554216 	0.979435 	40.9856 	-0.143669 	0
0.055993 	0.92892 	40.9872 	-0.143527 	0
0.0565643 	0.878405 	40.9888 	-0.143385 	0
0.0571357 	0.836181 	40.9904 	-0.14323 	0
0.057707 	0.797077 	40.992 	-0.143071 	0
0.0582784 	0.757973 	40.9937 	-0.142912 	0
0.0588497 	0.718471 	40.9953 	-0.142748 	0
0.0594211 	0.672476 	40.9971 	-0.142491 	0
0.0599925 	0.626481 	40.9989 	-0.142234 	0
0.0605638 	0.580485 	41.0007 	-0.141977 	0
0.0611352 	0.53449 	41.0025 	-0.14172 	0
0.0617065 	0.488495 	41.0043 	-0.141463 	0
0.0622779 	0.4425 	41.0061 	-0.141206 	0
0.0628492 	0.396504 	41.0079 	-0.140949 	0
0.0634206 	0.354351 	41.0097 	-0.140678 	0
0.063992 	0.318308 	41.0116 	-0.140383 	0
0.0645633 	0.282264 	41.0135 	-0.140089 	0
0.0651347 	0.246221 	41.0153 	-0.139794 	0
0.065706 	0.2057 	41.0173 	-0.139418 	0
0.0662774 	0.163415 	41.0194 	-0.139009 	0
0.0668487 	0.121131 	41.0214 	-0.1386 	0
0.0674201 	0.0788458 	41.0234 	-0.138191 	0
0.0679915 	0.0365609 	41.0255 	-0.137782 	0
0.0685628 	-0.00572392 	41.0275 	-0.137373 	0
0.0691342 	-0.0480088 	41.0295 	-0.136964 	0
0.0697055 	-0.0898897 	41.0316 	-0.136555 	0
0.0702769 	-0.123433 	41.0338 	-0.13616 	0
0.0708482 	-0.156977 	41.036 	-0.135766 	0
0.0714196 	-0.190521 	41.0383 	-0.135371 	0
0.071991 	-0.228919 	41.0406 	-0.134864 	0
0.0725623 	-0.268199 	41.043 	-0.134337 	0
0.0731337 	-0.30748 	41.0454 	-0.13381 	0
0.073705 	-0.346761 	41.0478 	-0.133283 	0
0.0742764 	-0.386041 	41.0501 	-0.132756 	0
0.0748477 	-0.425322 	41.0525 	-0.132229 	0
0.0754191 	-0.463195 	41.0549 	-0.131709 	0
0.0759905 	-0.493398 	41.0575 	-0.131229 	0
0.0765618 	-0.523601 	41.0601 	-0.130749 	0
0.0771332 	-0.555661 	41.0628 	-0.130217 	0
0.0777045 	-0.590967 	41.0655 	-0.129595 	0
0.0782759 	-0.626273 	41.0682 	-0.128973 	0
0.0788472 	-0.661579 	41.071 	-0.12835 	0
0.0794186 	-0.696885 	41.0737 	-0.127728 	0
0.0799899 	-0.732191 	41.0764 	-0.127106 	0
0.0805613 	-0.763125 	41.0793 	-0.126526 	0
0.0811327 	-0.790144 	41.0824 	-0.125984 	0
0.081704 	-0.817586 	41.0855 	-0.125428 	0
0.0822754 	-0.84914 	41.0887 	-0.124735 	0
0.0828467 	-0.880695 	41.0919 	-0.124042 	0
0.0834181 	-0.912249 	41.095 	-0.12335 	0
0.0839894 	-0.943803 	41.0982 	-0.122657 	0
0.0845608 	-0.97534 	41.1014 	-0.121964 	0
0.0851322 	-0.999476 	41.1051 	-0.121378 	0
0.0857035 	-1.02361 	41.1088 	-0.120791 	0
0.0862749 	-1.05128 	41.1126 	-0.120066 	0
0.0868462 	-1.07944 	41.1164 	-0.119323 	0
0.0874176 	-1.1076 	41.1201 	-0.11858 	0
0.0879889 	-1.13576 	41.1239 	-0.117837 	0
0.0885603 	-1.16101 	41.128 	-0.117145 	0
0.0891317 	-1.18253 	41.1325 	-0.116518 	0
0.089703 	-1.20615 	41.1371 	-0.115797 	0
0.0902744 	-1.23125 	41.1417 	-0.11501 	0
0.0908457 	-1.25634 	41.1463 	-0.114222 	0
0.0914171 	-1.28144 	41.1508 	-0.113434 	0
0.0919884 	-1.30231 	41.1561 	-0.112745 	0
0.0925598 	-1.3218 	41.1617 	-0.11208 	0
0.0931312 	-1.34415 	41.1673 	-0.111266 	0
0.0937025 	-1.36651 	41.173 	-0.110452 	0
0.0942739 	-1.38886 	41.1786 	-0.109638 	0
0.0948452 	-1.40744 	41.1852 	-0.108926 	0
0.0954166 	-1.42541 	41.1921 	-0.108202 	0
0.0959879 	-1.44534 	41.1991 	-0.107363 	0
0.0965593 	-1.46527 	41.2061 	-0.106524 	0
0.0971307 	-1.4835 	41.2137 	-0.105742 	0
0.097702 	-1.49909 	41.2223 	-0.105037 	0
0.0982734 	-1.51687 	41.231 	-0.104186 	0
0.0988447 	-1.53466 	41.2397 	-0.103335 	0
0.0994161 	-1.5501 	41.2495 	-0.102573 	0
0.0999874 	-1.56484 	41.2603 	-0.101795 	0
0.100559 	-1.58072 	41.271 	-0.10093 	0
0.10113 	-1.59568 	41.2824 	-0.100106 	0
0.101702 	-1.60851 	41.2956 	-0.09935 	0
0.102273 	-1.62272 	41.3088 	-0.0984785 	0
0.102844 	-1.63577 	41.3231 	-0.0976748 	0
0.103416 	-1.64776 	41.3394 	-0.0968988 	0
0.103987 	-1.66058 	41.3556 	-0.096045 	0
0.104558 	-1.67115 	41.3728 	-0.0953461 	0
0.10513 	-1.68261 	41.3911 	-0.0944998 	0
0.105701 	-1.6919 	41.3622 	-0.0933591 	0
0.106272 	-1.70162 	41.3258 	-0.0921529 	0
0.106844 	-1.7098 	41.0347 	-0.0875863 	0
0.107415 	-1.71828 	40.6574 	-0.0818004 	0
0.107986 	-1.72783 	39.818 	-0.0697458 	0
0.108558 	-1.73744 	38.8329 	-0.0571809 	0
0.109129 	-1.747 	37.7037 	-0.044585 	0
0.109701 	-1.75619 	36.4891 	-0.0335059 	0
0.110272 	-1.76582 	35.2289 	-0.0241384 	0
0.110843 	-1.77499 	33.9299 	-0.0167154 	0
0.111415 	-1.78328 	32.5567 	-0.0109383 	0
0.111986 	-1.78992 	30.9734 	-0.00673732 	0
0.112557 	-1.79482 	28.9116 	-0.0036767 	0
0.113129 	-1.79789 	25.48 	-0.00150041 	0
0.1137 	-1.79928 	1.02713e-10 	-4.16347e-16 	0
