0 	14.3187 	0 	0 	0
0.000571357 	14.1064 	8.86903 	-0.0688755 	0
0.00114271 	13.7313 	9.77421 	-0.156198 	0
0.00171407 	13.3642 	10.4648 	-0.245435 	0
0.00228543 	13.0422 	11.1168 	-0.333978 	0
0.00285678 	12.7652 	11.7785 	-0.422077 	0
0.00342814 	12.5319 	12.4714 	-0.508394 	0
0.0039995 	12.3309 	13.2092 	-0.593206 	0
0.00457085 	12.1546 	13.9991 	-0.675472 	0
0.00514221 	11.9932 	14.8501 	-0.755425 	0
0.00571357 	11.8398 	15.7627 	-0.831779 	0
0.00628492 	11.6867 	16.7409 	-0.904757 	0
0.00685628 	11.5268 	17.7854 	-0.974044 	0
0.00742764 	11.3747 	18.8958 	-1.03876 	0
0.00799899 	11.2641 	20.0948 	-1.09664 	0
0.00857035 	11.1438 	21.4178 	-1.1493 	0
0.00914171 	10.9628 	22.8322 	-1.19307 	0
0.00971307 	10.7231 	24.3021 	-1.23187 	0
0.0102844 	10.4307 	25.7741 	-1.26529 	0
0.0108558 	10.1028 	27.1906 	-1.29303 	0
0.0114271 	9.75249 	28.5514 	-1.31607 	0
0.0119985 	9.38511 	29.903 	-1.33441 	0
0.0125698 	9.06804 	31.0437 	-1.34573 	0
0.0131412 	8.60368 	32.788 	-1.35324 	0
0.0137126 	8.1421 	34.4872 	-1.35035 	0
0.0142839 	7.60924 	35.2017 	-1.35582 	0
0.0148553 	7.0636 	35.59 	-1.36395 	0
0.0154266 	6.50934 	35.954 	-1.37111 	0
0.015998 	5.95934 	36.3009 	-1.37761 	0
0.0165693 	5.40511 	36.6341 	-1.38346 	0
0.0171407 	4.84688 	36.9538 	-1.38863 	0
0.0177121 	4.28497 	37.2613 	-1.39317 	0
0.0182834 	3.71972 	37.559 	-1.39719 	0
0.0188548 	3.16737 	37.8446 	-1.40099 	0
0.0194261 	2.60229 	38.1206 	-1.40401 	0
0.0199975 	2.03009 	38.3925 	-1.40659 	0
0.0205688 	1.48061 	38.647 	-1.40902 	0
0.0211402 	0.905765 	38.902 	-1.4107 	0
0.0217116 	0.356659 	39.1403 	-1.41239 	0
0.0222829 	-0.216694 	39.3813 	-1.4134 	0
0.0228543 	-0.767647 	39.6002 	-1.41411 	0
0.0234256 	-1.31606 	39.8175 	-1.41483 	0
0.023997 	-1.89079 	40.0256 	-1.41418 	0
0.0245683 	-2.43457 	40.2117 	-1.41369 	0
0.0251397 	-2.98829 	40.3996 	-1.41287 	0
0.0257111 	-3.54997 	40.5647 	-1.41067 	0
0.0262824 	-4.08643 	40.7035 	-1.40831 	0
0.0268538 	-4.62313 	40.8423 	-1.40594 	0
0.0274251 	-5.18978 	40.9753 	-1.40179 	0
0.0279965 	-5.71293 	41.0502 	-1.39703 	0
0.0285678 	-6.23607 	41.1251 	-1.39227 	0
0.0291392 	-6.77133 	41.203 	-1.38692 	0
0.0297106 	-7.30731 	41.2584 	-1.38004 	0
0.0302819 	-7.80787 	41.272 	-1.37276 	0
0.0308533 	-8.30843 	41.2857 	-1.36547 	0
0.0314246 	-8.81227 	41.2999 	-1.35797 	0
0.031996 	-9.34188 	41.3179 	-1.34857 	0
0.0325673 	-9.81158 	41.3078 	-1.34032 	0
0.0331387 	-10.2813 	41.2977 	-1.33207 	0
0.0337101 	-10.751 	41.2876 	-1.32382 	0
0.0342814 	-11.2277 	41.2778 	-1.31495 	0
0.0348528 	-11.7205 	41.2697 	-1.30453 	0
0.0354241 	-12.1579 	41.277 	-1.29684 	0
0.0359955 	-12.5953 	41.2844 	-1.28916 	0
0.0365668 	-13.0326 	41.2918 	-1.28148 	0
0.0371382 	-13.47 	41.2991 	-1.2738 	0
0.0377095 	-13.922 	41.3061 	-1.26455 	0
0.0382809 	-14.3621 	41.3153 	-1.25535 	0
0.0388523 	-14.7672 	41.3289 	-1.24749 	0
0.0394236 	-15.1723 	41.3426 	-1.23964 	0
0.039995 	-15.5773 	41.3562 	-1.23179 	0
0.0405663 	-15.9824 	41.3699 	-1.22393 	0
0.0411377 	-16.3925 	41.3836 	-1.21538 	0
0.041709 	-16.8122 	41.3976 	-1.20554 	0
0.0422804 	-17.1928 	41.4068 	-1.19691 	0
0.0428518 	-17.5617 	41.4145 	-1.18865 	0
0.0434231 	-17.9307 	41.4223 	-1.18038 	0
0.0439945 	-18.2996 	41.43 	-1.17212 	0
0.0445658 	-18.6686 	41.4378 	-1.16386 	0
0.0451372 	-19.038 	41.4455 	-1.15549 	0
0.0457085 	-19.4164 	41.4536 	-1.14536 	0
0.0462799 	-19.7829 	41.4618 	-1.13568 	0
0.0468513 	-20.1132 	41.4702 	-1.12735 	0
0.0474226 	-20.4435 	41.4785 	-1.11901 	0
0.047994 	-20.7738 	41.4869 	-1.11068 	0
0.0485653 	-21.1041 	41.4952 	-1.10235 	0
0.0491367 	-21.4344 	41.5036 	-1.09402 	0
0.049708 	-21.7647 	41.512 	-1.08569 	0
0.0502794 	-22.0981 	41.5204 	-1.07618 	0
0.0508508 	-22.433 	41.5289 	-1.06614 	0
0.0514221 	-22.7403 	41.5368 	-1.05705 	0
0.0519935 	-23.0304 	41.5443 	-1.04855 	0
0.0525648 	-23.3206 	41.5517 	-1.04006 	0
0.0531362 	-23.6108 	41.5592 	-1.03156 	0
0.0537075 	-23.9009 	41.5667 	-1.02306 	0
0.0542789 	-24.1911 	41.5742 	-1.01457 	0
0.0548503 	-24.4813 	41.5817 	-1.00607 	0
0.0554216 	-24.7715 	41.5892 	-0.997416 	0
0.055993 	-25.0622 	41.5968 	-0.987388 	0
0.0565643 	-25.3529 	41.6043 	-0.977361 	0
0.0571357 	-25.6082 	41.6112 	-0.968591 	0
0.057707 	-25.8501 	41.6178 	-0.960293 	0
0.0582784 	-26.092 	41.6244 	-0.951996 	0
0.0588497 	-26.3339 	41.631 	-0.943698 	0
0.0594211 	-26.5758 	41.6376 	-0.935401 	0
0.0599925 	-26.8177 	41.6442 	-0.927103 	0
0.0605638 	-27.0597 	41.6508 	-0.918805 	0
0.0611352 	-27.3016 	41.6574 	-0.910508 	0
0.0617065 	-27.5432 	41.664 	-0.902065 	0
0.0622779 	-27.7828 	41.6706 	-0.892445 	0
0.0628492 	-28.0223 	41.6772 	-0.882824 	0
0.0634206 	-28.2484 	41.6835 	-0.873716 	0
0.063992 	-28.453 	41.6895 	-0.865423 	0
0.0645633 	-28.6577 	41.6955 	-0.857129 	0
0.0651347 	-28.8623 	41.7016 	-0.848835 	0
0.065706 	-29.0669 	41.7076 	-0.840542 	0
0.0662774 	-29.2715 	41.7136 	-0.832248 	0
0.0668487 	-29.4761 	41.7196 	-0.823955 	0
0.0674201 	-29.6808 	41.7256 	-0.815661 	0
0.0679915 	-29.8854 	41.7316 	-0.807368 	0
0.0685628 	-30.0868 	41.7376 	-0.798174 	0
0.0691342 	-30.2872 	41.7435 	-0.788711 	0
0.0697055 	-30.4866 	41.7494 	-0.779291 	0
0.0702769 	-30.6645 	41.7551 	-0.770767 	0
0.0708482 	-30.8424 	41.7609 	-0.762244 	0
0.0714196 	-31.0203 	41.7666 	-0.75372 	0
0.071991 	-31.1982 	41.7724 	-0.745196 	0
0.0725623 	-31.3762 	41.7781 	-0.736672 	0
0.0731337 	-31.5541 	41.7839 	-0.728148 	0
0.073705 	-31.732 	41.7897 	-0.719624 	0
0.0742764 	-31.9071 	41.7953 	-0.710527 	0
0.0748477 	-32.0798 	41.801 	-0.700923 	0
0.0754191 	-32.2492 	41.8066 	-0.691493 	0
0.0759905 	-32.4006 	41.8121 	-0.683011 	0
0.0765618 	-32.5521 	41.8176 	-0.674528 	0
0.0771332 	-32.7035 	41.8232 	-0.666046 	0
0.0777045 	-32.8549 	41.8287 	-0.657564 	0
0.0782759 	-33.0063 	41.8342 	-0.649082 	0
0.0788472 	-33.1577 	41.8398 	-0.6406 	0
0.0794186 	-33.3059 	41.8452 	-0.631526 	0
0.0799899 	-33.4518 	41.8506 	-0.622056 	0
0.0805613 	-33.5893 	41.8561 	-0.613124 	0
0.0811327 	-33.7193 	41.8616 	-0.604674 	0
0.081704 	-33.8493 	41.8671 	-0.596223 	0
0.0822754 	-33.9792 	41.8726 	-0.587773 	0
0.0828467 	-34.1092 	41.8781 	-0.579322 	0
0.0834181 	-34.2391 	41.8837 	-0.570872 	0
0.0839894 	-34.3647 	41.8891 	-0.561678 	0
0.0845608 	-34.4893 	41.8945 	-0.552312 	0
0.0851322 	-34.6016 	41.9002 	-0.543905 	0
0.0857035 	-34.7139 	41.9059 	-0.535498 	0
0.0862749 	-34.8262 	41.9116 	-0.52709 	0
0.0868462 	-34.9385 	41.9174 	-0.518683 	0
0.0874176 	-35.0507 	41.9231 	-0.510263 	0
0.0879889 	-35.1579 	41.9287 	-0.50099 	0
0.0885603 	-35.2609 	41.9345 	-0.49211 	0
0.0891317 	-35.3585 	41.9407 	-0.483733 	0
0.089703 	-35.4561 	41.9469 	-0.475356 	0
0.0902744 	-35.5537 	41.9531 	-0.46698 	0
0.0908457 	-35.6509 	41.9592 	-0.45853 	0
0.0914171 	-35.7438 	41.9653 	-0.449327 	0
0.0919884 	-35.8313 	41.972 	-0.440739 	0
0.0925598 	-35.9166 	41.9789 	-0.432399 	0
0.0931312 	-36.0018 	41.9858 	-0.424059 	0
0.0937025 	-36.0871 	41.9927 	-0.415718 	0
0.0942739 	-36.1684 	41.9995 	-0.406647 	0
0.0948452 	-36.245 	42.0071 	-0.398103 	0
0.0954166 	-36.3198 	42.0151 	-0.38979 	0
0.0959879 	-36.3946 	42.0231 	-0.381477 	0
0.0965593 	-36.4679 	42.031 	-0.372847 	0
0.0971307 	-36.5369 	42.0394 	-0.364054 	0
0.097702 	-36.6029 	42.0488 	-0.355772 	0
0.0982734 	-36.6689 	42.0581 	-0.34749 	0
0.0988447 	-36.7331 	42.0675 	-0.338849 	0
0.0994161 	-36.7932 	42.0778 	-0.330253 	0
0.0999874 	-36.8515 	42.089 	-0.321997 	0
0.100559 	-36.9097 	42.1001 	-0.313706 	0
0.10113 	-36.964 	42.1117 	-0.304902 	0
0.101702 	-37.0158 	42.1251 	-0.296672 	0
0.102273 	-37.0675 	42.1384 	-0.288402 	0
0.102844 	-37.1153 	42.1526 	-0.279716 	0
0.103416 	-37.1615 	42.1685 	-0.271515 	0
0.103987 	-37.2065 	42.1843 	-0.262994 	0
0.104558 	-37.2482 	42.2025 	-0.254694 	0
0.10513 	-37.2891 	42.2212 	-0.246394 	0
0.105701 	-37.3269 	42.242 	-0.237971 	0
0.106272 	-37.3636 	42.264 	-0.229685 	0
0.106844 	-37.3974 	42.2884 	-0.221396 	0
0.107415 	-37.4298 	42.3124 	-0.213047 	0
0.107986 	-37.4596 	42.305 	-0.205015 	0
0.108558 	-37.4852 	42.1264 	-0.193874 	0
0.109129 	-37.5073 	41.6383 	-0.17766 	0
0.109701 	-37.5279 	40.5896 	-0.152797 	0
0.110272 	-37.5498 	39.0191 	-0.122751 	0
0.110843 	-37.5707 	37.1981 	-0.093882 	0
0.111415 	-37.5909 	35.2406 	-0.0675179 	0
0.111986 	-37.6125 	33.1341 	-0.0452464 	0
0.112557 	-37.6351 	30.6179 	-0.0264368 	0
0.113129 	-37.6567 	26.7453 	-0.010787 	0
0.1137 	-37.6697 	1.13783e-10 	-2.72887e-15 	0
