0 	-27.1112 	0 	0 	0
0.000571357 	-27.5312 	1.34965 	-0.115266 	0
0.00114271 	-28.2001 	2.07147 	-0.251793 	0
0.00171407 	-28.8171 	2.74466 	-0.389594 	0
0.00228543 	-29.3365 	3.4375 	-0.527214 	0
0.00285678 	-29.7604 	4.17621 	-0.664251 	0
0.00342814 	-30.1003 	4.97834 	-0.800384 	0
0.0039995 	-30.3755 	5.85334 	-0.935135 	0
0.00457085 	-30.6028 	6.81071 	-1.06851 	0
0.00514221 	-30.7968 	7.8556 	-1.19953 	0
0.00571357 	-30.973 	8.99416 	-1.32864 	0
0.00628492 	-31.1095 	10.2291 	-1.455 	0
0.00685628 	-31.1323 	11.5915 	-1.57737 	0
0.00742764 	-31.1495 	13.1221 	-1.69572 	0
0.00799899 	-31.2551 	14.7963 	-1.80741 	0
0.00857035 	-31.415 	16.5668 	-1.91397 	0
0.00914171 	-31.6214 	18.4259 	-2.01512 	0
0.00971307 	-31.8761 	20.3268 	-2.11057 	0
0.0102844 	-32.2 	22.2139 	-2.19758 	0
0.0108558 	-32.5757 	24.0481 	-2.2775 	0
0.0114271 	-32.9758 	25.8246 	-2.34905 	0
0.0119985 	-33.3891 	27.6233 	-2.41325 	0
0.0125698 	-33.7438 	29.1739 	-2.46103 	0
0.0131412 	-34.2948 	31.558 	-2.51731 	0
0.0137126 	-34.8653 	33.8052 	-2.55625 	0
0.0142839 	-35.4781 	34.828 	-2.56837 	0
0.0148553 	-36.087 	35.3205 	-2.569 	0
0.0154266 	-36.693 	35.7408 	-2.56482 	0
0.015998 	-37.2894 	36.1621 	-2.56101 	0
0.0165693 	-37.8811 	36.5627 	-2.55582 	0
0.0171407 	-38.4673 	36.9378 	-2.5492 	0
0.0177121 	-39.0479 	37.2948 	-2.54169 	0
0.0182834 	-39.6235 	37.637 	-2.53341 	0
0.0188548 	-40.1788 	37.9625 	-2.52365 	0
0.0194261 	-40.7387 	38.2732 	-2.51392 	0
0.0199975 	-41.2854 	38.5785 	-2.50351 	0
0.0205688 	-41.8247 	38.8639 	-2.49249 	0
0.0211402 	-42.3633 	39.1468 	-2.48141 	0
0.0217116 	-42.8801 	39.4125 	-2.46941 	0
0.0222829 	-43.3905 	39.6786 	-2.45715 	0
0.0228543 	-43.9055 	39.925 	-2.44514 	0
0.0234256 	-44.396 	40.1711 	-2.43222 	0
0.023997 	-44.9046 	40.4058 	-2.41994 	0
0.0245683 	-45.3726 	40.6281 	-2.40633 	0
0.0251397 	-45.8407 	40.8503 	-2.39271 	0
0.0257111 	-46.3273 	41.0514 	-2.37937 	0
0.0262824 	-46.7697 	41.2382 	-2.36442 	0
0.0268538 	-47.212 	41.4251 	-2.34947 	0
0.0274251 	-47.6706 	41.5974 	-2.33465 	0
0.0279965 	-48.0976 	41.7248 	-2.31772 	0
0.0285678 	-48.5102 	41.8537 	-2.30039 	0
0.0291392 	-48.9227 	41.9826 	-2.28305 	0
0.0297106 	-49.3622 	42.0762 	-2.2654 	0
0.0302819 	-49.7387 	42.1278 	-2.24441 	0
0.0308533 	-50.1152 	42.1793 	-2.22341 	0
0.0314246 	-50.4916 	42.2309 	-2.20241 	0
0.031996 	-50.8714 	42.2793 	-2.18148 	0
0.0325673 	-51.2466 	42.2739 	-2.15982 	0
0.0331387 	-51.5814 	42.2689 	-2.13688 	0
0.0337101 	-51.9163 	42.2638 	-2.11394 	0
0.0342814 	-52.2511 	42.2588 	-2.09101 	0
0.0348528 	-52.5892 	42.2542 	-2.06834 	0
0.0354241 	-52.9251 	42.254 	-2.04827 	0
0.0359955 	-53.2171 	42.2523 	-2.02682 	0
0.0365668 	-53.509 	42.2506 	-2.00537 	0
0.0371382 	-53.8009 	42.2489 	-1.98391 	0
0.0377095 	-54.0928 	42.2472 	-1.96246 	0
0.0382809 	-54.4013 	42.25 	-1.94239 	0
0.0388523 	-54.6757 	42.2601 	-1.92321 	0
0.0394236 	-54.9265 	42.2695 	-1.90336 	0
0.039995 	-55.1773 	42.2789 	-1.88351 	0
0.0405663 	-55.4282 	42.2884 	-1.86367 	0
0.0411377 	-55.679 	42.2978 	-1.84382 	0
0.041709 	-55.9298 	42.3072 	-1.82397 	0
0.0422804 	-56.2075 	42.3144 	-1.80632 	0
0.0428518 	-56.4192 	42.3193 	-1.78744 	0
0.0434231 	-56.6309 	42.3241 	-1.76855 	0
0.0439945 	-56.8426 	42.329 	-1.74967 	0
0.0445658 	-57.0543 	42.3339 	-1.73079 	0
0.0451372 	-57.2661 	42.3388 	-1.7119 	0
0.0457085 	-57.4778 	42.3436 	-1.69302 	0
0.0462799 	-57.6988 	42.3489 	-1.67488 	0
0.0468513 	-57.9137 	42.3546 	-1.65819 	0
0.0474226 	-58.0882 	42.3594 	-1.64054 	0
0.047994 	-58.2626 	42.3641 	-1.62289 	0
0.0485653 	-58.4371 	42.3689 	-1.60524 	0
0.0491367 	-58.6116 	42.3736 	-1.5876 	0
0.049708 	-58.7861 	42.3784 	-1.56995 	0
0.0502794 	-58.9605 	42.3831 	-1.5523 	0
0.0508508 	-59.135 	42.3879 	-1.53465 	0
0.0514221 	-59.3294 	42.3932 	-1.51864 	0
0.0519935 	-59.4883 	42.3977 	-1.5026 	0
0.0525648 	-59.6288 	42.4018 	-1.48616 	0
0.0531362 	-59.7692 	42.4059 	-1.46972 	0
0.0537075 	-59.9097 	42.41 	-1.45328 	0
0.0542789 	-60.0501 	42.4142 	-1.43684 	0
0.0548503 	-60.1906 	42.4183 	-1.42039 	0
0.0554216 	-60.331 	42.4224 	-1.40395 	0
0.055993 	-60.4715 	42.4265 	-1.38751 	0
0.0565643 	-60.6119 	42.4306 	-1.37107 	0
0.0571357 	-60.7684 	42.4352 	-1.35661 	0
0.057707 	-60.8924 	42.4391 	-1.34212 	0
0.0582784 	-60.9997 	42.4427 	-1.32729 	0
0.0588497 	-61.107 	42.4462 	-1.31246 	0
0.0594211 	-61.2143 	42.4497 	-1.29763 	0
0.0599925 	-61.3216 	42.4532 	-1.2828 	0
0.0605638 	-61.4289 	42.4568 	-1.26797 	0
0.0611352 	-61.5362 	42.4603 	-1.25314 	0
0.0617065 	-61.6435 	42.4638 	-1.23831 	0
0.0622779 	-61.7508 	42.4673 	-1.22348 	0
0.0628492 	-61.8581 	42.4709 	-1.20865 	0
0.0634206 	-61.9742 	42.4747 	-1.19455 	0
0.063992 	-62.0876 	42.4786 	-1.18131 	0
0.0645633 	-62.1712 	42.4818 	-1.16749 	0
0.0651347 	-62.2547 	42.485 	-1.15368 	0
0.065706 	-62.3382 	42.4882 	-1.13986 	0
0.0662774 	-62.4218 	42.4915 	-1.12605 	0
0.0668487 	-62.5053 	42.4947 	-1.11223 	0
0.0674201 	-62.5888 	42.4979 	-1.09841 	0
0.0679915 	-62.6724 	42.5011 	-1.0846 	0
0.0685628 	-62.7559 	42.5043 	-1.07078 	0
0.0691342 	-62.8395 	42.5075 	-1.05697 	0
0.0697055 	-62.9241 	42.5108 	-1.0432 	0
0.0702769 	-63.0261 	42.5148 	-1.03042 	0
0.0708482 	-63.0939 	42.5179 	-1.017 	0
0.0714196 	-63.1616 	42.5211 	-1.00358 	0
0.071991 	-63.2293 	42.5243 	-0.990157 	0
0.0725623 	-63.2971 	42.5275 	-0.976735 	0
0.0731337 	-63.3648 	42.5307 	-0.963313 	0
0.073705 	-63.4326 	42.5339 	-0.949892 	0
0.0742764 	-63.5003 	42.537 	-0.93647 	0
0.0748477 	-63.5681 	42.5402 	-0.923048 	0
0.0754191 	-63.639 	42.5435 	-0.909819 	0
0.0759905 	-63.715 	42.5473 	-0.897403 	0
0.0765618 	-63.7696 	42.5505 	-0.884588 	0
0.0771332 	-63.8242 	42.5538 	-0.871774 	0
0.0777045 	-63.8788 	42.557 	-0.85896 	0
0.0782759 	-63.9334 	42.5603 	-0.846146 	0
0.0788472 	-63.988 	42.5635 	-0.833331 	0
0.0794186 	-64.0426 	42.5668 	-0.820517 	0
0.0799899 	-64.0972 	42.57 	-0.807703 	0
0.0805613 	-64.162 	42.5737 	-0.795412 	0
0.0811327 	-64.2115 	42.5773 	-0.783123 	0
0.081704 	-64.2564 	42.5808 	-0.770748 	0
0.0822754 	-64.3014 	42.5843 	-0.758373 	0
0.0828467 	-64.3463 	42.5878 	-0.745998 	0
0.0834181 	-64.3912 	42.5912 	-0.733623 	0
0.0839894 	-64.4362 	42.5947 	-0.721248 	0
0.0845608 	-64.4811 	42.5982 	-0.708875 	0
0.0851322 	-64.5336 	42.6025 	-0.697136 	0
0.0857035 	-64.5711 	42.6064 	-0.685103 	0
0.0862749 	-64.6087 	42.6103 	-0.67307 	0
0.0868462 	-64.6463 	42.6142 	-0.661037 	0
0.0874176 	-64.6838 	42.6181 	-0.649004 	0
0.0879889 	-64.7214 	42.622 	-0.636971 	0
0.0885603 	-64.766 	42.6264 	-0.625248 	0
0.0891317 	-64.7995 	42.631 	-0.613503 	0
0.089703 	-64.8314 	42.6355 	-0.601722 	0
0.0902744 	-64.8632 	42.64 	-0.589941 	0
0.0908457 	-64.895 	42.6445 	-0.57816 	0
0.0914171 	-64.9269 	42.6491 	-0.566379 	0
0.0919884 	-64.964 	42.6544 	-0.554934 	0
0.0925598 	-64.9912 	42.6598 	-0.543355 	0
0.0931312 	-65.0185 	42.6652 	-0.531775 	0
0.0937025 	-65.0457 	42.6706 	-0.520196 	0
0.0942739 	-65.0729 	42.676 	-0.508616 	0
0.0948452 	-65.104 	42.6824 	-0.497306 	0
0.0954166 	-65.1275 	42.6889 	-0.485879 	0
0.0959879 	-65.151 	42.6955 	-0.474452 	0
0.0965593 	-65.1745 	42.702 	-0.463026 	0
0.0971307 	-65.2019 	42.7092 	-0.451778 	0
0.097702 	-65.2223 	42.7173 	-0.440478 	0
0.0982734 	-65.2428 	42.7253 	-0.429178 	0
0.0988447 	-65.2632 	42.7333 	-0.417877 	0
0.0994161 	-65.286 	42.7425 	-0.406745 	0
0.0999874 	-65.3038 	42.7523 	-0.395543 	0
0.100559 	-65.3217 	42.7622 	-0.384342 	0
0.10113 	-65.3418 	42.7727 	-0.373253 	0
0.101702 	-65.3576 	42.7847 	-0.36214 	0
0.102273 	-65.3732 	42.7968 	-0.351023 	0
0.102844 	-65.3905 	42.8098 	-0.340013 	0
0.103416 	-65.4043 	42.8244 	-0.328968 	0
0.103987 	-65.4181 	42.839 	-0.317923 	0
0.104558 	-65.4324 	42.856 	-0.30699 	0
0.10513 	-65.4446 	42.8734 	-0.295995 	0
0.105701 	-65.4573 	42.8928 	-0.285105 	0
0.106272 	-65.4682 	42.9133 	-0.274179 	0
0.106844 	-65.4793 	42.9363 	-0.263329 	0
0.107415 	-65.4892 	42.9604 	-0.252458 	0
0.107986 	-65.4983 	42.9879 	-0.241716 	0
0.108558 	-65.5065 	42.9946 	-0.230965 	0
0.109129 	-65.5125 	42.8833 	-0.218464 	0
0.109701 	-65.5151 	42.4104 	-0.199924 	0
0.110272 	-65.5183 	41.1914 	-0.169469 	0
0.110843 	-65.5258 	39.3252 	-0.132633 	0
0.111415 	-65.5355 	37.1568 	-0.0973967 	0
0.111986 	-65.5499 	34.783 	-0.0663293 	0
0.112557 	-65.5708 	32.0251 	-0.0395913 	0
0.113129 	-65.5967 	27.9009 	-0.0166196 	0
0.1137 	-65.6165 	1.17408e-10 	-3.9053e-15 	0
