0 	-192.523 	0 	0 	0
0.000571357 	-192.511 	-7.04017 	0.0227621 	0
0.00114271 	-192.531 	-6.66132 	0.0292772 	0
0.00171407 	-192.585 	-6.16568 	0.0303048 	0
0.00228543 	-192.668 	-5.61734 	0.0255385 	0
0.00285678 	-192.77 	-5.02628 	0.0163638 	0
0.00342814 	-192.888 	-4.38684 	0.000390975 	0
0.0039995 	-193.013 	-3.69807 	-0.0217504 	0
0.00457085 	-193.139 	-2.95353 	-0.051567 	0
0.00514221 	-193.257 	-2.14231 	-0.0911358 	0
0.00571357 	-193.354 	-1.25739 	-0.14108 	0
0.00628492 	-193.418 	-0.289666 	-0.202287 	0
0.00685628 	-193.43 	0.774095 	-0.275801 	0
0.00742764 	-193.369 	1.96459 	-0.363403 	0
0.00799899 	-193.197 	3.40846 	-0.472575 	0
0.00857035 	-192.931 	5.11651 	-0.600494 	0
0.00914171 	-192.6 	7.11015 	-0.744928 	0
0.00971307 	-192.28 	9.25437 	-0.898208 	0
0.0102844 	-192.005 	11.4748 	-1.05813 	0
0.0108558 	-191.648 	13.7238 	-1.21871 	0
0.0114271 	-191.043 	16.0823 	-1.37399 	0
0.0119985 	-190.242 	18.6483 	-1.51609 	0
0.0125698 	-189.511 	20.9284 	-1.61942 	0
0.0131412 	-188.396 	24.446 	-1.73782 	0
0.0137126 	-187.367 	27.7015 	-1.81309 	0
0.0142839 	-186.284 	31.0845 	-1.86964 	0
0.0148553 	-185.161 	34.1576 	-1.92579 	0
0.0154266 	-183.978 	35.9842 	-1.9714 	0
0.015998 	-182.769 	36.7555 	-1.9844 	0
0.0165693 	-181.562 	37.3242 	-1.98949 	0
0.0171407 	-180.358 	37.8565 	-1.99286 	0
0.0177121 	-179.161 	38.342 	-1.99382 	0
0.0182834 	-177.966 	38.7864 	-1.99325 	0
0.0188548 	-176.785 	39.1928 	-1.99071 	0
0.0194261 	-175.622 	39.5672 	-1.98639 	0
0.0199975 	-174.454 	39.9292 	-1.98235 	0
0.0205688 	-173.32 	40.2532 	-1.97585 	0
0.0211402 	-172.179 	40.5735 	-1.96998 	0
0.0217116 	-171.074 	40.863 	-1.9622 	0
0.0222829 	-169.957 	41.1534 	-1.95538 	0
0.0228543 	-168.888 	41.4138 	-1.94625 	0
0.0234256 	-167.804 	41.673 	-1.93828 	0
0.023997 	-166.745 	41.9206 	-1.92947 	0
0.0245683 	-165.712 	42.1518 	-1.91993 	0
0.0251397 	-164.669 	42.3834 	-1.91118 	0
0.0257111 	-163.657 	42.6014 	-1.90146 	0
0.0262824 	-162.67 	42.8073 	-1.89121 	0
0.0268538 	-161.67 	43.0135 	-1.88173 	0
0.0274251 	-160.685 	43.2127 	-1.87189 	0
0.0279965 	-159.752 	43.3855 	-1.8607 	0
0.0285678 	-158.805 	43.5592 	-1.85037 	0
0.0291392 	-157.855 	43.733 	-1.84023 	0
0.0297106 	-156.935 	43.8792 	-1.82867 	0
0.0302819 	-156.056 	43.9859 	-1.81509 	0
0.0308533 	-155.164 	44.0939 	-1.80234 	0
0.0314246 	-154.269 	44.2022 	-1.78979 	0
0.031996 	-153.379 	44.3052 	-1.777 	0
0.0325673 	-152.574 	44.3161 	-1.76019 	0
0.0331387 	-151.765 	44.3273 	-1.74361 	0
0.0337101 	-150.944 	44.3392 	-1.72778 	0
0.0342814 	-150.123 	44.3511 	-1.71195 	0
0.0348528 	-149.309 	44.3608 	-1.69604 	0
0.0354241 	-148.593 	44.336 	-1.6788 	0
0.0359955 	-147.878 	44.3112 	-1.66156 	0
0.0365668 	-147.148 	44.2863 	-1.64514 	0
0.0371382 	-146.418 	44.2613 	-1.62874 	0
0.0377095 	-145.688 	44.2364 	-1.61234 	0
0.0382809 	-144.991 	44.2151 	-1.59606 	0
0.0388523 	-144.361 	44.2011 	-1.58002 	0
0.0394236 	-143.73 	44.1871 	-1.56397 	0
0.039995 	-143.087 	44.1728 	-1.54858 	0
0.0405663 	-142.443 	44.1584 	-1.53324 	0
0.0411377 	-141.8 	44.144 	-1.51789 	0
0.041709 	-141.156 	44.1296 	-1.50255 	0
0.0422804 	-140.586 	44.1167 	-1.48739 	0
0.0428518 	-140.039 	44.1042 	-1.47229 	0
0.0434231 	-139.491 	44.0918 	-1.45721 	0
0.0439945 	-138.931 	44.079 	-1.44271 	0
0.0445658 	-138.371 	44.0663 	-1.4282 	0
0.0451372 	-137.811 	44.0535 	-1.4137 	0
0.0457085 	-137.252 	44.0407 	-1.3992 	0
0.0462799 	-136.714 	44.0286 	-1.38478 	0
0.0468513 	-136.246 	44.0182 	-1.3706 	0
0.0474226 	-135.778 	44.0078 	-1.35643 	0
0.047994 	-135.309 	43.9975 	-1.34231 	0
0.0485653 	-134.83 	43.9868 	-1.32864 	0
0.0491367 	-134.351 	43.9762 	-1.31496 	0
0.049708 	-133.872 	43.9656 	-1.30129 	0
0.0502794 	-133.393 	43.9549 	-1.28762 	0
0.0508508 	-132.915 	43.9443 	-1.27394 	0
0.0514221 	-132.489 	43.935 	-1.26055 	0
0.0519935 	-132.096 	43.9266 	-1.24733 	0
0.0525648 	-131.703 	43.9182 	-1.2341 	0
0.0531362 	-131.31 	43.9098 	-1.22088 	0
0.0537075 	-130.908 	43.9012 	-1.20807 	0
0.0542789 	-130.505 	43.8926 	-1.19526 	0
0.0548503 	-130.103 	43.8839 	-1.18245 	0
0.0554216 	-129.701 	43.8753 	-1.16964 	0
0.055993 	-129.299 	43.8667 	-1.15683 	0
0.0565643 	-128.897 	43.858 	-1.14401 	0
0.0571357 	-128.558 	43.851 	-1.13177 	0
0.057707 	-128.243 	43.8446 	-1.11973 	0
0.0582784 	-127.928 	43.8382 	-1.10769 	0
0.0588497 	-127.612 	43.8318 	-1.09566 	0
0.0594211 	-127.293 	43.8253 	-1.08381 	0
0.0599925 	-126.97 	43.8188 	-1.07211 	0
0.0605638 	-126.647 	43.8122 	-1.0604 	0
0.0611352 	-126.325 	43.8056 	-1.04869 	0
0.0617065 	-126.002 	43.799 	-1.03698 	0
0.0622779 	-125.679 	43.7924 	-1.02527 	0
0.0628492 	-125.357 	43.7859 	-1.01357 	0
0.0634206 	-125.059 	43.78 	-1.00202 	0
0.063992 	-124.802 	43.7752 	-0.990739 	0
0.0645633 	-124.545 	43.7704 	-0.979456 	0
0.0651347 	-124.288 	43.7656 	-0.968173 	0
0.065706 	-124.03 	43.7608 	-0.956957 	0
0.0662774 	-123.767 	43.7558 	-0.945946 	0
0.0668487 	-123.503 	43.7509 	-0.934935 	0
0.0674201 	-123.24 	43.7459 	-0.923924 	0
0.0679915 	-122.977 	43.741 	-0.912913 	0
0.0685628 	-122.714 	43.736 	-0.901902 	0
0.0691342 	-122.451 	43.7311 	-0.890891 	0
0.0697055 	-122.19 	43.7262 	-0.879881 	0
0.0702769 	-121.974 	43.7227 	-0.868901 	0
0.0708482 	-121.757 	43.7192 	-0.85792 	0
0.0714196 	-121.541 	43.7156 	-0.846939 	0
0.071991 	-121.323 	43.7121 	-0.836062 	0
0.0725623 	-121.101 	43.7084 	-0.825319 	0
0.0731337 	-120.88 	43.7048 	-0.814576 	0
0.073705 	-120.659 	43.7011 	-0.803833 	0
0.0742764 	-120.437 	43.6975 	-0.79309 	0
0.0748477 	-120.216 	43.6938 	-0.782346 	0
0.0754191 	-120.001 	43.6904 	-0.771636 	0
0.0759905 	-119.821 	43.6881 	-0.7611 	0
0.0765618 	-119.641 	43.6858 	-0.750565 	0
0.0771332 	-119.461 	43.6835 	-0.740031 	0
0.0777045 	-119.276 	43.681 	-0.729705 	0
0.0782759 	-119.092 	43.6786 	-0.719378 	0
0.0788472 	-118.907 	43.6762 	-0.709052 	0
0.0794186 	-118.723 	43.6738 	-0.698725 	0
0.0799899 	-118.539 	43.6713 	-0.688399 	0
0.0805613 	-118.371 	43.6695 	-0.67813 	0
0.0811327 	-118.22 	43.6683 	-0.667914 	0
0.081704 	-118.068 	43.6671 	-0.657697 	0
0.0822754 	-117.913 	43.6658 	-0.647629 	0
0.0828467 	-117.758 	43.6645 	-0.637601 	0
0.0834181 	-117.602 	43.6632 	-0.627574 	0
0.0839894 	-117.447 	43.6619 	-0.617546 	0
0.0845608 	-117.291 	43.6606 	-0.607519 	0
0.0851322 	-117.162 	43.6605 	-0.597548 	0
0.0857035 	-117.032 	43.6603 	-0.587577 	0
0.0862749 	-116.901 	43.6602 	-0.577712 	0
0.0868462 	-116.769 	43.66 	-0.567916 	0
0.0874176 	-116.636 	43.6597 	-0.55812 	0
0.0879889 	-116.503 	43.6595 	-0.548323 	0
0.0885603 	-116.38 	43.6599 	-0.53853 	0
0.0891317 	-116.269 	43.6609 	-0.52874 	0
0.089703 	-116.157 	43.6619 	-0.519007 	0
0.0902744 	-116.044 	43.6628 	-0.509381 	0
0.0908457 	-115.93 	43.6638 	-0.499755 	0
0.0914171 	-115.816 	43.6647 	-0.490128 	0
0.0919884 	-115.715 	43.6666 	-0.480487 	0
0.0925598 	-115.619 	43.6689 	-0.47084 	0
0.0931312 	-115.521 	43.6712 	-0.461332 	0
0.0937025 	-115.423 	43.6734 	-0.45184 	0
0.0942739 	-115.324 	43.6756 	-0.442349 	0
0.0948452 	-115.237 	43.6789 	-0.432824 	0
0.0954166 	-115.153 	43.6827 	-0.423306 	0
0.0959879 	-115.068 	43.6864 	-0.413919 	0
0.0965593 	-114.982 	43.6901 	-0.404531 	0
0.0971307 	-114.902 	43.6944 	-0.395121 	0
0.097702 	-114.829 	43.6999 	-0.38567 	0
0.0982734 	-114.754 	43.7053 	-0.376362 	0
0.0988447 	-114.68 	43.7108 	-0.367057 	0
0.0994161 	-114.612 	43.7173 	-0.357712 	0
0.0999874 	-114.547 	43.7248 	-0.348386 	0
0.100559 	-114.482 	43.7322 	-0.339152 	0
0.10113 	-114.419 	43.7403 	-0.329895 	0
0.101702 	-114.363 	43.75 	-0.320601 	0
0.102273 	-114.306 	43.7598 	-0.311418 	0
0.102844 	-114.251 	43.7705 	-0.302205 	0
0.103416 	-114.201 	43.7829 	-0.293 	0
0.103987 	-114.151 	43.7952 	-0.283873 	0
0.104558 	-114.106 	43.8101 	-0.274667 	0
0.10513 	-114.062 	43.8253 	-0.265575 	0
0.105701 	-114.021 	43.8426 	-0.256417 	0
0.106272 	-113.981 	43.861 	-0.247349 	0
0.106844 	-113.945 	43.8818 	-0.238252 	0
0.107415 	-113.91 	43.9036 	-0.229243 	0
0.107986 	-113.879 	43.9286 	-0.220135 	0
0.108558 	-113.85 	43.9558 	-0.21112 	0
0.109129 	-113.823 	43.9842 	-0.20218 	0
0.109701 	-113.798 	43.987 	-0.192998 	0
0.110272 	-113.772 	43.7455 	-0.180821 	0
0.110843 	-113.75 	42.6319 	-0.154751 	0
0.111415 	-113.738 	40.4627 	-0.115362 	0
0.111986 	-113.735 	37.6736 	-0.0775741 	0
0.112557 	-113.744 	34.4813 	-0.0457677 	0
0.113129 	-113.766 	29.9727 	-0.0194047 	0
0.1137 	-113.788 	1.30482e-10 	-4.96313e-15 	0
