0.0131412 	-204.611 	16.525 	-0.0920648 	0
0.0137126 	-204.591 	24.5133 	-0.153885 	0
0.0142839 	-204.606 	30.2199 	-0.13929 	0
0.0148553 	-204.658 	31.4422 	-0.155001 	0
0.0154266 	-204.695 	32.3069 	-0.170401 	0
0.015998 	-204.714 	33.1196 	-0.185317 	0
0.0165693 	-204.715 	33.8466 	-0.199302 	0
0.0171407 	-204.7 	34.4591 	-0.212331 	0
0.0177121 	-204.664 	35.0467 	-0.225001 	0
0.0182834 	-204.614 	35.6133 	-0.237221 	0
0.0188548 	-204.546 	36.166 	-0.249089 	0
0.0194261 	-204.46 	36.6962 	-0.260523 	0
0.0199975 	-204.359 	37.2156 	-0.271622 	0
0.0205688 	-204.243 	37.7331 	-0.282463 	0
0.0211402 	-204.113 	38.2364 	-0.292917 	0
0.0217116 	-203.967 	38.6774 	-0.302518 	0
0.0222829 	-203.805 	39.0665 	-0.311571 	0
0.0228543 	-203.632 	39.4424 	-0.320323 	0
0.0234256 	-203.451 	39.8145 	-0.328793 	0
0.023997 	-203.253 	40.1854 	-0.337085 	0
0.0245683 	-203.042 	40.5446 	-0.34507 	0
0.0251397 	-202.829 	40.8963 	-0.352727 	0
0.0257111 	-202.595 	41.2032 	-0.359804 	0
0.0262824 	-202.36 	41.5034 	-0.366678 	0
0.0268538 	-202.109 	41.7807 	-0.373125 	0
0.0274251 	-201.855 	42.0585 	-0.379485 	0
0.0279965 	-201.587 	42.3377 	-0.385708 	0
0.0285678 	-201.319 	42.6157 	-0.391829 	0
0.0291392 	-201.033 	42.8859 	-0.39766 	0
0.0297106 	-200.75 	43.1564 	-0.40342 	0
0.0302819 	-200.448 	43.343 	-0.408006 	0
0.0308533 	-200.148 	43.5199 	-0.412373 	0
0.0314246 	-199.841 	43.6618 	-0.416375 	0
0.031996 	-199.529 	43.7629 	-0.419908 	0
0.0325673 	-199.219 	43.8641 	-0.423414 	0
0.0331387 	-198.895 	43.9649 	-0.426717 	0
0.0337101 	-198.573 	44.0657 	-0.429923 	0
0.0342814 	-198.251 	44.1666 	-0.433124 	0
0.0348528 	-197.915 	44.2225 	-0.435549 	0
0.0354241 	-197.583 	44.2784 	-0.437927 	0
0.0359955 	-197.251 	44.3343 	-0.440305 	0
0.0365668 	-196.91 	44.3449 	-0.442018 	0
0.0371382 	-196.572 	44.3521 	-0.443657 	0
0.0377095 	-196.235 	44.3594 	-0.445292 	0
0.0382809 	-195.893 	44.3599 	-0.446707 	0
0.0388523 	-195.55 	44.3562 	-0.447976 	0
0.0394236 	-195.209 	44.3526 	-0.449235 	0
0.039995 	-194.867 	44.3487 	-0.45048 	0
0.0405663 	-194.52 	44.3375 	-0.451371 	0
0.0411377 	-194.176 	44.3265 	-0.452254 	0
0.041709 	-193.832 	44.3154 	-0.453135 	0
0.0422804 	-193.487 	44.3037 	-0.453963 	0
0.0428518 	-193.14 	44.2883 	-0.454538 	0
0.0434231 	-192.795 	44.273 	-0.45511 	0
0.0439945 	-192.451 	44.2577 	-0.455681 	0
0.0445658 	-192.106 	44.2424 	-0.456252 	0
0.0451372 	-191.76 	44.2377 	-0.456685 	0
0.0457085 	-191.414 	44.2331 	-0.457117 	0
0.0462799 	-191.07 	44.2285 	-0.457548 	0
0.0468513 	-190.726 	44.2239 	-0.45798 	0
0.0474226 	-190.381 	44.223 	-0.458315 	0
0.047994 	-190.035 	44.2262 	-0.458545 	0
0.0485653 	-189.691 	44.2295 	-0.45878 	0
0.0491367 	-189.347 	44.2328 	-0.459014 	0
0.049708 	-189.003 	44.2361 	-0.459249 	0
0.0502794 	-188.659 	44.2376 	-0.4593 	0
0.0508508 	-188.315 	44.2381 	-0.459232 	0
0.0514221 	-187.972 	44.2386 	-0.459173 	0
0.0519935 	-187.63 	44.2391 	-0.459115 	0
0.0525648 	-187.288 	44.2396 	-0.459057 	0
0.0531362 	-186.947 	44.2395 	-0.458902 	0
0.0537075 	-186.606 	44.2382 	-0.458558 	0
0.0542789 	-186.267 	44.237 	-0.458221 	0
0.0548503 	-185.928 	44.2358 	-0.457892 	0
0.0554216 	-185.589 	44.2346 	-0.457563 	0
0.055993 	-185.251 	44.2334 	-0.457234 	0
0.0565643 	-184.914 	44.2322 	-0.456736 	0
0.0571357 	-184.579 	44.2311 	-0.456147 	0
0.057707 	-184.245 	44.23 	-0.45557 	0
0.0582784 	-183.911 	44.2289 	-0.454999 	0
0.0588497 	-183.578 	44.2278 	-0.454429 	0
0.0594211 	-183.244 	44.2267 	-0.453858 	0
0.0599925 	-182.916 	44.2254 	-0.453165 	0
0.0605638 	-182.593 	44.2238 	-0.45235 	0
0.0611352 	-182.271 	44.2223 	-0.451543 	0
0.0617065 	-181.949 	44.2208 	-0.45075 	0
0.0622779 	-181.627 	44.2193 	-0.449957 	0
0.0628492 	-181.306 	44.2178 	-0.449164 	0
0.0634206 	-180.984 	44.2163 	-0.448371 	0
0.063992 	-180.669 	44.214 	-0.447379 	0
0.0645633 	-180.354 	44.2117 	-0.446354 	0
0.0651347 	-180.04 	44.2093 	-0.445348 	0
0.065706 	-179.726 	44.207 	-0.444349 	0
0.0662774 	-179.412 	44.2046 	-0.44335 	0
0.0668487 	-179.098 	44.2023 	-0.44235 	0
0.0674201 	-178.785 	44.1998 	-0.441303 	0
0.0679915 	-178.473 	44.1971 	-0.440086 	0
0.0685628 	-178.161 	44.1943 	-0.438876 	0
0.0691342 	-177.85 	44.1915 	-0.437687 	0
0.0697055 	-177.539 	44.1888 	-0.436497 	0
0.0702769 	-177.228 	44.186 	-0.435308 	0
0.0708482 	-176.918 	44.1833 	-0.434108 	0
0.0714196 	-176.615 	44.1807 	-0.432761 	0
0.071991 	-176.312 	44.1781 	-0.431422 	0
0.0725623 	-176.009 	44.1755 	-0.430105 	0
0.0731337 	-175.707 	44.1729 	-0.428788 	0
0.073705 	-175.404 	44.1703 	-0.427471 	0
0.0742764 	-175.105 	44.1683 	-0.426107 	0
0.0748477 	-174.81 	44.167 	-0.424669 	0
0.0754191 	-174.515 	44.1659 	-0.423252 	0
0.0759905 	-174.22 	44.1647 	-0.421844 	0
0.0765618 	-173.926 	44.1635 	-0.420437 	0
0.0771332 	-173.632 	44.1625 	-0.419019 	0
0.0777045 	-173.345 	44.163 	-0.417523 	0
0.0782759 	-173.058 	44.1636 	-0.416044 	0
0.0788472 	-172.771 	44.1642 	-0.414579 	0
0.0794186 	-172.485 	44.1647 	-0.413114 	0
0.0799899 	-172.2 	44.1654 	-0.411625 	0
0.0805613 	-171.919 	44.1664 	-0.41006 	0
0.0811327 	-171.64 	44.1673 	-0.40852 	0
0.081704 	-171.36 	44.1683 	-0.406986 	0
0.0822754 	-171.08 	44.1693 	-0.405453 	0
0.0828467 	-170.805 	44.1703 	-0.403872 	0
0.0834181 	-170.532 	44.1714 	-0.402285 	0
0.0839894 	-170.259 	44.1724 	-0.400718 	0
0.0845608 	-169.987 	44.1735 	-0.399151 	0
0.0851322 	-169.717 	44.1745 	-0.397534 	0
0.0857035 	-169.45 	44.1757 	-0.395885 	0
0.0862749 	-169.184 	44.1768 	-0.394259 	0
0.0868462 	-168.917 	44.1779 	-0.392633 	0
0.0874176 	-168.655 	44.1791 	-0.390985 	0
0.0879889 	-168.394 	44.1803 	-0.389345 	0
0.0885603 	-168.134 	44.1815 	-0.38772 	0
0.0891317 	-167.874 	44.1827 	-0.386084 	0
0.089703 	-167.619 	44.184 	-0.384359 	0
0.0902744 	-167.364 	44.1853 	-0.382666 	0
0.0908457 	-167.108 	44.1865 	-0.380974 	0
0.0914171 	-166.858 	44.1881 	-0.379293 	0
0.0919884 	-166.608 	44.1897 	-0.377643 	0
0.0925598 	-166.359 	44.1913 	-0.375999 	0
0.0931312 	-166.113 	44.1893 	-0.374267 	0
0.0937025 	-165.868 	44.186 	-0.372531 	0
0.0942739 	-165.623 	44.1828 	-0.370801 	0
0.0948452 	-165.382 	44.1125 	-0.368396 	0
0.0954166 	-165.143 	44.0341 	-0.365952 	0
0.0959879 	-164.905 	43.9345 	-0.363302 	0
0.0965593 	-164.674 	43.7753 	-0.360104 	0
0.0971307 	-164.443 	43.6161 	-0.356936 	0
0.097702 	-164.219 	43.452 	-0.353798 	0
0.0982734 	-163.996 	43.287 	-0.350715 	0
0.0988447 	-163.778 	43.1222 	-0.347491 	0
0.0994161 	-163.563 	42.9575 	-0.344216 	0
0.0999874 	-163.351 	42.7929 	-0.341026 	0
0.100559 	-163.144 	42.6284 	-0.33797 	0
0.10113 	-162.94 	42.4643 	-0.334724 	0
0.101702 	-162.738 	42.3006 	-0.331384 	0
0.102273 	-162.542 	42.138 	-0.328373 	0
0.102844 	-162.348 	41.9604 	-0.325369 	0
0.103416 	-162.158 	41.6792 	-0.321571 	0
0.103987 	-161.973 	40.7936 	-0.312066 	0
0.104558 	-161.796 	39.321 	-0.297592 	0
0.10513 	-161.645 	37.0239 	-0.277547 	0
0.105701 	-161.515 	34.6793 	-0.257342 	0
0.106272 	-161.404 	32.3316 	-0.237137 	0
0.106844 	-161.31 	29.9857 	-0.217011 	0
0.107415 	-161.232 	27.6399 	-0.196961 	0
0.107986 	-161.169 	25.294 	-0.176974 	0
0.108558 	-161.118 	22.9482 	-0.157058 	0
0.109129 	-161.079 	20.6023 	-0.137192 	0
0.109701 	-161.052 	18.2563 	-0.117355 	0
0.110272 	-161.032 	15.9099 	-0.0975665 	0
0.110843 	-161.019 	13.562 	-0.0777286 	0
0.111415 	-161.013 	11.2068 	-0.0574605 	0
0.111986 	-161.013 	8.81042 	-0.0346295 	0
0.112557 	-161.024 	6.42763 	-0.00733235 	0
0.113129 	-161.033 	4.38381 	0.00489896 	0
0.1137 	-161.04 	2.29798 	0.00932677 	0
