0 	-88.5751 	0 	0 	0
0.000571357 	-88.6987 	-7.01212 	-0.146901 	0
0.00114271 	-88.7252 	-6.13823 	-0.304348 	0
0.00171407 	-88.5689 	-4.33025 	-0.453188 	0
0.00228543 	-88.4412 	-2.31671 	-0.593475 	0
0.00285678 	-88.2833 	-0.266608 	-0.726236 	0
0.00342814 	-88.1028 	1.77504 	-0.852943 	0
0.0039995 	-87.9009 	3.7717 	-0.974594 	0
0.00457085 	-87.6778 	5.70964 	-1.09263 	0
0.00514221 	-87.45 	7.58487 	-1.20875 	0
0.00571357 	-87.2281 	9.38565 	-1.32564 	0
0.00628492 	-87.029 	11.0958 	-1.44608 	0
0.00685628 	-86.8611 	12.7075 	-1.5716 	0
0.00742764 	-86.6995 	14.2282 	-1.70405 	0
0.00799899 	-86.5159 	15.6907 	-1.84151 	0
0.00857035 	-86.3209 	17.1545 	-1.97816 	0
0.00914171 	-86.2268 	18.6864 	-2.10439 	0
0.00971307 	-86.4096 	20.3176 	-2.21619 	0
0.0102844 	-86.9998 	22.004 	-2.31638 	0
0.0108558 	-87.9606 	23.6599 	-2.41393 	0
0.0114271 	-89.061 	25.2751 	-2.51066 	0
0.0119985 	-90.2429 	26.9782 	-2.59996 	0
0.0125698 	-91.6546 	28.7259 	-2.69561 	0
0.0131412 	-85.6879 	30.1731 	-2.7701 	0
0.0137126 	-86.7585 	31.5031 	-2.83479 	0
0.0142839 	-88.3309 	32.1813 	-2.8955 	0
0.0148553 	-89.9871 	32.8273 	-2.94549 	0
0.0154266 	-91.6743 	33.4502 	-2.98809 	0
0.015998 	-93.3536 	34.0495 	-3.02471 	0
0.0165693 	-95.026 	34.6244 	-3.05545 	0
0.0171407 	-96.6794 	35.1687 	-3.08028 	0
0.0177121 	-98.273 	35.6656 	-3.09928 	0
0.0182834 	-99.8415 	36.1252 	-3.11212 	0
0.0188548 	-101.362 	36.5529 	-3.11987 	0
0.0194261 	-102.816 	36.9661 	-3.12535 	0
0.0199975 	-104.219 	37.3776 	-3.12923 	0
0.0205688 	-105.57 	37.7866 	-3.13165 	0
0.0211402 	-106.87 	38.1855 	-3.13212 	0
0.0217116 	-108.104 	38.56 	-3.13043 	0
0.0222829 	-109.284 	38.9073 	-3.12559 	0
0.0228543 	-110.418 	39.2378 	-3.11779 	0
0.0234256 	-111.508 	39.5549 	-3.10846 	0
0.023997 	-112.526 	39.8604 	-3.09974 	0
0.0245683 	-113.502 	40.1622 	-3.08846 	0
0.0251397 	-114.443 	40.4608 	-3.07709 	0
0.0257111 	-115.313 	40.7415 	-3.06565 	0
0.0262824 	-116.16 	41.0151 	-3.05195 	0
0.0268538 	-116.948 	41.2472 	-3.03684 	0
0.0274251 	-117.706 	41.4662 	-3.01882 	0
0.0279965 	-118.412 	41.6281 	-2.99847 	0
0.0285678 	-119.09 	41.7853 	-2.97589 	0
0.0291392 	-119.712 	41.8926 	-2.95172 	0
0.0297106 	-120.318 	42.0011 	-2.92615 	0
0.0302819 	-120.862 	42.0947 	-2.90136 	0
0.0308533 	-121.4 	42.1864 	-2.87678 	0
0.0314246 	-121.881 	42.2753 	-2.85082 	0
0.031996 	-122.344 	42.3612 	-2.82667 	0
0.0325673 	-122.786 	42.4475 	-2.80138 	0
0.0331387 	-123.18 	42.4968 	-2.77458 	0
0.0337101 	-123.57 	42.5386 	-2.74776 	0
0.0342814 	-123.928 	42.5817 	-2.71955 	0
0.0348528 	-124.249 	42.5858 	-2.69129 	0
0.0354241 	-124.57 	42.5897 	-2.66303 	0
0.0359955 	-124.86 	42.5937 	-2.63355 	0
0.0365668 	-125.119 	42.5997 	-2.60635 	0
0.0371382 	-125.377 	42.6058 	-2.57937 	0
0.0377095 	-125.617 	42.6116 	-2.55176 	0
0.0382809 	-125.824 	42.6167 	-2.52472 	0
0.0388523 	-126.028 	42.6218 	-2.49864 	0
0.0394236 	-126.232 	42.6268 	-2.47257 	0
0.039995 	-126.396 	42.631 	-2.44544 	0
0.0405663 	-126.553 	42.6313 	-2.42021 	0
0.0411377 	-126.71 	42.6315 	-2.39498 	0
0.041709 	-126.863 	42.6316 	-2.36967 	0
0.0422804 	-126.978 	42.6322 	-2.34386 	0
0.0428518 	-127.096 	42.6396 	-2.32031 	0
0.0434231 	-127.213 	42.6471 	-2.29677 	0
0.0439945 	-127.33 	42.6545 	-2.27322 	0
0.0445658 	-127.409 	42.6607 	-2.24887 	0
0.0451372 	-127.494 	42.6763 	-2.227 	0
0.0457085 	-127.579 	42.692 	-2.20514 	0
0.0462799 	-127.665 	42.7077 	-2.18328 	0
0.0468513 	-127.73 	42.7229 	-2.16109 	0
0.0474226 	-127.784 	42.7369 	-2.13943 	0
0.047994 	-127.844 	42.7502 	-2.11865 	0
0.0485653 	-127.904 	42.7634 	-2.09787 	0
0.0491367 	-127.964 	42.7766 	-2.07709 	0
0.049708 	-127.999 	42.7894 	-2.05598 	0
0.0502794 	-128.034 	42.7995 	-2.03565 	0
0.0508508 	-128.075 	42.808 	-2.01591 	0
0.0514221 	-128.117 	42.8164 	-1.99618 	0
0.0519935 	-128.158 	42.8249 	-1.97644 	0
0.0525648 	-128.181 	42.8331 	-1.95652 	0
0.0531362 	-128.198 	42.841 	-1.93698 	0
0.0537075 	-128.226 	42.8492 	-1.91848 	0
0.0542789 	-128.254 	42.8574 	-1.89999 	0
0.0548503 	-128.282 	42.8656 	-1.88149 	0
0.0554216 	-128.311 	42.8738 	-1.86299 	0
0.055993 	-128.311 	42.8814 	-1.84427 	0
0.0565643 	-128.325 	42.8891 	-1.82648 	0
0.0571357 	-128.345 	42.897 	-1.80921 	0
0.057707 	-128.366 	42.9048 	-1.79193 	0
0.0582784 	-128.387 	42.9126 	-1.77465 	0
0.0588497 	-128.408 	42.9205 	-1.75737 	0
0.0594211 	-128.404 	42.9278 	-1.73996 	0
0.0599925 	-128.411 	42.9347 	-1.72332 	0
0.0605638 	-128.429 	42.9412 	-1.70745 	0
0.0611352 	-128.447 	42.9478 	-1.69159 	0
0.0617065 	-128.464 	42.9544 	-1.67572 	0
0.0622779 	-128.482 	42.9609 	-1.65986 	0
0.0628492 	-128.491 	42.9673 	-1.64396 	0
0.0634206 	-128.486 	42.9733 	-1.62801 	0
0.063992 	-128.502 	42.979 	-1.61303 	0
0.0645633 	-128.522 	42.9846 	-1.59821 	0
0.0651347 	-128.541 	42.9901 	-1.5834 	0
0.065706 	-128.561 	42.9957 	-1.56858 	0
0.0662774 	-128.58 	43.0013 	-1.55376 	0
0.0668487 	-128.584 	43.0065 	-1.53891 	0
0.0674201 	-128.589 	43.0117 	-1.52421 	0
0.0679915 	-128.614 	43.0172 	-1.51005 	0
0.0685628 	-128.638 	43.0226 	-1.4959 	0
0.0691342 	-128.663 	43.0281 	-1.48174 	0
0.0697055 	-128.688 	43.0336 	-1.46758 	0
0.0702769 	-128.703 	43.0388 	-1.45343 	0
0.0708482 	-128.711 	43.0439 	-1.43933 	0
0.0714196 	-128.742 	43.05 	-1.42598 	0
0.071991 	-128.774 	43.0561 	-1.41264 	0
0.0725623 	-128.806 	43.0622 	-1.3993 	0
0.0731337 	-128.838 	43.0683 	-1.38596 	0
0.073705 	-128.857 	43.0742 	-1.37263 	0
0.0742764 	-128.881 	43.0806 	-1.35956 	0
0.0748477 	-128.921 	43.0884 	-1.3469 	0
0.0754191 	-128.961 	43.0961 	-1.33423 	0
0.0759905 	-129.001 	43.1038 	-1.32157 	0
0.0765618 	-129.035 	43.1114 	-1.30892 	0
0.0771332 	-129.062 	43.1189 	-1.29636 	0
0.0777045 	-129.111 	43.1277 	-1.28425 	0
0.0782759 	-129.161 	43.1364 	-1.27214 	0
0.0788472 	-129.21 	43.1452 	-1.26002 	0
0.0794186 	-129.253 	43.1539 	-1.24794 	0
0.0799899 	-129.292 	43.1624 	-1.23597 	0
0.0805613 	-129.351 	43.1711 	-1.22422 	0
0.0811327 	-129.411 	43.1798 	-1.21247 	0
0.081704 	-129.47 	43.1885 	-1.20072 	0
0.0822754 	-129.516 	43.197 	-1.18905 	0
0.0828467 	-129.578 	43.2056 	-1.17756 	0
0.0834181 	-129.648 	43.2143 	-1.16611 	0
0.0839894 	-129.717 	43.223 	-1.15467 	0
0.0845608 	-129.777 	43.2316 	-1.14331 	0
0.0851322 	-129.845 	43.2404 	-1.13202 	0
0.0857035 	-129.925 	43.2493 	-1.12073 	0
0.0862749 	-130.005 	43.2582 	-1.10945 	0
0.0868462 	-130.075 	43.267 	-1.09828 	0
0.0874176 	-130.156 	43.2761 	-1.08715 	0
0.0879889 	-130.247 	43.2853 	-1.076 	0
0.0885603 	-130.337 	43.2945 	-1.06486 	0
0.0891317 	-130.413 	43.3036 	-1.05393 	0
0.089703 	-130.514 	43.3118 	-1.04275 	0
0.0902744 	-130.615 	43.32 	-1.03157 	0
0.0908457 	-130.705 	43.3283 	-1.02059 	0
0.0914171 	-130.81 	43.3253 	-1.00921 	0
0.0919884 	-130.92 	43.3193 	-0.997699 	0
0.0925598 	-131.022 	43.3138 	-0.986388 	0
0.0931312 	-131.134 	43.2687 	-0.973849 	0
0.0937025 	-131.254 	43.2086 	-0.960761 	0
0.0942739 	-131.362 	43.1496 	-0.948002 	0
0.0948452 	-131.486 	43.0143 	-0.932903 	0
0.0954166 	-131.612 	42.8696 	-0.917484 	0
0.0959879 	-131.726 	42.7196 	-0.902339 	0
0.0965593 	-131.857 	42.551 	-0.886258 	0
0.0971307 	-131.98 	42.3827 	-0.87052 	0
0.097702 	-132.11 	42.2299 	-0.854639 	0
0.0982734 	-132.242 	42.0804 	-0.838738 	0
0.0988447 	-132.37 	41.9299 	-0.822854 	0
0.0994161 	-132.507 	41.7787 	-0.806318 	0
0.0999874 	-132.636 	41.6222 	-0.790161 	0
0.100559 	-132.775 	41.46 	-0.773196 	0
0.10113 	-132.908 	41.2305 	-0.755493 	0
0.101702 	-133.046 	40.9496 	-0.73649 	0
0.102273 	-133.181 	40.2985 	-0.711357 	0
0.102844 	-133.312 	39.4266 	-0.683412 	0
0.103416 	-133.436 	37.7145 	-0.642546 	0
0.103987 	-133.539 	35.5308 	-0.598801 	0
0.104558 	-133.625 	33.0338 	-0.55357 	0
0.10513 	-133.688 	30.6044 	-0.514147 	0
0.105701 	-133.737 	28.3211 	-0.480044 	0
0.106272 	-133.775 	25.9316 	-0.449083 	0
0.106844 	-133.805 	23.3098 	-0.415866 	0
0.107415 	-133.846 	20.3612 	-0.37172 	0
0.107986 	-133.915 	17.3967 	-0.320186 	0
0.108558 	-133.971 	15.014 	-0.27999 	0
0.109129 	-133.987 	13.1167 	-0.248563 	0
0.109701 	-134.007 	11.3359 	-0.213293 	0
0.110272 	-134.023 	9.62474 	-0.172858 	0
0.110843 	-134.037 	8.06901 	-0.130683 	0
0.111415 	-134.051 	6.7055 	-0.0895593 	0
0.111986 	-134.066 	5.56104 	-0.0560144 	0
0.112557 	-134.065 	4.60608 	-0.0324665 	0
0.113129 	-134.055 	3.74268 	-0.016828 	0
0.1137 	-134.042 	2.80419 	-0.00854947 	0
