0 	-89.3054 	0 	0 	0
0.000571357 	-89.7061 	-3.0173 	-0.107637 	0
0.00114271 	-90.3444 	-2.39204 	-0.235915 	0
0.00171407 	-90.9339 	-1.7467 	-0.365956 	0
0.00228543 	-91.4336 	-1.06153 	-0.497136 	0
0.00285678 	-91.8406 	-0.322008 	-0.628663 	0
0.00342814 	-92.165 	0.486112 	-0.760988 	0
0.0039995 	-92.4213 	1.37143 	-0.893636 	0
0.00457085 	-92.6228 	2.34291 	-1.02676 	0
0.00514221 	-92.781 	3.40944 	-1.16053 	0
0.00571357 	-92.9064 	4.57614 	-1.2948 	0
0.00628492 	-92.9449 	5.85459 	-1.42903 	0
0.00685628 	-92.8608 	7.29573 	-1.56344 	0
0.00742764 	-92.786 	8.92664 	-1.69767 	0
0.00799899 	-92.7649 	10.7182 	-1.82955 	0
0.00857035 	-92.7581 	12.6207 	-1.959 	0
0.00914171 	-92.7692 	14.6236 	-2.08432 	0
0.00971307 	-92.7966 	16.6917 	-2.20621 	0
0.0102844 	-92.8673 	18.783 	-2.32283 	0
0.0108558 	-92.9744 	20.8438 	-2.43341 	0
0.0114271 	-93.0719 	22.8603 	-2.5375 	0
0.0119985 	-93.1335 	24.8809 	-2.63419 	0
0.0125698 	-93.151 	26.6074 	-2.70852 	0
0.0131412 	-93.0912 	29.2891 	-2.80181 	0
0.0137126 	-93.1334 	31.908 	-2.8694 	0
0.0142839 	-93.2646 	34.4477 	-2.91718 	0
0.0148553 	-93.3773 	35.3473 	-2.91295 	0
0.0154266 	-93.4786 	35.916 	-2.90868 	0
0.015998 	-93.5801 	36.4128 	-2.89862 	0
0.0165693 	-93.6655 	36.8434 	-2.88419 	0
0.0171407 	-93.7481 	37.2591 	-2.86943 	0
0.0177121 	-93.8279 	37.6542 	-2.8537 	0
0.0182834 	-93.8798 	38.0305 	-2.83682 	0
0.0188548 	-93.9377 	38.3817 	-2.81899 	0
0.0194261 	-94.0107 	38.7131 	-2.80056 	0
0.0199975 	-94.0331 	39.0369 	-2.78147 	0
0.0205688 	-94.0956 	39.3366 	-2.7621 	0
0.0211402 	-94.1132 	39.6337 	-2.74234 	0
0.0217116 	-94.1657 	39.909 	-2.72247 	0
0.0222829 	-94.1636 	40.1848 	-2.70221 	0
0.0228543 	-94.2232 	40.4388 	-2.68219 	0
0.0234256 	-94.21 	40.6916 	-2.66166 	0
0.023997 	-94.2227 	40.9348 	-2.64134 	0
0.0245683 	-94.2475 	41.1645 	-2.62117 	0
0.0251397 	-94.2226 	41.3943 	-2.60068 	0
0.0257111 	-94.229 	41.6087 	-2.58026 	0
0.0262824 	-94.2432 	41.8093 	-2.55979 	0
0.0268538 	-94.2063 	42.0105 	-2.53906 	0
0.0274251 	-94.1814 	42.2012 	-2.51815 	0
0.0279965 	-94.2019 	42.3523 	-2.4966 	0
0.0285678 	-94.1684 	42.505 	-2.47487 	0
0.0291392 	-94.1208 	42.658 	-2.45309 	0
0.0297106 	-94.095 	42.7781 	-2.43013 	0
0.0302819 	-94.1006 	42.8508 	-2.40546 	0
0.0308533 	-94.0562 	42.9252 	-2.38068 	0
0.0314246 	-93.9982 	43.0002 	-2.35587 	0
0.031996 	-93.943 	43.0709 	-2.33094 	0
0.0325673 	-93.9364 	43.0696 	-2.30401 	0
0.0331387 	-93.9187 	43.0683 	-2.27705 	0
0.0337101 	-93.8544 	43.0673 	-2.24993 	0
0.0342814 	-93.7901 	43.0663 	-2.22282 	0
0.0348528 	-93.7288 	43.0648 	-2.1958 	0
0.0354241 	-93.7124 	43.0544 	-2.17043 	0
0.0359955 	-93.6961 	43.044 	-2.14505 	0
0.0365668 	-93.6326 	43.0324 	-2.11947 	0
0.0371382 	-93.5653 	43.0207 	-2.09387 	0
0.0377095 	-93.4981 	43.009 	-2.06828 	0
0.0382809 	-93.4449 	43.002 	-2.04356 	0
0.0388523 	-93.4195 	43.0041 	-2.02059 	0
0.0394236 	-93.3941 	43.0063 	-1.99761 	0
0.039995 	-93.3292 	43.0075 	-1.97449 	0
0.0405663 	-93.2593 	43.0085 	-1.95135 	0
0.0411377 	-93.1894 	43.0095 	-1.92821 	0
0.041709 	-93.1195 	43.0105 	-1.90506 	0
0.0422804 	-93.0795 	43.0105 	-1.88338 	0
0.0428518 	-93.0483 	43.0101 	-1.86212 	0
0.0434231 	-93.0171 	43.0097 	-1.84086 	0
0.0439945 	-92.9489 	43.0085 	-1.8195 	0
0.0445658 	-92.8795 	43.0072 	-1.79813 	0
0.0451372 	-92.81 	43.0059 	-1.77677 	0
0.0457085 	-92.7405 	43.0047 	-1.7554 	0
0.0462799 	-92.6794 	43.0037 	-1.73451 	0
0.0468513 	-92.644 	43.0036 	-1.71505 	0
0.0474226 	-92.6087 	43.0036 	-1.69559 	0
0.047994 	-92.5724 	43.0035 	-1.67614 	0
0.0485653 	-92.5048 	43.0027 	-1.65661 	0
0.0491367 	-92.4371 	43.0018 	-1.63708 	0
0.049708 	-92.3695 	43.001 	-1.61755 	0
0.0502794 	-92.3019 	43.0002 	-1.59803 	0
0.0508508 	-92.2342 	42.9994 	-1.5785 	0
0.0514221 	-92.1856 	42.9991 	-1.56009 	0
0.0519935 	-92.1488 	42.9991 	-1.54236 	0
0.0525648 	-92.1119 	42.9992 	-1.52463 	0
0.0531362 	-92.0751 	42.9992 	-1.5069 	0
0.0537075 	-92.0135 	42.9987 	-1.48913 	0
0.0542789 	-91.95 	42.9981 	-1.47137 	0
0.0548503 	-91.8865 	42.9976 	-1.4536 	0
0.0554216 	-91.823 	42.997 	-1.43584 	0
0.055993 	-91.7595 	42.9964 	-1.41807 	0
0.0565643 	-91.696 	42.9958 	-1.4003 	0
0.0571357 	-91.6531 	42.9959 	-1.38401 	0
0.057707 	-91.6179 	42.9961 	-1.36827 	0
0.0582784 	-91.5828 	42.9964 	-1.35253 	0
0.0588497 	-91.5476 	42.9966 	-1.33679 	0
0.0594211 	-91.502 	42.9966 	-1.32104 	0
0.0599925 	-91.4459 	42.9964 	-1.30529 	0
0.0605638 	-91.3897 	42.9961 	-1.28953 	0
0.0611352 	-91.3336 	42.9959 	-1.27378 	0
0.0617065 	-91.2774 	42.9956 	-1.25803 	0
0.0622779 	-91.2212 	42.9954 	-1.24227 	0
0.0628492 	-91.1651 	42.9952 	-1.22652 	0
0.0634206 	-91.1179 	42.9952 	-1.21128 	0
0.063992 	-91.0851 	42.9957 	-1.19685 	0
0.0645633 	-91.0522 	42.9963 	-1.18242 	0
0.0651347 	-91.0194 	42.9968 	-1.16799 	0
0.065706 	-90.9839 	42.9972 	-1.15356 	0
0.0662774 	-90.9342 	42.9974 	-1.13914 	0
0.0668487 	-90.8845 	42.9975 	-1.12471 	0
0.0674201 	-90.8348 	42.9976 	-1.11029 	0
0.0679915 	-90.7851 	42.9978 	-1.09586 	0
0.0685628 	-90.7354 	42.9979 	-1.08143 	0
0.0691342 	-90.6858 	42.998 	-1.06701 	0
0.0697055 	-90.637 	42.9982 	-1.05261 	0
0.0702769 	-90.6066 	42.9991 	-1.03882 	0
0.0708482 	-90.5762 	43 	-1.02502 	0
0.0714196 	-90.5458 	43.0009 	-1.01123 	0
0.071991 	-90.5104 	43.0017 	-0.997436 	0
0.0725623 	-90.466 	43.0022 	-0.983654 	0
0.0731337 	-90.4217 	43.0028 	-0.969872 	0
0.073705 	-90.3773 	43.0034 	-0.956091 	0
0.0742764 	-90.333 	43.004 	-0.942309 	0
0.0748477 	-90.2887 	43.0045 	-0.928527 	0
0.0754191 	-90.247 	43.0052 	-0.914858 	0
0.0759905 	-90.2198 	43.0065 	-0.901804 	0
0.0765618 	-90.1927 	43.0079 	-0.888751 	0
0.0771332 	-90.1656 	43.0092 	-0.875697 	0
0.0777045 	-90.1277 	43.0103 	-0.862662 	0
0.0782759 	-90.0891 	43.0113 	-0.849627 	0
0.0788472 	-90.0505 	43.0124 	-0.836593 	0
0.0794186 	-90.0118 	43.0135 	-0.823558 	0
0.0799899 	-89.9732 	43.0145 	-0.810524 	0
0.0805613 	-89.9424 	43.016 	-0.797758 	0
0.0811327 	-89.9184 	43.0178 	-0.785232 	0
0.081704 	-89.8945 	43.0197 	-0.772706 	0
0.0822754 	-89.8636 	43.0214 	-0.760196 	0
0.0828467 	-89.83 	43.023 	-0.747693 	0
0.0834181 	-89.7965 	43.0246 	-0.73519 	0
0.0839894 	-89.763 	43.0263 	-0.722686 	0
0.0845608 	-89.7294 	43.0279 	-0.710184 	0
0.0851322 	-89.7083 	43.0304 	-0.698059 	0
0.0857035 	-89.6872 	43.0329 	-0.685933 	0
0.0862749 	-89.6615 	43.0352 	-0.673822 	0
0.0868462 	-89.6322 	43.0375 	-0.661721 	0
0.0874176 	-89.603 	43.0398 	-0.649621 	0
0.0879889 	-89.5737 	43.0421 	-0.63752 	0
0.0885603 	-89.5491 	43.0449 	-0.625537 	0
0.0891317 	-89.5305 	43.0482 	-0.613705 	0
0.089703 	-89.5098 	43.0514 	-0.601881 	0
0.0902744 	-89.4843 	43.0545 	-0.590076 	0
0.0908457 	-89.4588 	43.0577 	-0.57827 	0
0.0914171 	-89.4332 	43.0608 	-0.566464 	0
0.0919884 	-89.4142 	43.0647 	-0.554804 	0
0.0925598 	-89.3979 	43.069 	-0.543201 	0
0.0931312 	-89.3764 	43.0732 	-0.531622 	0
0.0937025 	-89.354 	43.0773 	-0.520046 	0
0.0942739 	-89.3317 	43.0815 	-0.508471 	0
0.0948452 	-89.315 	43.0867 	-0.497001 	0
0.0954166 	-89.3001 	43.0922 	-0.485576 	0
0.0959879 	-89.2805 	43.0976 	-0.474175 	0
0.0965593 	-89.2609 	43.103 	-0.462774 	0
0.0971307 	-89.2439 	43.1091 	-0.451415 	0
0.097702 	-89.2311 	43.1162 	-0.440126 	0
0.0982734 	-89.2141 	43.1232 	-0.428865 	0
0.0988447 	-89.1969 	43.1302 	-0.417604 	0
0.0994161 	-89.1831 	43.1383 	-0.40639 	0
0.0999874 	-89.1705 	43.1473 	-0.39522 	0
0.100559 	-89.1553 	43.1561 	-0.38407 	0
0.10113 	-89.1414 	43.1656 	-0.372936 	0
0.101702 	-89.1309 	43.1768 	-0.361856 	0
0.102273 	-89.1174 	43.188 	-0.350799 	0
0.102844 	-89.1057 	43.2 	-0.339758 	0
0.103416 	-89.0955 	43.2138 	-0.328757 	0
0.103987 	-89.0836 	43.2275 	-0.317771 	0
0.104558 	-89.075 	43.2436 	-0.306817 	0
0.10513 	-89.0644 	43.2602 	-0.295897 	0
0.105701 	-89.0561 	43.2788 	-0.285002 	0
0.106272 	-89.0469 	43.2984 	-0.274143 	0
0.106844 	-89.0394 	43.3205 	-0.263274 	0
0.107415 	-89.0309 	43.3436 	-0.252429 	0
0.107986 	-89.0244 	43.3703 	-0.241698 	0
0.108558 	-89.0181 	43.3962 	-0.230983 	0
0.109129 	-89.011 	43.3842 	-0.219916 	0
0.109701 	-89.0022 	43.1809 	-0.20635 	0
0.110272 	-88.9932 	42.3258 	-0.182083 	0
0.110843 	-88.9897 	40.5921 	-0.145075 	0
0.111415 	-88.9902 	38.3506 	-0.106909 	0
0.111986 	-88.9989 	35.8248 	-0.0727174 	0
0.112557 	-89.0158 	32.9248 	-0.0434796 	0
0.113129 	-89.0412 	28.6641 	-0.0184217 	0
0.1137 	-89.0627 	1.22181e-10 	-4.48303e-15 	0
