0 	-81.5812 	0 	0 	0
0.000571357 	-81.732 	-5.22531 	-0.122566 	0
0.00114271 	-81.9509 	-4.39505 	-0.28223 	0
0.00171407 	-82.0454 	-2.74873 	-0.430619 	0
0.00228543 	-82.2088 	-0.866677 	-0.563505 	0
0.00285678 	-82.3762 	1.07671 	-0.683549 	0
0.00342814 	-82.544 	3.03835 	-0.793429 	0
0.0039995 	-82.7195 	4.978 	-0.896044 	0
0.00457085 	-82.8906 	6.87631 	-0.993696 	0
0.00514221 	-83.0554 	8.72229 	-1.08726 	0
0.00571357 	-83.202 	10.5087 	-1.17796 	0
0.00628492 	-83.3384 	12.2254 	-1.26677 	0
0.00685628 	-83.4795 	13.8639 	-1.35449 	0
0.00742764 	-83.6137 	15.4233 	-1.44334 	0
0.00799899 	-83.7318 	16.9163 	-1.53404 	0
0.00857035 	-83.8057 	18.376 	-1.62725 	0
0.00914171 	-83.8451 	19.858 	-1.7197 	0
0.00971307 	-83.8936 	21.4154 	-1.81074 	0
0.0102844 	-84.0486 	23.0589 	-1.89935 	0
0.0108558 	-84.3638 	24.7114 	-1.98607 	0
0.0114271 	-84.7717 	26.2853 	-2.07033 	0
0.0119985 	-85.1782 	27.8983 	-2.14898 	0
0.0125698 	-85.6348 	29.5978 	-2.22277 	0
0.0131412 	-84.2553 	31.0415 	-2.29158 	0
0.0137126 	-84.7771 	32.2271 	-2.35873 	0
0.0142839 	-85.5483 	32.8236 	-2.41547 	0
0.0148553 	-86.3745 	33.3976 	-2.46712 	0
0.0154266 	-87.2504 	33.9596 	-2.51432 	0
0.015998 	-88.1238 	34.5002 	-2.5569 	0
0.0165693 	-89.0366 	35.0147 	-2.59505 	0
0.0171407 	-89.9842 	35.496 	-2.62839 	0
0.0177121 	-90.8684 	35.9288 	-2.6563 	0
0.0182834 	-91.8297 	36.34 	-2.68028 	0
0.0188548 	-92.7652 	36.7347 	-2.70132 	0
0.0194261 	-93.6728 	37.1266 	-2.7207 	0
0.0199975 	-94.5808 	37.5184 	-2.73851 	0
0.0205688 	-95.4867 	37.9028 	-2.7543 	0
0.0211402 	-96.3881 	38.2716 	-2.76754 	0
0.0217116 	-97.2465 	38.6128 	-2.77786 	0
0.0222829 	-98.0634 	38.9306 	-2.78589 	0
0.0228543 	-98.9212 	39.2404 	-2.7913 	0
0.0234256 	-99.7758 	39.542 	-2.79497 	0
0.023997 	-100.541 	39.8351 	-2.79861 	0
0.0245683 	-101.329 	40.1239 	-2.80032 	0
0.0251397 	-102.123 	40.4111 	-2.80071 	0
0.0257111 	-102.819 	40.6669 	-2.80024 	0
0.0262824 	-103.582 	40.921 	-2.79671 	0
0.0268538 	-104.238 	41.119 	-2.79128 	0
0.0274251 	-104.957 	41.3145 	-2.7823 	0
0.0279965 	-105.576 	41.4477 	-2.77152 	0
0.0285678 	-106.25 	41.5862 	-2.75759 	0
0.0291392 	-106.827 	41.6807 	-2.74345 	0
0.0297106 	-107.445 	41.7798 	-2.72651 	0
0.0302819 	-107.989 	41.8692 	-2.71133 	0
0.0308533 	-108.536 	41.9583 	-2.69502 	0
0.0314246 	-109.067 	42.0423 	-2.67764 	0
0.031996 	-109.556 	42.1187 	-2.66151 	0
0.0325673 	-110.059 	42.1997 	-2.6428 	0
0.0331387 	-110.513 	42.2385 	-2.62311 	0
0.0337101 	-110.956 	42.2694 	-2.60306 	0
0.0342814 	-111.4 	42.3054 	-2.58051 	0
0.0348528 	-111.797 	42.3074 	-2.559 	0
0.0354241 	-112.191 	42.3094 	-2.53718 	0
0.0359955 	-112.575 	42.3125 	-2.51292 	0
0.0365668 	-112.927 	42.3205 	-2.49167 	0
0.0371382 	-113.278 	42.3288 	-2.47065 	0
0.0377095 	-113.607 	42.3366 	-2.44741 	0
0.0382809 	-113.922 	42.3436 	-2.42537 	0
0.0388523 	-114.23 	42.35 	-2.40423 	0
0.0394236 	-114.524 	42.3563 	-2.38221 	0
0.039995 	-114.799 	42.3624 	-2.35906 	0
0.0405663 	-115.067 	42.3654 	-2.33801 	0
0.0411377 	-115.335 	42.3684 	-2.31696 	0
0.041709 	-115.577 	42.3707 	-2.29471 	0
0.0422804 	-115.807 	42.3743 	-2.27232 	0
0.0428518 	-116.038 	42.3857 	-2.25222 	0
0.0434231 	-116.27 	42.3971 	-2.23213 	0
0.0439945 	-116.476 	42.4075 	-2.2111 	0
0.0445658 	-116.665 	42.4173 	-2.18947 	0
0.0451372 	-116.866 	42.4359 	-2.17029 	0
0.0457085 	-117.066 	42.4545 	-2.15112 	0
0.0462799 	-117.256 	42.4729 	-2.13167 	0
0.0468513 	-117.411 	42.4904 	-2.11129 	0
0.0474226 	-117.575 	42.5068 	-2.0917 	0
0.047994 	-117.748 	42.5221 	-2.07298 	0
0.0485653 	-117.921 	42.5373 	-2.05425 	0
0.0491367 	-118.072 	42.5522 	-2.03506 	0
0.049708 	-118.199 	42.5667 	-2.01538 	0
0.0502794 	-118.34 	42.5789 	-1.99662 	0
0.0508508 	-118.49 	42.5896 	-1.97844 	0
0.0514221 	-118.64 	42.6003 	-1.96027 	0
0.0519935 	-118.773 	42.6107 	-1.94182 	0
0.0525648 	-118.878 	42.6205 	-1.92291 	0
0.0531362 	-118.992 	42.6305 	-1.90453 	0
0.0537075 	-119.123 	42.6411 	-1.88718 	0
0.0542789 	-119.255 	42.6516 	-1.86983 	0
0.0548503 	-119.386 	42.6622 	-1.85249 	0
0.0554216 	-119.48 	42.6719 	-1.83467 	0
0.055993 	-119.567 	42.6814 	-1.81676 	0
0.0565643 	-119.674 	42.6913 	-1.79978 	0
0.0571357 	-119.792 	42.7013 	-1.7833 	0
0.057707 	-119.909 	42.7113 	-1.76683 	0
0.0582784 	-120.027 	42.7213 	-1.75035 	0
0.0588497 	-120.107 	42.7304 	-1.73352 	0
0.0594211 	-120.182 	42.7395 	-1.71664 	0
0.0599925 	-120.273 	42.7483 	-1.70053 	0
0.0605638 	-120.379 	42.7568 	-1.68518 	0
0.0611352 	-120.485 	42.7653 	-1.66983 	0
0.0617065 	-120.591 	42.7738 	-1.65448 	0
0.0622779 	-120.68 	42.7819 	-1.63901 	0
0.0628492 	-120.746 	42.7895 	-1.62339 	0
0.0634206 	-120.813 	42.7972 	-1.60778 	0
0.063992 	-120.909 	42.8046 	-1.59311 	0
0.0645633 	-121.01 	42.812 	-1.5786 	0
0.0651347 	-121.111 	42.8194 	-1.56409 	0
0.065706 	-121.211 	42.8267 	-1.54958 	0
0.0662774 	-121.283 	42.8335 	-1.53494 	0
0.0668487 	-121.348 	42.8401 	-1.52025 	0
0.0674201 	-121.42 	42.8468 	-1.50572 	0
0.0679915 	-121.521 	42.8539 	-1.49172 	0
0.0685628 	-121.622 	42.8611 	-1.47772 	0
0.0691342 	-121.722 	42.8683 	-1.46371 	0
0.0697055 	-121.808 	42.8751 	-1.44967 	0
0.0702769 	-121.875 	42.8815 	-1.43556 	0
0.0708482 	-121.944 	42.888 	-1.42152 	0
0.0714196 	-122.046 	42.8957 	-1.40821 	0
0.071991 	-122.148 	42.9034 	-1.3949 	0
0.0725623 	-122.25 	42.911 	-1.38158 	0
0.0731337 	-122.333 	42.9183 	-1.36825 	0
0.073705 	-122.404 	42.9253 	-1.35489 	0
0.0742764 	-122.488 	42.9331 	-1.34177 	0
0.0748477 	-122.593 	42.9422 	-1.32903 	0
0.0754191 	-122.698 	42.9513 	-1.31629 	0
0.0759905 	-122.798 	42.9602 	-1.30355 	0
0.0765618 	-122.875 	42.9687 	-1.29082 	0
0.0771332 	-122.956 	42.9774 	-1.27813 	0
0.0777045 	-123.065 	42.9872 	-1.26584 	0
0.0782759 	-123.174 	42.9971 	-1.25354 	0
0.0788472 	-123.28 	43.0069 	-1.24125 	0
0.0794186 	-123.364 	43.0163 	-1.22901 	0
0.0799899 	-123.456 	43.0257 	-1.21682 	0
0.0805613 	-123.57 	43.0352 	-1.20477 	0
0.0811327 	-123.684 	43.0446 	-1.19273 	0
0.081704 	-123.788 	43.0539 	-1.18073 	0
0.0822754 	-123.881 	43.0631 	-1.16879 	0
0.0828467 	-123.994 	43.0723 	-1.15691 	0
0.0834181 	-124.114 	43.0815 	-1.14506 	0
0.0839894 	-124.231 	43.0907 	-1.13322 	0
0.0845608 	-124.333 	43.0998 	-1.12152 	0
0.0851322 	-124.448 	43.1089 	-1.10974 	0
0.0857035 	-124.575 	43.118 	-1.0979 	0
0.0862749 	-124.699 	43.1271 	-1.0861 	0
0.0868462 	-124.811 	43.1362 	-1.07446 	0
0.0874176 	-124.937 	43.1453 	-1.06267 	0
0.0879889 	-125.071 	43.1543 	-1.05081 	0
0.0885603 	-125.198 	43.1635 	-1.03908 	0
0.0891317 	-125.322 	43.1725 	-1.02743 	0
0.089703 	-125.462 	43.1794 	-1.01534 	0
0.0902744 	-125.601 	43.1864 	-1.00327 	0
0.0908457 	-125.733 	43.1941 	-0.991512 	0
0.0914171 	-125.876 	43.1871 	-0.979005 	0
0.0919884 	-126.023 	43.1763 	-0.966306 	0
0.0925598 	-126.165 	43.1678 	-0.954001 	0
0.0931312 	-126.314 	43.1149 	-0.940055 	0
0.0937025 	-126.467 	43.0452 	-0.925484 	0
0.0942739 	-126.618 	42.9802 	-0.91144 	0
0.0948452 	-126.773 	42.8374 	-0.894721 	0
0.0954166 	-126.929 	42.6861 	-0.877827 	0
0.0959879 	-127.086 	42.5317 	-0.860991 	0
0.0965593 	-127.244 	42.3611 	-0.843188 	0
0.0971307 	-127.403 	42.1913 	-0.825821 	0
0.097702 	-127.563 	42.0367 	-0.807979 	0
0.0982734 	-127.723 	41.8856 	-0.790303 	0
0.0988447 	-127.885 	41.7325 	-0.772184 	0
0.0994161 	-128.046 	41.578 	-0.753705 	0
0.0999874 	-128.208 	41.4145 	-0.73499 	0
0.100559 	-128.368 	41.2422 	-0.715804 	0
0.10113 	-128.528 	40.9843 	-0.694891 	0
0.101702 	-128.685 	40.668 	-0.672843 	0
0.102273 	-128.844 	39.9348 	-0.642665 	0
0.102844 	-128.99 	38.9896 	-0.609381 	0
0.103416 	-129.138 	37.1898 	-0.56095 	0
0.103987 	-129.273 	34.9797 	-0.508176 	0
0.104558 	-129.386 	32.4948 	-0.454075 	0
0.10513 	-129.5 	30.1192 	-0.4055 	0
0.105701 	-129.62 	27.8712 	-0.360478 	0
0.106272 	-129.732 	25.4486 	-0.313501 	0
0.106844 	-129.853 	22.7119 	-0.259782 	0
0.107415 	-130.007 	19.7362 	-0.197878 	0
0.107986 	-130.182 	16.9655 	-0.144897 	0
0.108558 	-130.329 	14.7297 	-0.115796 	0
0.109129 	-130.433 	12.8211 	-0.0950132 	0
0.109701 	-130.508 	10.9821 	-0.0705512 	0
0.110272 	-130.574 	9.24228 	-0.0426579 	0
0.110843 	-130.622 	7.6888 	-0.016152 	0
0.111415 	-130.652 	6.40375 	0.00276074 	0
0.111986 	-130.657 	5.37652 	0.0119895 	0
0.112557 	-130.641 	4.51117 	0.0140758 	0
0.113129 	-130.615 	3.72975 	0.0102679 	0
0.1137 	-130.587 	2.8367 	0.00411408 	0
