0 	-12.1903 	0 	0 	0
0.000571357 	-12.5381 	4.25129 	-0.0996457 	0
0.00114271 	-13.1016 	5.02379 	-0.218682 	0
0.00171407 	-13.6315 	5.70326 	-0.339567 	0
0.00228543 	-14.0818 	6.38671 	-0.459707 	0
0.00285678 	-14.4571 	7.10433 	-0.579814 	0
0.00342814 	-14.7622 	7.87193 	-0.698196 	0
0.0039995 	-15.0147 	8.70107 	-0.815486 	0
0.00457085 	-15.2273 	9.59896 	-0.930615 	0
0.00514221 	-15.4134 	10.5731 	-1.04324 	0
0.00571357 	-15.5855 	11.6254 	-1.1524 	0
0.00628492 	-15.7541 	12.7602 	-1.25845 	0
0.00685628 	-15.87 	13.9865 	-1.3603 	0
0.00742764 	-15.9183 	15.3391 	-1.45632 	0
0.00799899 	-16.0165 	16.8257 	-1.54299 	0
0.00857035 	-16.1916 	18.4319 	-1.62564 	0
0.00914171 	-16.4341 	20.0914 	-1.69783 	0
0.00971307 	-16.7284 	21.8009 	-1.76619 	0
0.0102844 	-17.0892 	23.4955 	-1.82663 	0
0.0108558 	-17.5087 	25.1235 	-1.87903 	0
0.0114271 	-17.9628 	26.692 	-1.92504 	0
0.0119985 	-18.4411 	28.2661 	-1.96579 	0
0.0125698 	-18.8493 	29.6168 	-1.99573 	0
0.0131412 	-19.3958 	31.7121 	-2.02867 	0
0.0137126 	-20.0031 	33.7405 	-2.04726 	0
0.0142839 	-20.6866 	34.8318 	-2.05658 	0
0.0148553 	-21.3793 	35.2687 	-2.06067 	0
0.0154266 	-22.071 	35.6838 	-2.06338 	0
0.015998 	-22.7622 	36.081 	-2.06579 	0
0.0165693 	-23.4512 	36.4533 	-2.06664 	0
0.0171407 	-24.1369 	36.8089 	-2.06638 	0
0.0177121 	-24.8184 	37.1504 	-2.06516 	0
0.0182834 	-25.4953 	37.4788 	-2.06294 	0
0.0188548 	-26.17 	37.7903 	-2.06074 	0
0.0194261 	-26.8395 	38.0904 	-2.05779 	0
0.0199975 	-27.4997 	38.3873 	-2.05343 	0
0.0205688 	-28.1634 	38.6622 	-2.05029 	0
0.0211402 	-28.8102 	38.9393 	-2.04457 	0
0.0217116 	-29.4633 	39.1966 	-2.04061 	0
0.0222829 	-30.0975 	39.4577 	-2.03407 	0
0.0228543 	-30.7367 	39.6971 	-2.02901 	0
0.0234256 	-31.3675 	39.9366 	-2.02307 	0
0.023997 	-31.9832 	40.1668 	-2.01567 	0
0.0245683 	-32.6075 	40.3784 	-2.00968 	0
0.0251397 	-33.2129 	40.5938 	-2.00188 	0
0.0257111 	-33.8102 	40.7874 	-1.99336 	0
0.0262824 	-34.4147 	40.9585 	-1.98556 	0
0.0268538 	-35.0043 	41.1332 	-1.97658 	0
0.0274251 	-35.5724 	41.2987 	-1.96576 	0
0.0279965 	-36.1507 	41.4077 	-1.95526 	0
0.0285678 	-36.729 	41.5166 	-1.94477 	0
0.0291392 	-37.2752 	41.6341 	-1.93202 	0
0.0297106 	-37.8135 	41.7199 	-1.91836 	0
0.0302819 	-38.3555 	41.7563 	-1.90445 	0
0.0308533 	-38.8975 	41.7927 	-1.89054 	0
0.0314246 	-39.4128 	41.834 	-1.87475 	0
0.031996 	-39.9096 	41.8761 	-1.85776 	0
0.0325673 	-40.4056 	41.8696 	-1.84223 	0
0.0331387 	-40.9015 	41.8632 	-1.82671 	0
0.0337101 	-41.3975 	41.8568 	-1.81118 	0
0.0342814 	-41.8552 	41.8514 	-1.7929 	0
0.0348528 	-42.3045 	41.8468 	-1.77428 	0
0.0354241 	-42.7518 	41.8509 	-1.75975 	0
0.0359955 	-43.1991 	41.8549 	-1.74522 	0
0.0365668 	-43.6463 	41.859 	-1.73069 	0
0.0371382 	-44.0766 	41.8622 	-1.71504 	0
0.0377095 	-44.4762 	41.864 	-1.69737 	0
0.0382809 	-44.8759 	41.8697 	-1.68096 	0
0.0388523 	-45.2756 	41.8831 	-1.66705 	0
0.0394236 	-45.6753 	41.8965 	-1.65315 	0
0.039995 	-46.0749 	41.9099 	-1.63924 	0
0.0405663 	-46.4704 	41.9232 	-1.6251 	0
0.0411377 	-46.8217 	41.9353 	-1.6085 	0
0.041709 	-47.173 	41.9474 	-1.59189 	0
0.0422804 	-47.5242 	41.9562 	-1.57747 	0
0.0428518 	-47.8754 	41.9641 	-1.5637 	0
0.0434231 	-48.2265 	41.9719 	-1.54993 	0
0.0439945 	-48.5777 	41.9798 	-1.53617 	0
0.0445658 	-48.9289 	41.9877 	-1.5224 	0
0.0451372 	-49.2371 	41.9947 	-1.50652 	0
0.0457085 	-49.5407 	42.0016 	-1.49041 	0
0.0462799 	-49.8439 	42.0088 	-1.475 	0
0.0468513 	-50.146 	42.0165 	-1.46173 	0
0.0474226 	-50.4482 	42.0242 	-1.44846 	0
0.047994 	-50.7503 	42.032 	-1.43519 	0
0.0485653 	-51.0524 	42.0397 	-1.42192 	0
0.0491367 	-51.3545 	42.0475 	-1.40865 	0
0.049708 	-51.6264 	42.0545 	-1.39404 	0
0.0502794 	-51.883 	42.0612 	-1.37876 	0
0.0508508 	-52.1395 	42.0679 	-1.36348 	0
0.0514221 	-52.3948 	42.0747 	-1.34973 	0
0.0519935 	-52.6493 	42.0814 	-1.33692 	0
0.0525648 	-52.9037 	42.0882 	-1.32412 	0
0.0531362 	-53.1582 	42.095 	-1.31131 	0
0.0537075 	-53.4127 	42.1017 	-1.29851 	0
0.0542789 	-53.6671 	42.1085 	-1.2857 	0
0.0548503 	-53.9124 	42.115 	-1.27253 	0
0.0554216 	-54.1244 	42.1208 	-1.25805 	0
0.055993 	-54.3365 	42.1266 	-1.24357 	0
0.0565643 	-54.5486 	42.1324 	-1.2291 	0
0.0571357 	-54.7544 	42.1382 	-1.21648 	0
0.057707 	-54.9578 	42.144 	-1.20455 	0
0.0582784 	-55.1613 	42.1497 	-1.19263 	0
0.0588497 	-55.3647 	42.1555 	-1.18071 	0
0.0594211 	-55.5682 	42.1613 	-1.16879 	0
0.0599925 	-55.7716 	42.167 	-1.15687 	0
0.0605638 	-55.9751 	42.1728 	-1.14495 	0
0.0611352 	-56.1641 	42.1782 	-1.13251 	0
0.0617065 	-56.3305 	42.1831 	-1.11925 	0
0.0622779 	-56.497 	42.1881 	-1.10599 	0
0.0628492 	-56.6634 	42.193 	-1.09273 	0
0.0634206 	-56.8294 	42.198 	-1.08018 	0
0.063992 	-56.9948 	42.2031 	-1.06877 	0
0.0645633 	-57.1603 	42.2082 	-1.05735 	0
0.0651347 	-57.3257 	42.2133 	-1.04593 	0
0.065706 	-57.4911 	42.2185 	-1.03452 	0
0.0662774 	-57.6565 	42.2236 	-1.0231 	0
0.0668487 	-57.822 	42.2287 	-1.01169 	0
0.0674201 	-57.9858 	42.2338 	-1.00022 	0
0.0679915 	-58.1188 	42.2382 	-0.987703 	0
0.0685628 	-58.2517 	42.2426 	-0.975187 	0
0.0691342 	-58.3847 	42.2469 	-0.962672 	0
0.0697055 	-58.5179 	42.2513 	-0.95021 	0
0.0702769 	-58.6571 	42.2562 	-0.938869 	0
0.0708482 	-58.7963 	42.261 	-0.927528 	0
0.0714196 	-58.9355 	42.2659 	-0.916187 	0
0.071991 	-59.0747 	42.2707 	-0.904846 	0
0.0725623 	-59.2139 	42.2756 	-0.893505 	0
0.0731337 	-59.3531 	42.2805 	-0.882164 	0
0.073705 	-59.4735 	42.2849 	-0.87021 	0
0.0742764 	-59.5837 	42.2891 	-0.857919 	0
0.0748477 	-59.694 	42.2932 	-0.845629 	0
0.0754191 	-59.805 	42.2975 	-0.833537 	0
0.0759905 	-59.9205 	42.3022 	-0.822528 	0
0.0765618 	-60.0359 	42.3069 	-0.81152 	0
0.0771332 	-60.1514 	42.3115 	-0.800511 	0
0.0777045 	-60.2668 	42.3162 	-0.789502 	0
0.0782759 	-60.3823 	42.3209 	-0.778493 	0
0.0788472 	-60.4834 	42.3252 	-0.767015 	0
0.0794186 	-60.5738 	42.3293 	-0.755186 	0
0.0799899 	-60.6642 	42.3334 	-0.743357 	0
0.0805613 	-60.7581 	42.3378 	-0.73209 	0
0.0811327 	-60.8553 	42.3425 	-0.721327 	0
0.081704 	-60.9524 	42.3473 	-0.710564 	0
0.0822754 	-61.0495 	42.352 	-0.699801 	0
0.0828467 	-61.1467 	42.3567 	-0.689038 	0
0.0834181 	-61.2295 	42.3611 	-0.677795 	0
0.0839894 	-61.3049 	42.3653 	-0.666303 	0
0.0845608 	-61.3803 	42.3695 	-0.654814 	0
0.0851322 	-61.4629 	42.3745 	-0.644252 	0
0.0857035 	-61.5455 	42.3795 	-0.633691 	0
0.0862749 	-61.6281 	42.3844 	-0.62313 	0
0.0868462 	-61.7108 	42.3894 	-0.612569 	0
0.0874176 	-61.7791 	42.3941 	-0.601507 	0
0.0879889 	-61.8428 	42.3986 	-0.590284 	0
0.0885603 	-61.9096 	42.4035 	-0.579416 	0
0.0891317 	-61.9806 	42.409 	-0.569005 	0
0.089703 	-62.0515 	42.4145 	-0.558593 	0
0.0902744 	-62.1225 	42.42 	-0.548181 	0
0.0908457 	-62.1813 	42.4251 	-0.537319 	0
0.0914171 	-62.2356 	42.4302 	-0.526294 	0
0.0919884 	-62.295 	42.4361 	-0.515796 	0
0.0925598 	-62.3564 	42.4424 	-0.50551 	0
0.0931312 	-62.4177 	42.4486 	-0.495225 	0
0.0937025 	-62.4721 	42.4547 	-0.48466 	0
0.0942739 	-62.5189 	42.4606 	-0.473797 	0
0.0948452 	-62.5705 	42.4675 	-0.463419 	0
0.0954166 	-62.6239 	42.4748 	-0.453229 	0
0.0959879 	-62.6773 	42.4821 	-0.443039 	0
0.0965593 	-62.7192 	42.4892 	-0.432353 	0
0.0971307 	-62.762 	42.4968 	-0.421844 	0
0.097702 	-62.8088 	42.5055 	-0.411737 	0
0.0982734 	-62.8555 	42.5143 	-0.401631 	0
0.0988447 	-62.892 	42.5227 	-0.391045 	0
0.0994161 	-62.9307 	42.5323 	-0.380746 	0
0.0999874 	-62.9718 	42.5429 	-0.370706 	0
0.100559 	-63.0087 	42.5533 	-0.36045 	0
0.10113 	-63.0411 	42.5641 	-0.350039 	0
0.101702 	-63.0774 	42.5768 	-0.340058 	0
0.102273 	-63.1103 	42.5894 	-0.329886 	0
0.102844 	-63.1394 	42.6028 	-0.319603 	0
0.103416 	-63.1717 	42.618 	-0.309674 	0
0.103987 	-63.198 	42.633 	-0.299388 	0
0.104558 	-63.226 	42.6506 	-0.28941 	0
0.10513 	-63.2517 	42.6685 	-0.279316 	0
0.105701 	-63.2759 	42.6884 	-0.269283 	0
0.106272 	-63.299 	42.7094 	-0.259253 	0
0.106844 	-63.3209 	42.7331 	-0.249315 	0
0.107415 	-63.3404 	42.7577 	-0.239241 	0
0.107986 	-63.3604 	42.7826 	-0.229554 	0
0.108558 	-63.3766 	42.7501 	-0.219075 	0
0.109129 	-63.3903 	42.5392 	-0.205876 	0
0.109701 	-63.4012 	41.8689 	-0.185155 	0
0.110272 	-63.4126 	40.4775 	-0.153617 	0
0.110843 	-63.426 	38.6048 	-0.119254 	0
0.111415 	-63.4405 	36.5012 	-0.0868596 	0
0.111986 	-63.4586 	34.2221 	-0.0589233 	0
0.112557 	-63.481 	31.5525 	-0.0349864 	0
0.113129 	-63.506 	27.5139 	-0.0145571 	0
0.1137 	-63.5235 	1.15966e-10 	-3.54646e-15 	0
