0 	-22.0593 	0 	0 	0
0.000571357 	-22.358 	11.1679 	-0.198268 	0
0.00114271 	-22.8476 	11.6058 	-0.447267 	0
0.00171407 	-23.2416 	11.1978 	-0.673459 	0
0.00228543 	-23.5968 	11.258 	-0.85758 	0
0.00285678 	-24.0022 	11.9186 	-1.00551 	0
0.00342814 	-24.4599 	12.8963 	-1.13442 	0
0.0039995 	-24.9133 	14.007 	-1.25258 	0
0.00457085 	-25.3892 	15.1936 	-1.36226 	0
0.00514221 	-25.8788 	16.4049 	-1.46527 	0
0.00571357 	-26.3723 	17.6433 	-1.56201 	0
0.00628492 	-26.8686 	18.9075 	-1.65187 	0
0.00685628 	-27.3694 	20.1911 	-1.73469 	0
0.00742764 	-27.876 	21.4816 	-1.81064 	0
0.00799899 	-28.384 	22.7622 	-1.87941 	0
0.00857035 	-28.8921 	24.0181 	-1.94094 	0
0.00914171 	-29.4041 	25.2183 	-1.99406 	0
0.00971307 	-29.9205 	26.4066 	-2.04222 	0
0.0102844 	-30.4346 	27.6309 	-2.08842 	0
0.0108558 	-30.943 	28.9208 	-2.13421 	0
0.0114271 	-31.4418 	30.3283 	-2.18163 	0
0.0119985 	-31.9289 	31.8921 	-2.23099 	0
0.0125698 	-32.4068 	32.792 	-2.25123 	0
0.0131412 	-33.0205 	33.324 	-2.24701 	0
0.0137126 	-33.6268 	33.8042 	-2.24644 	0
0.0142839 	-34.1933 	34.2439 	-2.24425 	0
0.0148553 	-34.7401 	34.6497 	-2.24045 	0
0.0154266 	-35.2723 	35.0334 	-2.23568 	0
0.015998 	-35.8035 	35.4078 	-2.23083 	0
0.0165693 	-36.3265 	35.7815 	-2.22636 	0
0.0171407 	-36.8423 	36.1548 	-2.22224 	0
0.0177121 	-37.3726 	36.52 	-2.21805 	0
0.0182834 	-37.8843 	36.8724 	-2.21328 	0
0.0188548 	-38.4038 	37.2035 	-2.2075 	0
0.0194261 	-38.9275 	37.5138 	-2.20074 	0
0.0199975 	-39.4492 	37.8098 	-2.19336 	0
0.0205688 	-39.969 	38.0967 	-2.18571 	0
0.0211402 	-40.4868 	38.3786 	-2.17804 	0
0.0217116 	-41.0122 	38.6569 	-2.17052 	0
0.0222829 	-41.5459 	38.9273 	-2.16285 	0
0.0228543 	-42.0716 	39.1853 	-2.15469 	0
0.0234256 	-42.5848 	39.4317 	-2.14603 	0
0.023997 	-43.1199 	39.6452 	-2.13585 	0
0.0245683 	-43.65 	39.8309 	-2.12429 	0
0.0251397 	-44.1614 	40.0011 	-2.11189 	0
0.0257111 	-44.708 	40.1205 	-2.09716 	0
0.0262824 	-45.2117 	40.238 	-2.08217 	0
0.0268538 	-45.7494 	40.3246 	-2.06606 	0
0.0274251 	-46.2537 	40.411 	-2.04983 	0
0.0279965 	-46.7869 	40.4891 	-2.03378 	0
0.0285678 	-47.2841 	40.5663 	-2.0175 	0
0.0291392 	-47.8193 	40.6415 	-2.00182 	0
0.0297106 	-48.3086 	40.717 	-1.98585 	0
0.0302819 	-48.8337 	40.774 	-1.96957 	0
0.0308533 	-49.3355 	40.8307 	-1.95315 	0
0.0314246 	-49.8377 	40.8705 	-1.93603 	0
0.031996 	-50.3557 	40.8894 	-1.91815 	0
0.0325673 	-50.8365 	40.9109 	-1.90007 	0
0.0331387 	-51.3431 	40.9127 	-1.88168 	0
0.0337101 	-51.8411 	40.9103 	-1.86309 	0
0.0342814 	-52.3148 	40.9077 	-1.84423 	0
0.0348528 	-52.816 	40.9149 	-1.82683 	0
0.0354241 	-53.3033 	40.9214 	-1.80926 	0
0.0359955 	-53.7695 	40.9268 	-1.79143 	0
0.0365668 	-54.2598 	40.9396 	-1.77455 	0
0.0371382 	-54.7453 	40.9528 	-1.75767 	0
0.0377095 	-55.2049 	40.9654 	-1.74051 	0
0.0382809 	-55.6784 	40.9752 	-1.72363 	0
0.0388523 	-56.1607 	40.9832 	-1.70691 	0
0.0394236 	-56.6202 	40.9907 	-1.68994 	0
0.039995 	-57.0731 	40.9982 	-1.67292 	0
0.0405663 	-57.5451 	41.0118 	-1.6569 	0
0.0411377 	-58.0163 	41.0253 	-1.64087 	0
0.041709 	-58.4605 	41.0375 	-1.62451 	0
0.0422804 	-58.9078 	41.0516 	-1.60835 	0
0.0428518 	-59.3706 	41.075 	-1.59313 	0
0.0434231 	-59.8334 	41.0985 	-1.57792 	0
0.0439945 	-60.2703 	41.1208 	-1.56242 	0
0.0445658 	-60.7071 	41.1431 	-1.54693 	0
0.0451372 	-61.1613 	41.1675 	-1.53211 	0
0.0457085 	-61.6155 	41.1919 	-1.5173 	0
0.0462799 	-62.054 	41.216 	-1.50235 	0
0.0468513 	-62.4839 	41.2399 	-1.48732 	0
0.0474226 	-62.9212 	41.2614 	-1.47246 	0
0.047994 	-63.3665 	41.2804 	-1.45781 	0
0.0485653 	-63.8118 	41.2995 	-1.44316 	0
0.0491367 	-64.2353 	41.3181 	-1.42832 	0
0.049708 	-64.6577 	41.3367 	-1.41347 	0
0.0502794 	-65.0883 	41.3544 	-1.39896 	0
0.0508508 	-65.5244 	41.3716 	-1.38466 	0
0.0514221 	-65.9605 	41.3887 	-1.37036 	0
0.0519935 	-66.3776 	41.4053 	-1.35593 	0
0.0525648 	-66.7918 	41.4219 	-1.34148 	0
0.0531362 	-67.2105 	41.439 	-1.32723 	0
0.0537075 	-67.6381 	41.4572 	-1.31338 	0
0.0542789 	-68.0657 	41.4754 	-1.29952 	0
0.0548503 	-68.4851 	41.4934 	-1.28564 	0
0.0554216 	-68.8914 	41.511 	-1.27169 	0
0.055993 	-69.2977 	41.5285 	-1.25774 	0
0.0565643 	-69.7128 	41.5462 	-1.24413 	0
0.0571357 	-70.1328 	41.5638 	-1.23071 	0
0.057707 	-70.5528 	41.5814 	-1.21728 	0
0.0582784 	-70.9631 	41.5988 	-1.20385 	0
0.0588497 	-71.3619 	41.6159 	-1.1904 	0
0.0594211 	-71.7607 	41.6329 	-1.17696 	0
0.0599925 	-72.1632 	41.6497 	-1.16387 	0
0.0605638 	-72.5693 	41.6661 	-1.15114 	0
0.0611352 	-72.9754 	41.6825 	-1.13841 	0
0.0617065 	-73.3805 	41.6989 	-1.12568 	0
0.0622779 	-73.7654 	41.7147 	-1.11302 	0
0.0628492 	-74.1502 	41.7305 	-1.10035 	0
0.0634206 	-74.5351 	41.7463 	-1.08769 	0
0.063992 	-74.9344 	41.7623 	-1.07544 	0
0.0645633 	-75.336 	41.7783 	-1.06326 	0
0.0651347 	-75.7376 	41.7944 	-1.05108 	0
0.065706 	-76.1299 	41.8101 	-1.03897 	0
0.0662774 	-76.5091 	41.8254 	-1.02696 	0
0.0668487 	-76.8882 	41.8407 	-1.01495 	0
0.0674201 	-77.2734 	41.8564 	-1.003 	0
0.0679915 	-77.6798 	41.8733 	-0.991249 	0
0.0685628 	-78.0862 	41.8902 	-0.979497 	0
0.0691342 	-78.492 	41.9071 	-0.967754 	0
0.0697055 	-78.8735 	41.9231 	-0.95629 	0
0.0702769 	-79.255 	41.9391 	-0.944827 	0
0.0708482 	-79.6384 	41.9552 	-0.9334 	0
0.0714196 	-80.0446 	41.9737 	-0.922414 	0
0.071991 	-80.4508 	41.9921 	-0.911428 	0
0.0725623 	-80.8537 	42.0104 	-0.900491 	0
0.0731337 	-81.2322 	42.0277 	-0.889916 	0
0.073705 	-81.6107 	42.0449 	-0.87934 	0
0.0742764 	-82.0004 	42.0635 	-0.868944 	0
0.0748477 	-82.4082 	42.084 	-0.858832 	0
0.0754191 	-82.816 	42.1045 	-0.848721 	0
0.0759905 	-83.2035 	42.1242 	-0.838953 	0
0.0765618 	-83.58 	42.1433 	-0.829372 	0
0.0771332 	-83.9605 	42.1628 	-0.819846 	0
0.0777045 	-84.3714 	42.1845 	-0.810739 	0
0.0782759 	-84.7822 	42.2062 	-0.801632 	0
0.0788472 	-85.1721 	42.2269 	-0.792898 	0
0.0794186 	-85.5472 	42.247 	-0.784429 	0
0.0799899 	-85.9319 	42.2675 	-0.776077 	0
0.0805613 	-86.3465 	42.2895 	-0.76809 	0
0.0811327 	-86.7611 	42.3115 	-0.760103 	0
0.081704 	-87.1388 	42.3317 	-0.75277 	0
0.0822754 	-87.5125 	42.3517 	-0.745511 	0
0.0828467 	-87.919 	42.3737 	-0.738689 	0
0.0834181 	-88.3378 	42.3964 	-0.732028 	0
0.0839894 	-88.7302 	42.4178 	-0.725815 	0
0.0845608 	-89.102 	42.438 	-0.719954 	0
0.0851322 	-89.5021 	42.4601 	-0.714463 	0
0.0857035 	-89.925 	42.4837 	-0.70927 	0
0.0862749 	-90.3187 	42.5056 	-0.704537 	0
0.0868462 	-90.688 	42.5261 	-0.700189 	0
0.0874176 	-91.0968 	42.5486 	-0.696422 	0
0.0879889 	-91.5236 	42.5719 	-0.692918 	0
0.0885603 	-91.9 	42.5923 	-0.690124 	0
0.0891317 	-92.2728 	42.6116 	-0.687576 	0
0.089703 	-92.7028 	42.626 	-0.685854 	0
0.0902744 	-93.1062 	42.6389 	-0.684437 	0
0.0908457 	-93.4674 	42.6496 	-0.683505 	0
0.0914171 	-93.8839 	42.633 	-0.683373 	0
0.0919884 	-94.2993 	42.6087 	-0.683548 	0
0.0925598 	-94.6533 	42.5817 	-0.684124 	0
0.0931312 	-95.0594 	42.5016 	-0.685455 	0
0.0937025 	-95.4635 	42.4009 	-0.687033 	0
0.0942739 	-95.8049 	42.2974 	-0.688513 	0
0.0948452 	-96.2086 	42.1433 	-0.691746 	0
0.0954166 	-96.5729 	41.9801 	-0.694805 	0
0.0959879 	-96.9139 	41.818 	-0.698443 	0
0.0965593 	-97.3092 	41.6669 	-0.704699 	0
0.0971307 	-97.6097 	41.5084 	-0.709941 	0
0.097702 	-97.9771 	41.3647 	-0.718166 	0
0.0982734 	-98.2918 	41.2196 	-0.72615 	0
0.0988447 	-98.6215 	41.0448 	-0.73572 	0
0.0994161 	-98.9346 	40.8497 	-0.745795 	0
0.0999874 	-99.2367 	40.54 	-0.756151 	0
0.100559 	-99.5283 	40.1251 	-0.765764 	0
0.10113 	-99.8033 	39.3303 	-0.771074 	0
0.101702 	-100.041 	38.2905 	-0.768818 	0
0.102273 	-100.262 	36.3334 	-0.743105 	0
0.102844 	-100.422 	34.1675 	-0.697563 	0
0.103416 	-100.61 	31.1918 	-0.612171 	0
0.103987 	-100.81 	28.399 	-0.515457 	0
0.104558 	-100.997 	25.7424 	-0.40718 	0
0.10513 	-101.171 	23.5941 	-0.321498 	0
0.105701 	-101.279 	21.7502 	-0.263933 	0
0.106272 	-101.361 	20.0055 	-0.215175 	0
0.106844 	-101.429 	18.3169 	-0.173845 	0
0.107415 	-101.497 	16.6604 	-0.137424 	0
0.107986 	-101.572 	15.0489 	-0.106382 	0
0.108558 	-101.648 	13.5134 	-0.0820655 	0
0.109129 	-101.718 	12.0671 	-0.0631776 	0
0.109701 	-101.78 	10.6951 	-0.0444778 	0
0.110272 	-101.845 	9.36823 	-0.0275792 	0
0.110843 	-101.914 	8.09115 	-0.00905879 	0
0.111415 	-101.992 	6.91931 	0.00653458 	0
0.111986 	-102.064 	5.90611 	0.0148073 	0
0.112557 	-102.114 	5.03441 	0.016873 	0
0.113129 	-102.145 	4.22742 	0.0144596 	0
0.1137 	-102.16 	3.38994 	0.00776559 	0
