0 	-203.534 	0 	0 	0
0.000571357 	-203.417 	-5.75851 	0.116997 	0
0.00114271 	-203.257 	-5.59982 	0.219202 	0
0.00171407 	-203.156 	-5.26692 	0.310201 	0
0.00228543 	-203.114 	-4.87487 	0.39089 	0
0.00285678 	-203.121 	-4.4483 	0.462396 	0
0.00342814 	-203.168 	-3.99147 	0.523551 	0
0.0039995 	-203.246 	-3.50785 	0.574209 	0
0.00457085 	-203.347 	-2.99526 	0.612807 	0
0.00514221 	-203.46 	-2.45217 	0.638108 	0
0.00571357 	-203.572 	-1.87095 	0.647784 	0
0.00628492 	-203.668 	-1.24429 	0.640091 	0
0.00685628 	-203.725 	-0.557104 	0.612478 	0
0.00742764 	-203.71 	0.216578 	0.562251 	0
0.00799899 	-203.576 	1.13331 	0.485814 	0
0.00857035 	-203.369 	2.22681 	0.383284 	0
0.00914171 	-203.179 	3.64886 	0.237076 	0
0.00971307 	-202.966 	5.33489 	0.0513092 	0
0.0102844 	-202.502 	7.30436 	-0.161154 	0
0.0108558 	-201.827 	9.6271 	-0.380721 	0
0.0114271 	-201.08 	12.3155 	-0.590293 	0
0.0119985 	-200.292 	15.3726 	-0.779125 	0
0.0125698 	-199.605 	18.1526 	-0.91378 	0
0.0131412 	-198.55 	22.5329 	-1.05103 	0
0.0137126 	-197.582 	26.531 	-1.11021 	0
0.0142839 	-196.609 	30.2481 	-1.13324 	0
0.0148553 	-195.676 	33.0312 	-1.17225 	0
0.0154266 	-194.693 	35.1302 	-1.22027 	0
0.015998 	-193.641 	36.3378 	-1.25261 	0
0.0165693 	-192.577 	37.0542 	-1.27367 	0
0.0171407 	-191.508 	37.6439 	-1.29063 	0
0.0177121 	-190.437 	38.179 	-1.30532 	0
0.0182834 	-189.366 	38.6667 	-1.31804 	0
0.0188548 	-188.287 	39.1068 	-1.32847 	0
0.0194261 	-187.22 	39.5109 	-1.33744 	0
0.0199975 	-186.157 	39.8989 	-1.34576 	0
0.0205688 	-185.091 	40.2436 	-1.3517 	0
0.0211402 	-184.04 	40.584 	-1.35776 	0
0.0217116 	-182.989 	40.8893 	-1.36182 	0
0.0222829 	-181.948 	41.1954 	-1.36624 	0
0.0228543 	-180.916 	41.4683 	-1.36864 	0
0.0234256 	-179.884 	41.7388 	-1.37088 	0
0.023997 	-178.874 	41.9975 	-1.37294 	0
0.0245683 	-177.866 	42.2375 	-1.37365 	0
0.0251397 	-176.861 	42.4776 	-1.37451 	0
0.0257111 	-175.877 	42.7039 	-1.3748 	0
0.0262824 	-174.897 	42.9168 	-1.37402 	0
0.0268538 	-173.918 	43.1297 	-1.37325 	0
0.0274251 	-172.957 	43.337 	-1.37275 	0
0.0279965 	-172.012 	43.5199 	-1.37072 	0
0.0285678 	-171.068 	43.7027 	-1.36868 	0
0.0291392 	-170.127 	43.8859 	-1.36685 	0
0.0297106 	-169.205 	44.0446 	-1.36417 	0
0.0302819 	-168.301 	44.167 	-1.3596 	0
0.0308533 	-167.396 	44.2893 	-1.35503 	0
0.0314246 	-166.491 	44.4118 	-1.3505 	0
0.031996 	-165.599 	44.53 	-1.34638 	0
0.0325673 	-164.754 	44.5518 	-1.33832 	0
0.0331387 	-163.909 	44.5737 	-1.33025 	0
0.0337101 	-163.064 	44.5955 	-1.32218 	0
0.0342814 	-162.221 	44.6176 	-1.31427 	0
0.0348528 	-161.387 	44.6377 	-1.30676 	0
0.0354241 	-160.624 	44.6137 	-1.29724 	0
0.0359955 	-159.86 	44.5898 	-1.28771 	0
0.0365668 	-159.097 	44.5659 	-1.27819 	0
0.0371382 	-158.334 	44.5419 	-1.26866 	0
0.0377095 	-157.573 	44.5182 	-1.25956 	0
0.0382809 	-156.84 	44.4971 	-1.25047 	0
0.0388523 	-156.157 	44.4813 	-1.24097 	0
0.0394236 	-155.475 	44.4654 	-1.23147 	0
0.039995 	-154.792 	44.4496 	-1.22197 	0
0.0405663 	-154.11 	44.4337 	-1.21247 	0
0.0411377 	-153.428 	44.4179 	-1.20314 	0
0.041709 	-152.748 	44.4021 	-1.1942 	0
0.0422804 	-152.128 	44.3877 	-1.18483 	0
0.0428518 	-151.527 	44.3738 	-1.17533 	0
0.0434231 	-150.926 	44.3599 	-1.16584 	0
0.0439945 	-150.324 	44.346 	-1.15634 	0
0.0445658 	-149.723 	44.3321 	-1.14685 	0
0.0451372 	-149.121 	44.3183 	-1.13735 	0
0.0457085 	-148.521 	44.3044 	-1.12834 	0
0.0462799 	-147.94 	44.291 	-1.11923 	0
0.0468513 	-147.419 	44.2793 	-1.10979 	0
0.0474226 	-146.898 	44.2675 	-1.10036 	0
0.047994 	-146.377 	44.2558 	-1.09092 	0
0.0485653 	-145.856 	44.244 	-1.08149 	0
0.0491367 	-145.335 	44.2323 	-1.07205 	0
0.049708 	-144.814 	44.2205 	-1.06262 	0
0.0502794 	-144.293 	44.2088 	-1.05344 	0
0.0508508 	-143.772 	44.197 	-1.04442 	0
0.0514221 	-143.3 	44.1865 	-1.03525 	0
0.0519935 	-142.857 	44.1768 	-1.02597 	0
0.0525648 	-142.415 	44.1672 	-1.0167 	0
0.0531362 	-141.972 	44.1575 	-1.00742 	0
0.0537075 	-141.53 	44.1478 	-0.998145 	0
0.0542789 	-141.087 	44.1381 	-0.988869 	0
0.0548503 	-140.645 	44.1284 	-0.979594 	0
0.0554216 	-140.202 	44.1188 	-0.970328 	0
0.055993 	-139.759 	44.1091 	-0.961408 	0
0.0565643 	-139.315 	44.0994 	-0.952488 	0
0.0571357 	-138.933 	44.0912 	-0.943617 	0
0.057707 	-138.575 	44.0838 	-0.934766 	0
0.0582784 	-138.216 	44.0763 	-0.925914 	0
0.0588497 	-137.857 	44.0688 	-0.917063 	0
0.0594211 	-137.498 	44.0613 	-0.908211 	0
0.0599925 	-137.14 	44.0538 	-0.89936 	0
0.0605638 	-136.781 	44.0463 	-0.890508 	0
0.0611352 	-136.422 	44.0388 	-0.881656 	0
0.0617065 	-136.063 	44.0313 	-0.872812 	0
0.0622779 	-135.704 	44.0237 	-0.864252 	0
0.0628492 	-135.344 	44.0162 	-0.855692 	0
0.0634206 	-135.009 	44.0094 	-0.847106 	0
0.063992 	-134.714 	44.0036 	-0.838479 	0
0.0645633 	-134.419 	43.9979 	-0.829852 	0
0.0651347 	-134.124 	43.9921 	-0.821224 	0
0.065706 	-133.829 	43.9864 	-0.812597 	0
0.0662774 	-133.534 	43.9806 	-0.80397 	0
0.0668487 	-133.239 	43.9749 	-0.795343 	0
0.0674201 	-132.944 	43.9691 	-0.786716 	0
0.0679915 	-132.649 	43.9634 	-0.778089 	0
0.0685628 	-132.353 	43.9576 	-0.76963 	0
0.0691342 	-132.057 	43.9518 	-0.761249 	0
0.0697055 	-131.763 	43.9461 	-0.752856 	0
0.0702769 	-131.513 	43.9417 	-0.744208 	0
0.0708482 	-131.263 	43.9374 	-0.735561 	0
0.0714196 	-131.014 	43.933 	-0.726913 	0
0.071991 	-130.764 	43.9287 	-0.718266 	0
0.0725623 	-130.514 	43.9243 	-0.709618 	0
0.0731337 	-130.265 	43.92 	-0.700971 	0
0.073705 	-130.015 	43.9156 	-0.692323 	0
0.0742764 	-129.765 	43.9113 	-0.683775 	0
0.0748477 	-129.514 	43.9069 	-0.675346 	0
0.0754191 	-129.27 	43.9027 	-0.66691 	0
0.0759905 	-129.061 	43.8997 	-0.658433 	0
0.0765618 	-128.852 	43.8966 	-0.649957 	0
0.0771332 	-128.643 	43.8936 	-0.641481 	0
0.0777045 	-128.434 	43.8906 	-0.633004 	0
0.0782759 	-128.225 	43.8875 	-0.624528 	0
0.0788472 	-128.017 	43.8845 	-0.616052 	0
0.0794186 	-127.807 	43.8814 	-0.607679 	0
0.0799899 	-127.597 	43.8784 	-0.599397 	0
0.0805613 	-127.404 	43.8759 	-0.59108 	0
0.0811327 	-127.228 	43.8741 	-0.582731 	0
0.081704 	-127.051 	43.8722 	-0.574382 	0
0.0822754 	-126.875 	43.8704 	-0.566033 	0
0.0828467 	-126.698 	43.8686 	-0.557684 	0
0.0834181 	-126.521 	43.8667 	-0.549336 	0
0.0839894 	-126.344 	43.8649 	-0.54112 	0
0.0845608 	-126.166 	43.863 	-0.532948 	0
0.0851322 	-126.015 	43.8623 	-0.524706 	0
0.0857035 	-125.865 	43.8616 	-0.516463 	0
0.0862749 	-125.714 	43.861 	-0.50822 	0
0.0868462 	-125.563 	43.8603 	-0.499978 	0
0.0874176 	-125.412 	43.8596 	-0.491735 	0
0.0879889 	-125.26 	43.8589 	-0.483652 	0
0.0885603 	-125.118 	43.8587 	-0.475536 	0
0.0891317 	-124.989 	43.8593 	-0.467373 	0
0.089703 	-124.859 	43.8598 	-0.45921 	0
0.0902744 	-124.729 	43.8603 	-0.451047 	0
0.0908457 	-124.6 	43.8609 	-0.442891 	0
0.0914171 	-124.469 	43.8614 	-0.434884 	0
0.0919884 	-124.352 	43.8628 	-0.426813 	0
0.0925598 	-124.24 	43.8647 	-0.418717 	0
0.0931312 	-124.128 	43.8665 	-0.410621 	0
0.0937025 	-124.016 	43.8684 	-0.402525 	0
0.0942739 	-123.903 	43.8702 	-0.39456 	0
0.0948452 	-123.801 	43.8731 	-0.386543 	0
0.0954166 	-123.704 	43.8765 	-0.3785 	0
0.0959879 	-123.606 	43.8799 	-0.370456 	0
0.0965593 	-123.509 	43.8832 	-0.362467 	0
0.0971307 	-123.415 	43.8872 	-0.354531 	0
0.097702 	-123.331 	43.8923 	-0.346531 	0
0.0982734 	-123.246 	43.8974 	-0.338532 	0
0.0988447 	-123.16 	43.9025 	-0.330596 	0
0.0994161 	-123.081 	43.9087 	-0.32268 	0
0.0999874 	-123.007 	43.9158 	-0.31472 	0
0.100559 	-122.933 	43.9229 	-0.306763 	0
0.10113 	-122.86 	43.9306 	-0.298914 	0
0.101702 	-122.795 	43.94 	-0.290983 	0
0.102273 	-122.73 	43.9495 	-0.283057 	0
0.102844 	-122.667 	43.9598 	-0.275226 	0
0.103416 	-122.609 	43.9719 	-0.267334 	0
0.103987 	-122.552 	43.984 	-0.259498 	0
0.104558 	-122.5 	43.9984 	-0.251638 	0
0.10513 	-122.449 	44.0134 	-0.243778 	0
0.105701 	-122.402 	44.0303 	-0.235975 	0
0.106272 	-122.357 	44.0484 	-0.228163 	0
0.106844 	-122.316 	44.0688 	-0.220366 	0
0.107415 	-122.276 	44.0903 	-0.212583 	0
0.107986 	-122.24 	44.1149 	-0.204776 	0
0.108558 	-122.207 	44.1416 	-0.197058 	0
0.109129 	-122.177 	44.1708 	-0.189311 	0
0.109701 	-122.148 	44.1955 	-0.181554 	0
0.110272 	-122.123 	44.1035 	-0.172846 	0
0.110843 	-122.095 	43.3364 	-0.153469 	0
0.111415 	-122.081 	41.3457 	-0.116726 	0
0.111986 	-122.076 	38.4599 	-0.0780458 	0
0.112557 	-122.083 	35.1238 	-0.0453596 	0
0.113129 	-122.103 	30.4984 	-0.0190712 	0
0.1137 	-122.125 	1.40095e-10 	-5.18316e-15 	0
