0 	-2.84157 	0 	0 	0
0.000571357 	-2.85302 	16.0187 	-0.00674969 	0
0.00114271 	-2.88932 	17.7598 	-0.0209353 	0
0.00171407 	-2.93687 	18.6753 	-0.0377609 	0
0.00228543 	-2.98714 	19.3493 	-0.0554865 	0
0.00285678 	-3.03663 	19.9235 	-0.073544 	0
0.00342814 	-3.08271 	20.4503 	-0.0913603 	0
0.0039995 	-3.12519 	20.9572 	-0.108815 	0
0.00457085 	-3.16392 	21.459 	-0.125707 	0
0.00514221 	-3.19879 	21.9637 	-0.141768 	0
0.00571357 	-3.23059 	22.4783 	-0.156986 	0
0.00628492 	-3.25985 	23.0072 	-0.171278 	0
0.00685628 	-3.28706 	23.5536 	-0.184567 	0
0.00742764 	-3.31272 	24.1203 	-0.196792 	0
0.00799899 	-3.33674 	24.7074 	-0.207713 	0
0.00857035 	-3.36022 	25.3186 	-0.217566 	0
0.00914171 	-3.38289 	25.955 	-0.226031 	0
0.00971307 	-3.4061 	26.6194 	-0.233358 	0
0.0102844 	-3.42859 	27.3127 	-0.239351 	0
0.0108558 	-3.44663 	28.0543 	-0.24385 	0
0.0114271 	-3.46106 	28.9005 	-0.246616 	0
0.0119985 	-3.48001 	29.9369 	-0.247279 	0
0.0125698 	-3.51324 	30.9986 	-0.247965 	0
0.0131412 	-3.68493 	32.3547 	-0.253397 	0
0.0137126 	-3.7298 	33.1736 	-0.25637 	0
0.0142839 	-3.75688 	34.0159 	-0.256607 	0
0.0148553 	-3.78034 	34.9086 	-0.254123 	0
0.0154266 	-3.80102 	35.8763 	-0.248466 	0
0.015998 	-3.82208 	36.8448 	-0.240492 	0
0.0165693 	-3.85015 	37.4913 	-0.236968 	0
0.0171407 	-3.88085 	37.8511 	-0.237578 	0
0.0177121 	-3.91199 	38.1228 	-0.239096 	0
0.0182834 	-3.94497 	38.3798 	-0.240596 	0
0.0188548 	-3.97809 	38.6261 	-0.242008 	0
0.0194261 	-4.0104 	38.8627 	-0.243313 	0
0.0199975 	-4.04579 	39.0953 	-0.244651 	0
0.0205688 	-4.07914 	39.314 	-0.24581 	0
0.0211402 	-4.11516 	39.5305 	-0.247009 	0
0.0217116 	-4.1495 	39.7301 	-0.248027 	0
0.0222829 	-4.18732 	39.9304 	-0.249118 	0
0.0228543 	-4.22118 	40.1037 	-0.249904 	0
0.0234256 	-4.26017 	40.2764 	-0.250771 	0
0.023997 	-4.29701 	40.4319 	-0.251477 	0
0.0245683 	-4.33388 	40.5639 	-0.252004 	0
0.0251397 	-4.37406 	40.6967 	-0.252586 	0
0.0257111 	-4.41138 	40.8006 	-0.252903 	0
0.0262824 	-4.44904 	40.8788 	-0.253016 	0
0.0268538 	-4.49027 	40.9581 	-0.253177 	0
0.0274251 	-4.53025 	41.0249 	-0.253234 	0
0.0279965 	-4.56557 	41.045 	-0.2529 	0
0.0285678 	-4.60737 	41.0664 	-0.252627 	0
0.0291392 	-4.64929 	41.0879 	-0.252356 	0
0.0297106 	-4.68863 	41.0932 	-0.251942 	0
0.0302819 	-4.72425 	41.0755 	-0.251322 	0
0.0308533 	-4.76649 	41.0583 	-0.250738 	0
0.0314246 	-4.80873 	41.0411 	-0.250154 	0
0.031996 	-4.8506 	41.024 	-0.249566 	0
0.0325673 	-4.88615 	41.0069 	-0.248912 	0
0.0331387 	-4.92457 	40.9898 	-0.248267 	0
0.0337101 	-4.96668 	40.9726 	-0.247634 	0
0.0342814 	-5.0088 	40.9555 	-0.247 	0
0.0348528 	-5.05052 	40.9395 	-0.246373 	0
0.0354241 	-5.08621 	40.9428 	-0.245844 	0
0.0359955 	-5.12326 	40.9462 	-0.245319 	0
0.0365668 	-5.16549 	40.9494 	-0.24481 	0
0.0371382 	-5.20773 	40.9527 	-0.244301 	0
0.0377095 	-5.24996 	40.956 	-0.243792 	0
0.0382809 	-5.29003 	40.9595 	-0.243238 	0
0.0388523 	-5.32584 	40.9634 	-0.242593 	0
0.0394236 	-5.36303 	40.9673 	-0.241949 	0
0.039995 	-5.40534 	40.9713 	-0.241309 	0
0.0405663 	-5.44765 	40.9754 	-0.240669 	0
0.0411377 	-5.48996 	40.9794 	-0.240029 	0
0.041709 	-5.53227 	40.9834 	-0.239388 	0
0.0422804 	-5.56923 	40.9836 	-0.238683 	0
0.0428518 	-5.60459 	40.9826 	-0.237958 	0
0.0434231 	-5.6421 	40.9817 	-0.237229 	0
0.0439945 	-5.68383 	40.9808 	-0.236493 	0
0.0445658 	-5.72557 	40.98 	-0.235757 	0
0.0451372 	-5.7673 	40.9792 	-0.235021 	0
0.0457085 	-5.80904 	40.9784 	-0.234284 	0
0.0462799 	-5.84907 	40.978 	-0.233537 	0
0.0468513 	-5.88388 	40.9793 	-0.232753 	0
0.0474226 	-5.91869 	40.9806 	-0.23197 	0
0.047994 	-5.95631 	40.9819 	-0.231175 	0
0.0485653 	-5.99731 	40.9833 	-0.230366 	0
0.0491367 	-6.03832 	40.9847 	-0.229558 	0
0.049708 	-6.07932 	40.9861 	-0.22875 	0
0.0502794 	-6.12032 	40.9875 	-0.227941 	0
0.0508508 	-6.16132 	40.9889 	-0.227133 	0
0.0514221 	-6.19776 	40.9902 	-0.226274 	0
0.0519935 	-6.23139 	40.9913 	-0.225384 	0
0.0525648 	-6.26502 	40.9924 	-0.224494 	0
0.0531362 	-6.30113 	40.9936 	-0.223586 	0
0.0537075 	-6.34068 	40.9949 	-0.222651 	0
0.0542789 	-6.38023 	40.9962 	-0.221717 	0
0.0548503 	-6.41978 	40.9975 	-0.220783 	0
0.0554216 	-6.45934 	40.9987 	-0.219849 	0
0.055993 	-6.49889 	41 	-0.218915 	0
0.0565643 	-6.53844 	41.0013 	-0.217981 	0
0.0571357 	-6.57175 	41.0027 	-0.217044 	0
0.057707 	-6.6027 	41.004 	-0.216107 	0
0.0582784 	-6.63366 	41.0054 	-0.215169 	0
0.0588497 	-6.66492 	41.0068 	-0.214229 	0
0.0594211 	-6.70126 	41.0084 	-0.213232 	0
0.0599925 	-6.73759 	41.0099 	-0.212236 	0
0.0605638 	-6.77393 	41.0114 	-0.21124 	0
0.0611352 	-6.81026 	41.0129 	-0.210244 	0
0.0617065 	-6.8466 	41.0144 	-0.209248 	0
0.0622779 	-6.88293 	41.016 	-0.208251 	0
0.0628492 	-6.91927 	41.0175 	-0.207255 	0
0.0634206 	-6.95266 	41.0191 	-0.206241 	0
0.063992 	-6.98139 	41.0207 	-0.205199 	0
0.0645633 	-7.01012 	41.0224 	-0.204156 	0
0.0651347 	-7.03885 	41.024 	-0.203113 	0
0.065706 	-7.07112 	41.0258 	-0.202016 	0
0.0662774 	-7.10478 	41.0276 	-0.200898 	0
0.0668487 	-7.13844 	41.0294 	-0.19978 	0
0.0674201 	-7.1721 	41.0311 	-0.198662 	0
0.0679915 	-7.20576 	41.0329 	-0.197544 	0
0.0685628 	-7.23942 	41.0347 	-0.196426 	0
0.0691342 	-7.27307 	41.0365 	-0.195308 	0
0.0697055 	-7.30642 	41.0383 	-0.194188 	0
0.0702769 	-7.33328 	41.0403 	-0.193047 	0
0.0708482 	-7.36014 	41.0423 	-0.191905 	0
0.0714196 	-7.387 	41.0444 	-0.190764 	0
0.071991 	-7.41772 	41.0465 	-0.189544 	0
0.0725623 	-7.44915 	41.0486 	-0.188311 	0
0.0731337 	-7.48058 	41.0508 	-0.187077 	0
0.073705 	-7.51201 	41.0529 	-0.185844 	0
0.0742764 	-7.54344 	41.0551 	-0.18461 	0
0.0748477 	-7.57487 	41.0572 	-0.183377 	0
0.0754191 	-7.60519 	41.0594 	-0.182147 	0
0.0759905 	-7.62946 	41.0618 	-0.180939 	0
0.0765618 	-7.65373 	41.0642 	-0.179731 	0
0.0771332 	-7.67949 	41.0667 	-0.178486 	0
0.0777045 	-7.70785 	41.0692 	-0.177176 	0
0.0782759 	-7.73621 	41.0717 	-0.175866 	0
0.0788472 	-7.76457 	41.0742 	-0.174556 	0
0.0794186 	-7.79293 	41.0768 	-0.173246 	0
0.0799899 	-7.8213 	41.0793 	-0.171936 	0
0.0805613 	-7.84617 	41.082 	-0.170654 	0
0.0811327 	-7.86792 	41.0849 	-0.169399 	0
0.081704 	-7.89001 	41.0878 	-0.168133 	0
0.0822754 	-7.91541 	41.0908 	-0.166766 	0
0.0828467 	-7.94081 	41.0938 	-0.165399 	0
0.0834181 	-7.96622 	41.0968 	-0.164032 	0
0.0839894 	-7.99162 	41.0998 	-0.162666 	0
0.0845608 	-8.01701 	41.1028 	-0.161299 	0
0.0851322 	-8.03646 	41.1064 	-0.16001 	0
0.0857035 	-8.0559 	41.1099 	-0.15872 	0
0.0862749 	-8.07821 	41.1135 	-0.157328 	0
0.0868462 	-8.10091 	41.1172 	-0.155921 	0
0.0874176 	-8.12361 	41.1208 	-0.154515 	0
0.0879889 	-8.14631 	41.1244 	-0.153109 	0
0.0885603 	-8.16666 	41.1283 	-0.15174 	0
0.0891317 	-8.184 	41.1327 	-0.15042 	0
0.089703 	-8.20304 	41.1371 	-0.149028 	0
0.0902744 	-8.22328 	41.1416 	-0.147586 	0
0.0908457 	-8.24352 	41.146 	-0.146144 	0
0.0914171 	-8.26375 	41.1504 	-0.144701 	0
0.0919884 	-8.28057 	41.1556 	-0.143335 	0
0.0925598 	-8.29627 	41.1611 	-0.141986 	0
0.0931312 	-8.31429 	41.1666 	-0.140525 	0
0.0937025 	-8.33231 	41.1721 	-0.139063 	0
0.0942739 	-8.35033 	41.1776 	-0.137601 	0
0.0948452 	-8.36529 	41.184 	-0.136217 	0
0.0954166 	-8.37976 	41.1909 	-0.134824 	0
0.0959879 	-8.39581 	41.1977 	-0.133343 	0
0.0965593 	-8.41185 	41.2046 	-0.131862 	0
0.0971307 	-8.42653 	41.2121 	-0.130425 	0
0.097702 	-8.43906 	41.2206 	-0.129049 	0
0.0982734 	-8.45336 	41.2292 	-0.12756 	0
0.0988447 	-8.46766 	41.2378 	-0.126071 	0
0.0994161 	-8.48006 	41.2475 	-0.124652 	0
0.0999874 	-8.49189 	41.2582 	-0.123221 	0
0.100559 	-8.50464 	41.2689 	-0.121723 	0
0.10113 	-8.51664 	41.2802 	-0.120256 	0
0.101702 	-8.5269 	41.2933 	-0.118844 	0
0.102273 	-8.53827 	41.3065 	-0.117342 	0
0.102844 	-8.54872 	41.3207 	-0.115896 	0
0.103416 	-8.55829 	41.3369 	-0.114476 	0
0.103987 	-8.56854 	41.3531 	-0.112995 	0
0.104558 	-8.57695 	41.37 	-0.111652 	0
0.10513 	-8.58607 	41.3881 	-0.11019 	0
0.105701 	-8.59323 	41.3573 	-0.10836 	0
0.106272 	-8.6007 	41.3189 	-0.106487 	0
0.106844 	-8.60684 	41.0233 	-0.101074 	0
0.107415 	-8.61318 	40.6417 	-0.0944323 	0
0.107986 	-8.62091 	39.7979 	-0.081347 	0
0.108558 	-8.62886 	38.8092 	-0.067728 	0
0.109129 	-8.63693 	37.6767 	-0.0540496 	0
0.109701 	-8.64486 	36.4587 	-0.0418561 	0
0.110272 	-8.65351 	35.194 	-0.0313288 	0
0.110843 	-8.66203 	33.8886 	-0.0227121 	0
0.111415 	-8.67014 	32.5077 	-0.0157096 	0
0.111986 	-8.67723 	30.9163 	-0.0102447 	0
0.112557 	-8.68311 	28.8454 	-0.00590422 	0
0.113129 	-8.68756 	25.4068 	-0.00248247 	0
0.1137 	-8.69003 	1.0224e-10 	-6.36867e-16 	0
