0 	4.25984 	0 	0 	0
0.000571357 	4.15787 	11.4989 	-0.037645 	0
0.00114271 	3.95329 	12.5147 	-0.090742 	0
0.00171407 	3.74267 	13.2312 	-0.145603 	0
0.00228543 	3.54879 	13.8819 	-0.20041 	0
0.00285678 	3.3753 	14.5222 	-0.254829 	0
0.00342814 	3.22291 	15.1741 	-0.308169 	0
0.0039995 	3.08777 	15.8498 	-0.36035 	0
0.00457085 	2.96712 	16.5554 	-0.410707 	0
0.00514221 	2.85598 	17.2993 	-0.459583 	0
0.00571357 	2.75202 	18.082 	-0.505945 	0
0.00628492 	2.65114 	18.9072 	-0.549861 	0
0.00685628 	2.55032 	19.7764 	-0.591034 	0
0.00742764 	2.44683 	20.6887 	-0.629015 	0
0.00799899 	2.3382 	21.6476 	-0.663423 	0
0.00857035 	2.23881 	22.6551 	-0.694372 	0
0.00914171 	2.15674 	23.735 	-0.719629 	0
0.00971307 	2.05976 	24.8941 	-0.739739 	0
0.0102844 	1.91909 	26.1211 	-0.75465 	0
0.0108558 	1.74437 	27.3522 	-0.765287 	0
0.0114271 	1.54617 	28.5597 	-0.773263 	0
0.0119985 	1.33737 	29.7511 	-0.778838 	0
0.0125698 	1.15827 	30.7632 	-0.78188 	0
0.0131412 	0.867975 	32.325 	-0.783037 	0
0.0137126 	0.619668 	33.7516 	-0.779332 	0
0.0142839 	0.354853 	35.2267 	-0.770489 	0
0.0148553 	0.0522291 	35.9435 	-0.772836 	0
0.0154266 	-0.264848 	36.2907 	-0.779975 	0
0.015998 	-0.582817 	36.619 	-0.787127 	0
0.0165693 	-0.905223 	36.9345 	-0.793863 	0
0.0171407 	-1.23192 	37.2353 	-0.800174 	0
0.0177121 	-1.56276 	37.5254 	-0.806161 	0
0.0182834 	-1.89747 	37.8074 	-0.811871 	0
0.0188548 	-2.22527 	38.0787 	-0.817226 	0
0.0194261 	-2.56727 	38.3403 	-0.822249 	0
0.0199975 	-2.91211 	38.5972 	-0.827099 	0
0.0205688 	-3.24762 	38.8393 	-0.831485 	0
0.0211402 	-3.59841 	39.0802 	-0.835786 	0
0.0217116 	-3.93775 	39.306 	-0.839638 	0
0.0222829 	-4.28994 	39.5327 	-0.843463 	0
0.0228543 	-4.63637 	39.7376 	-0.846643 	0
0.0234256 	-4.97916 	39.9407 	-0.849784 	0
0.023997 	-5.3419 	40.1314 	-0.85248 	0
0.0245683 	-5.68725 	40.3008 	-0.854701 	0
0.0251397 	-6.03261 	40.4702 	-0.856923 	0
0.0257111 	-6.39943 	40.6156 	-0.858317 	0
0.0262824 	-6.74524 	40.7352 	-0.859171 	0
0.0268538 	-7.09105 	40.8547 	-0.860025 	0
0.0274251 	-7.45982 	40.9638 	-0.860343 	0
0.0279965 	-7.80238 	41.0202 	-0.859567 	0
0.0285678 	-8.14494 	41.0766 	-0.858791 	0
0.0291392 	-8.48749 	41.133 	-0.858014 	0
0.0297106 	-8.85238 	41.1701 	-0.856238 	0
0.0302819 	-9.18599 	41.1718 	-0.853836 	0
0.0308533 	-9.5196 	41.1736 	-0.851433 	0
0.0314246 	-9.85322 	41.1754 	-0.849031 	0
0.031996 	-10.214 	41.1784 	-0.846061 	0
0.0325673 	-10.5335 	41.1649 	-0.843016 	0
0.0331387 	-10.8531 	41.1514 	-0.839971 	0
0.0337101 	-11.1726 	41.1378 	-0.836926 	0
0.0342814 	-11.4921 	41.1243 	-0.833881 	0
0.0348528 	-11.84 	41.1126 	-0.830162 	0
0.0354241 	-12.1451 	41.1185 	-0.827334 	0
0.0359955 	-12.4502 	41.1245 	-0.824507 	0
0.0365668 	-12.7553 	41.1305 	-0.821679 	0
0.0371382 	-13.0603 	41.1365 	-0.818852 	0
0.0377095 	-13.3681 	41.1425 	-0.815958 	0
0.0382809 	-13.6956 	41.1504 	-0.812299 	0
0.0388523 	-13.9858 	41.1611 	-0.809022 	0
0.0394236 	-14.2761 	41.1718 	-0.805745 	0
0.039995 	-14.5663 	41.1826 	-0.802468 	0
0.0405663 	-14.8566 	41.1933 	-0.79919 	0
0.0411377 	-15.1468 	41.2041 	-0.795913 	0
0.041709 	-15.4593 	41.2154 	-0.79203 	0
0.0422804 	-15.7435 	41.222 	-0.788111 	0
0.0428518 	-16.0151 	41.2272 	-0.784296 	0
0.0434231 	-16.2867 	41.2323 	-0.780482 	0
0.0439945 	-16.5584 	41.2375 	-0.776667 	0
0.0445658 	-16.83 	41.2426 	-0.772852 	0
0.0451372 	-17.1016 	41.2477 	-0.769038 	0
0.0457085 	-17.3797 	41.2531 	-0.765016 	0
0.0462799 	-17.6701 	41.2592 	-0.760362 	0
0.0468513 	-17.9207 	41.2656 	-0.756229 	0
0.0474226 	-18.1713 	41.272 	-0.752097 	0
0.047994 	-18.4219 	41.2784 	-0.747965 	0
0.0485653 	-18.6725 	41.2849 	-0.743832 	0
0.0491367 	-18.9231 	41.2913 	-0.7397 	0
0.049708 	-19.1737 	41.2977 	-0.735568 	0
0.0502794 	-19.4243 	41.3041 	-0.731435 	0
0.0508508 	-19.694 	41.311 	-0.726596 	0
0.0514221 	-19.9403 	41.3174 	-0.721809 	0
0.0519935 	-20.1675 	41.3233 	-0.717227 	0
0.0525648 	-20.3946 	41.3292 	-0.712644 	0
0.0531362 	-20.6217 	41.3351 	-0.708061 	0
0.0537075 	-20.8489 	41.341 	-0.703479 	0
0.0542789 	-21.076 	41.3469 	-0.698896 	0
0.0548503 	-21.3032 	41.3528 	-0.694313 	0
0.0554216 	-21.5303 	41.3588 	-0.689731 	0
0.055993 	-21.7574 	41.3647 	-0.685148 	0
0.0565643 	-22.006 	41.3711 	-0.679625 	0
0.0571357 	-22.216 	41.3768 	-0.674637 	0
0.057707 	-22.4113 	41.3823 	-0.669856 	0
0.0582784 	-22.6065 	41.3877 	-0.665075 	0
0.0588497 	-22.8018 	41.3931 	-0.660294 	0
0.0594211 	-22.9971 	41.3985 	-0.655512 	0
0.0599925 	-23.1924 	41.404 	-0.650731 	0
0.0605638 	-23.3877 	41.4094 	-0.64595 	0
0.0611352 	-23.583 	41.4148 	-0.641168 	0
0.0617065 	-23.7783 	41.4202 	-0.636387 	0
0.0622779 	-23.9736 	41.4257 	-0.631606 	0
0.0628492 	-24.1827 	41.4314 	-0.626087 	0
0.0634206 	-24.3784 	41.437 	-0.620648 	0
0.063992 	-24.5484 	41.4421 	-0.615575 	0
0.0645633 	-24.7184 	41.4473 	-0.610501 	0
0.0651347 	-24.8884 	41.4524 	-0.605427 	0
0.065706 	-25.0585 	41.4575 	-0.600354 	0
0.0662774 	-25.2285 	41.4626 	-0.59528 	0
0.0668487 	-25.3985 	41.4678 	-0.590206 	0
0.0674201 	-25.5685 	41.4729 	-0.585133 	0
0.0679915 	-25.7385 	41.478 	-0.580059 	0
0.0685628 	-25.9085 	41.4832 	-0.574985 	0
0.0691342 	-26.0848 	41.4884 	-0.569499 	0
0.0697055 	-26.2661 	41.4939 	-0.563609 	0
0.0702769 	-26.4174 	41.4989 	-0.558156 	0
0.0708482 	-26.5687 	41.504 	-0.552703 	0
0.0714196 	-26.72 	41.5091 	-0.547251 	0
0.071991 	-26.8713 	41.5141 	-0.541798 	0
0.0725623 	-27.0226 	41.5192 	-0.536345 	0
0.0731337 	-27.1738 	41.5243 	-0.530892 	0
0.073705 	-27.3251 	41.5294 	-0.52544 	0
0.0742764 	-27.4764 	41.5344 	-0.519987 	0
0.0748477 	-27.6319 	41.5396 	-0.514192 	0
0.0754191 	-27.7887 	41.5449 	-0.508022 	0
0.0759905 	-27.9198 	41.5499 	-0.502418 	0
0.0765618 	-28.0509 	41.5549 	-0.496814 	0
0.0771332 	-28.182 	41.5599 	-0.491209 	0
0.0777045 	-28.3131 	41.5649 	-0.485605 	0
0.0782759 	-28.4442 	41.5699 	-0.480001 	0
0.0788472 	-28.5753 	41.5749 	-0.474397 	0
0.0794186 	-28.7064 	41.5799 	-0.468793 	0
0.0799899 	-28.8425 	41.5851 	-0.462696 	0
0.0805613 	-28.9684 	41.5902 	-0.456658 	0
0.0811327 	-29.0825 	41.5954 	-0.450936 	0
0.081704 	-29.1966 	41.6005 	-0.445215 	0
0.0822754 	-29.3107 	41.6056 	-0.439493 	0
0.0828467 	-29.4248 	41.6107 	-0.433771 	0
0.0834181 	-29.5389 	41.6158 	-0.42805 	0
0.0839894 	-29.653 	41.6209 	-0.422328 	0
0.0845608 	-29.7732 	41.6262 	-0.415879 	0
0.0851322 	-29.8728 	41.6316 	-0.410085 	0
0.0857035 	-29.9725 	41.6371 	-0.404291 	0
0.0862749 	-30.0721 	41.6425 	-0.398497 	0
0.0868462 	-30.1718 	41.6479 	-0.392704 	0
0.0874176 	-30.2714 	41.6533 	-0.38691 	0
0.0879889 	-30.3725 	41.6588 	-0.380914 	0
0.0885603 	-30.4697 	41.6645 	-0.374681 	0
0.0891317 	-30.557 	41.6704 	-0.368828 	0
0.089703 	-30.6443 	41.6764 	-0.362975 	0
0.0902744 	-30.7317 	41.6823 	-0.357122 	0
0.0908457 	-30.819 	41.6883 	-0.351269 	0
0.0914171 	-30.9083 	41.6943 	-0.345099 	0
0.0919884 	-30.9893 	41.7008 	-0.339016 	0
0.0925598 	-31.0661 	41.7076 	-0.33313 	0
0.0931312 	-31.1429 	41.7143 	-0.327245 	0
0.0937025 	-31.2197 	41.7211 	-0.321359 	0
0.0942739 	-31.2977 	41.7278 	-0.315222 	0
0.0948452 	-31.369 	41.7354 	-0.309119 	0
0.0954166 	-31.4367 	41.7433 	-0.303206 	0
0.0959879 	-31.5045 	41.7511 	-0.297293 	0
0.0965593 	-31.5722 	41.759 	-0.29138 	0
0.0971307 	-31.6388 	41.7674 	-0.285078 	0
0.097702 	-31.6987 	41.7768 	-0.279153 	0
0.0982734 	-31.7586 	41.7861 	-0.273228 	0
0.0988447 	-31.8187 	41.7955 	-0.267269 	0
0.0994161 	-31.8759 	41.8058 	-0.261042 	0
0.0999874 	-31.9291 	41.817 	-0.255109 	0
0.100559 	-31.9823 	41.8282 	-0.249176 	0
0.10113 	-32.035 	41.84 	-0.242958 	0
0.101702 	-32.0823 	41.8534 	-0.237024 	0
0.102273 	-32.1297 	41.8668 	-0.23109 	0
0.102844 	-32.1759 	41.8812 	-0.224911 	0
0.103416 	-32.2182 	41.8972 	-0.21898 	0
0.103987 	-32.2608 	41.9132 	-0.212944 	0
0.104558 	-32.2997 	41.9317 	-0.206909 	0
0.10513 	-32.3376 	41.9506 	-0.200983 	0
0.105701 	-32.3735 	41.9719 	-0.1949 	0
0.106272 	-32.4076 	41.9945 	-0.189018 	0
0.106844 	-32.4396 	42.0148 	-0.183059 	0
0.107415 	-32.4702 	42.0288 	-0.177071 	0
0.107986 	-32.496 	41.9212 	-0.169683 	0
0.108558 	-32.5201 	41.5311 	-0.157756 	0
0.109129 	-32.5429 	40.7522 	-0.139976 	0
0.109701 	-32.5657 	39.4803 	-0.115662 	0
0.110272 	-32.587 	37.9065 	-0.0906533 	0
0.110843 	-32.6068 	36.1884 	-0.0680462 	0
0.111415 	-32.6267 	34.3793 	-0.0480484 	0
0.111986 	-32.6462 	32.4232 	-0.0317259 	0
0.112557 	-32.6647 	30.037 	-0.0181838 	0
0.113129 	-32.6806 	26.3014 	-0.00731306 	0
0.1137 	-32.6893 	1.13434e-10 	-1.95391e-15 	0
