0 	1.29127 	0 	0 	0
0.000571357 	1.23738 	13.3425 	-0.0223293 	0
0.00114271 	1.11295 	14.5148 	-0.0581874 	0
0.00171407 	0.977705 	15.2636 	-0.0960055 	0
0.00228543 	0.848176 	15.9064 	-0.134158 	0
0.00285678 	0.729574 	16.5176 	-0.171967 	0
0.00342814 	0.623142 	17.125 	-0.209013 	0
0.0039995 	0.527699 	17.743 	-0.245036 	0
0.00457085 	0.441679 	18.38 	-0.279765 	0
0.00514221 	0.363114 	19.0422 	-0.313001 	0
0.00571357 	0.290089 	19.7329 	-0.344491 	0
0.00628492 	0.220644 	20.4546 	-0.374069 	0
0.00685628 	0.153067 	21.209 	-0.401547 	0
0.00742764 	0.0859307 	21.9969 	-0.42672 	0
0.00799899 	0.0172452 	22.822 	-0.449271 	0
0.00857035 	-0.0545959 	23.6796 	-0.469397 	0
0.00914171 	-0.124749 	24.5757 	-0.486374 	0
0.00971307 	-0.184275 	25.519 	-0.500074 	0
0.0102844 	-0.245375 	26.5385 	-0.509482 	0
0.0108558 	-0.329277 	27.622 	-0.514821 	0
0.0114271 	-0.438469 	28.7351 	-0.517559 	0
0.0119985 	-0.563268 	29.8577 	-0.518785 	0
0.0125698 	-0.673125 	30.8089 	-0.519343 	0
0.0131412 	-0.899885 	32.2329 	-0.518947 	0
0.0137126 	-1.04309 	33.47 	-0.514962 	0
0.0142839 	-1.17927 	34.7731 	-0.506448 	0
0.0148553 	-1.32684 	35.9895 	-0.496329 	0
0.0154266 	-1.49574 	36.5703 	-0.497534 	0
0.015998 	-1.67115 	36.8913 	-0.502779 	0
0.0165693 	-1.84973 	37.192 	-0.507793 	0
0.0171407 	-2.03106 	37.4801 	-0.512617 	0
0.0177121 	-2.215 	37.759 	-0.517259 	0
0.0182834 	-2.40125 	38.0302 	-0.52173 	0
0.0188548 	-2.58944 	38.2912 	-0.525983 	0
0.0194261 	-2.78099 	38.5421 	-0.530024 	0
0.0199975 	-2.97382 	38.7884 	-0.533965 	0
0.0205688 	-3.16919 	39.0212 	-0.537608 	0
0.0211402 	-3.3662 	39.2518 	-0.541212 	0
0.0217116 	-3.56545 	39.4676 	-0.544496 	0
0.0222829 	-3.76471 	39.6834 	-0.54778 	0
0.0228543 	-3.96887 	39.8765 	-0.550609 	0
0.0234256 	-4.172 	40.0679 	-0.553396 	0
0.023997 	-4.37807 	40.2446 	-0.555926 	0
0.0245683 	-4.58475 	40.3999 	-0.558073 	0
0.0251397 	-4.79142 	40.5553 	-0.560219 	0
0.0257111 	-5.00106 	40.6838 	-0.56187 	0
0.0262824 	-5.21014 	40.7875 	-0.563059 	0
0.0268538 	-5.41922 	40.8911 	-0.564248 	0
0.0274251 	-5.6303 	40.9821 	-0.565211 	0
0.0279965 	-5.83971 	41.0241 	-0.565322 	0
0.0285678 	-6.04911 	41.0661 	-0.565433 	0
0.0291392 	-6.25851 	41.1081 	-0.565544 	0
0.0297106 	-6.46894 	41.1304 	-0.565231 	0
0.0302819 	-6.67555 	41.1237 	-0.564332 	0
0.0308533 	-6.88217 	41.117 	-0.563433 	0
0.0314246 	-7.08878 	41.1103 	-0.562534 	0
0.031996 	-7.29749 	41.1032 	-0.561594 	0
0.0325673 	-7.49851 	41.0876 	-0.560326 	0
0.0331387 	-7.69953 	41.072 	-0.559059 	0
0.0337101 	-7.90055 	41.0563 	-0.557791 	0
0.0342814 	-8.10157 	41.0407 	-0.556523 	0
0.0348528 	-8.30486 	41.0263 	-0.555234 	0
0.0354241 	-8.50049 	41.0311 	-0.554105 	0
0.0359955 	-8.69612 	41.036 	-0.552975 	0
0.0365668 	-8.89175 	41.0408 	-0.551846 	0
0.0371382 	-9.08739 	41.0456 	-0.550717 	0
0.0377095 	-9.28302 	41.0504 	-0.549587 	0
0.0382809 	-9.47952 	41.0563 	-0.548291 	0
0.0388523 	-9.66946 	41.0644 	-0.546763 	0
0.0394236 	-9.85939 	41.0725 	-0.545235 	0
0.039995 	-10.0493 	41.0806 	-0.543707 	0
0.0405663 	-10.2393 	41.0887 	-0.542178 	0
0.0411377 	-10.4292 	41.0968 	-0.54065 	0
0.041709 	-10.6191 	41.1049 	-0.539122 	0
0.0422804 	-10.8055 	41.109 	-0.537237 	0
0.0428518 	-10.9869 	41.1118 	-0.535299 	0
0.0434231 	-11.1684 	41.1146 	-0.533362 	0
0.0439945 	-11.3498 	41.1173 	-0.531424 	0
0.0445658 	-11.5313 	41.1201 	-0.529486 	0
0.0451372 	-11.7127 	41.1229 	-0.527549 	0
0.0457085 	-11.8942 	41.1257 	-0.525611 	0
0.0462799 	-12.0763 	41.129 	-0.523551 	0
0.0468513 	-12.2477 	41.1335 	-0.521329 	0
0.0474226 	-12.4192 	41.138 	-0.519106 	0
0.047994 	-12.5906 	41.1425 	-0.516883 	0
0.0485653 	-12.762 	41.147 	-0.51466 	0
0.0491367 	-12.9334 	41.1515 	-0.512438 	0
0.049708 	-13.1049 	41.1561 	-0.510215 	0
0.0502794 	-13.2763 	41.1606 	-0.507992 	0
0.0508508 	-13.4477 	41.1651 	-0.505769 	0
0.0514221 	-13.6148 	41.1695 	-0.503229 	0
0.0519935 	-13.774 	41.1737 	-0.500594 	0
0.0525648 	-13.9332 	41.1779 	-0.497958 	0
0.0531362 	-14.0924 	41.1822 	-0.495323 	0
0.0537075 	-14.2516 	41.1864 	-0.492687 	0
0.0542789 	-14.4108 	41.1906 	-0.490052 	0
0.0548503 	-14.57 	41.1948 	-0.487416 	0
0.0554216 	-14.7292 	41.1991 	-0.484781 	0
0.055993 	-14.8884 	41.2033 	-0.482145 	0
0.0565643 	-15.0476 	41.2075 	-0.47951 	0
0.0571357 	-15.1963 	41.2117 	-0.476621 	0
0.057707 	-15.3366 	41.2158 	-0.473741 	0
0.0582784 	-15.4769 	41.2198 	-0.470861 	0
0.0588497 	-15.6172 	41.2239 	-0.467981 	0
0.0594211 	-15.7575 	41.228 	-0.465101 	0
0.0599925 	-15.8979 	41.232 	-0.462221 	0
0.0605638 	-16.0382 	41.2361 	-0.459341 	0
0.0611352 	-16.1785 	41.2402 	-0.456461 	0
0.0617065 	-16.3188 	41.2442 	-0.453581 	0
0.0622779 	-16.4591 	41.2483 	-0.450701 	0
0.0628492 	-16.5994 	41.2524 	-0.447821 	0
0.0634206 	-16.7369 	41.2565 	-0.444731 	0
0.063992 	-16.8619 	41.2605 	-0.441533 	0
0.0645633 	-16.9869 	41.2645 	-0.438335 	0
0.0651347 	-17.112 	41.2685 	-0.435136 	0
0.065706 	-17.237 	41.2725 	-0.431938 	0
0.0662774 	-17.362 	41.2766 	-0.428739 	0
0.0668487 	-17.4871 	41.2806 	-0.425541 	0
0.0674201 	-17.6121 	41.2846 	-0.422343 	0
0.0679915 	-17.7371 	41.2886 	-0.419144 	0
0.0685628 	-17.8621 	41.2926 	-0.415946 	0
0.0691342 	-17.9872 	41.2966 	-0.412748 	0
0.0697055 	-18.1142 	41.3007 	-0.409445 	0
0.0702769 	-18.2276 	41.3049 	-0.405901 	0
0.0708482 	-18.3409 	41.309 	-0.402357 	0
0.0714196 	-18.4543 	41.3131 	-0.398812 	0
0.071991 	-18.5676 	41.3173 	-0.395268 	0
0.0725623 	-18.681 	41.3214 	-0.391723 	0
0.0731337 	-18.7943 	41.3256 	-0.388179 	0
0.073705 	-18.9077 	41.3297 	-0.384634 	0
0.0742764 	-19.021 	41.3338 	-0.38109 	0
0.0748477 	-19.1344 	41.338 	-0.377545 	0
0.0754191 	-19.2475 	41.3422 	-0.373893 	0
0.0759905 	-19.3472 	41.3464 	-0.370166 	0
0.0765618 	-19.4469 	41.3507 	-0.366439 	0
0.0771332 	-19.5466 	41.3549 	-0.362713 	0
0.0777045 	-19.6463 	41.3591 	-0.358986 	0
0.0782759 	-19.746 	41.3634 	-0.355259 	0
0.0788472 	-19.8458 	41.3676 	-0.351532 	0
0.0794186 	-19.9455 	41.3719 	-0.347805 	0
0.0799899 	-20.0452 	41.3761 	-0.344078 	0
0.0805613 	-20.14 	41.3805 	-0.340206 	0
0.0811327 	-20.2277 	41.385 	-0.336334 	0
0.081704 	-20.3155 	41.3895 	-0.332463 	0
0.0822754 	-20.4033 	41.394 	-0.328592 	0
0.0828467 	-20.491 	41.3985 	-0.32472 	0
0.0834181 	-20.5788 	41.4029 	-0.320849 	0
0.0839894 	-20.6666 	41.4074 	-0.316977 	0
0.0845608 	-20.7553 	41.4119 	-0.313046 	0
0.0851322 	-20.8327 	41.4168 	-0.309078 	0
0.0857035 	-20.91 	41.4217 	-0.30511 	0
0.0862749 	-20.9873 	41.4266 	-0.301143 	0
0.0868462 	-21.0646 	41.4315 	-0.297175 	0
0.0874176 	-21.142 	41.4364 	-0.293208 	0
0.0879889 	-21.2193 	41.4413 	-0.28924 	0
0.0885603 	-21.2934 	41.4465 	-0.285185 	0
0.0891317 	-21.3616 	41.452 	-0.281138 	0
0.089703 	-21.4299 	41.4576 	-0.27709 	0
0.0902744 	-21.4981 	41.4631 	-0.273043 	0
0.0908457 	-21.5664 	41.4686 	-0.268996 	0
0.0914171 	-21.6346 	41.4741 	-0.264948 	0
0.0919884 	-21.6978 	41.4803 	-0.26082 	0
0.0925598 	-21.7581 	41.4867 	-0.256722 	0
0.0931312 	-21.8184 	41.4931 	-0.252624 	0
0.0937025 	-21.8787 	41.4995 	-0.248526 	0
0.0942739 	-21.939 	41.5059 	-0.244429 	0
0.0948452 	-21.9949 	41.5132 	-0.240261 	0
0.0954166 	-22.0483 	41.5208 	-0.236122 	0
0.0959879 	-22.1017 	41.5284 	-0.231982 	0
0.0965593 	-22.1551 	41.536 	-0.227843 	0
0.0971307 	-22.2067 	41.5441 	-0.22366 	0
0.097702 	-22.2541 	41.5533 	-0.219496 	0
0.0982734 	-22.3016 	41.5624 	-0.215332 	0
0.0988447 	-22.349 	41.5716 	-0.211168 	0
0.0994161 	-22.3937 	41.5818 	-0.206964 	0
0.0999874 	-22.4359 	41.5929 	-0.202782 	0
0.100559 	-22.4782 	41.6039 	-0.198599 	0
0.10113 	-22.5194 	41.6156 	-0.194388 	0
0.101702 	-22.5571 	41.629 	-0.190196 	0
0.102273 	-22.5947 	41.6423 	-0.186004 	0
0.102844 	-22.6311 	41.6567 	-0.181789 	0
0.103416 	-22.6648 	41.6727 	-0.177598 	0
0.103987 	-22.6986 	41.6887 	-0.173406 	0
0.104558 	-22.7295 	41.7074 	-0.16919 	0
0.10513 	-22.7597 	41.7266 	-0.164992 	0
0.105701 	-22.7881 	41.7479 	-0.160796 	0
0.106272 	-22.8152 	41.7704 	-0.156626 	0
0.106844 	-22.8404 	41.7697 	-0.152467 	0
0.107415 	-22.8646 	41.7468 	-0.148118 	0
0.107986 	-22.8844 	41.4556 	-0.139743 	0
0.108558 	-22.9031 	40.8297 	-0.126067 	0
0.109129 	-22.9214 	39.8291 	-0.107381 	0
0.109701 	-22.9399 	38.4859 	-0.086125 	0
0.110272 	-22.9576 	36.9706 	-0.0663636 	0
0.110843 	-22.9749 	35.3628 	-0.0488115 	0
0.111415 	-22.9916 	33.6913 	-0.0339406 	0
0.111986 	-23.0075 	31.8604 	-0.0220329 	0
0.112557 	-23.0216 	29.5827 	-0.0124283 	0
0.113129 	-23.0328 	25.9579 	-0.00496854 	0
0.1137 	-23.0385 	1.11124e-10 	-1.38296e-15 	0
