0 	-10.1582 	0 	0 	0
0.000571357 	-10.5117 	4.05418 	-0.102023 	0
0.00114271 	-11.0868 	4.8317 	-0.224382 	0
0.00171407 	-11.6269 	5.51337 	-0.348515 	0
0.00228543 	-12.0855 	6.19889 	-0.471814 	0
0.00285678 	-12.467 	6.92075 	-0.594727 	0
0.00342814 	-12.7777 	7.69545 	-0.715724 	0
0.0039995 	-13.0361 	8.53511 	-0.83534 	0
0.00457085 	-13.2557 	9.44667 	-0.952656 	0
0.00514221 	-13.4497 	10.4373 	-1.06739 	0
0.00571357 	-13.6304 	11.5087 	-1.17873 	0
0.00628492 	-13.8071 	12.6646 	-1.28706 	0
0.00685628 	-13.9225 	13.9155 	-1.39127 	0
0.00742764 	-13.9741 	15.2996 	-1.48998 	0
0.00799899 	-14.0829 	16.8228 	-1.57993 	0
0.00857035 	-14.2633 	18.4658 	-1.66638 	0
0.00914171 	-14.5074 	20.1686 	-1.74314 	0
0.00971307 	-14.8009 	21.9232 	-1.8165 	0
0.0102844 	-15.1597 	23.6635 	-1.88237 	0
0.0108558 	-15.5721 	25.3399 	-1.94035 	0
0.0114271 	-16.0126 	26.9736 	-1.99207 	0
0.0119985 	-16.4738 	28.6443 	-2.03854 	0
0.0125698 	-16.8725 	30.1055 	-2.07359 	0
0.0131412 	-17.506 	32.3665 	-2.11439 	0
0.0137126 	-18.1347 	34.2786 	-2.13986 	0
0.0142839 	-18.8006 	34.9135 	-2.14806 	0
0.0148553 	-19.467 	35.3434 	-2.15178 	0
0.0154266 	-20.1302 	35.7554 	-2.15397 	0
0.015998 	-20.7938 	36.1485 	-2.15575 	0
0.0165693 	-21.4543 	36.519 	-2.15604 	0
0.0171407 	-22.1107 	36.8722 	-2.15519 	0
0.0177121 	-22.7622 	37.2112 	-2.15335 	0
0.0182834 	-23.4083 	37.5377 	-2.15055 	0
0.0188548 	-24.0543 	37.8474 	-2.14769 	0
0.0194261 	-24.6946 	38.1456 	-2.1441 	0
0.0199975 	-25.3226 	38.4406 	-2.13913 	0
0.0205688 	-25.9597 	38.7138 	-2.13529 	0
0.0211402 	-26.5736 	38.9893 	-2.129 	0
0.0217116 	-27.2003 	39.2448 	-2.12431 	0
0.0222829 	-27.8015 	39.5043 	-2.11719 	0
0.0228543 	-28.4139 	39.7421 	-2.11143 	0
0.0234256 	-29.0158 	39.9798 	-2.10482 	0
0.023997 	-29.6001 	40.2083 	-2.09681 	0
0.0245683 	-30.1986 	40.418 	-2.09007 	0
0.0251397 	-30.7734 	40.6315 	-2.08163 	0
0.0257111 	-31.3409 	40.8231 	-2.07243 	0
0.0262824 	-31.9199 	40.9919 	-2.06383 	0
0.0268538 	-32.481 	41.1644 	-2.05412 	0
0.0274251 	-33.0174 	41.3279 	-2.04262 	0
0.0279965 	-33.5709 	41.4343 	-2.03123 	0
0.0285678 	-34.1244 	41.5408 	-2.01984 	0
0.0291392 	-34.6402 	41.656 	-2.00634 	0
0.0297106 	-35.1497 	41.7397 	-1.99187 	0
0.0302819 	-35.6681 	41.774 	-1.97699 	0
0.0308533 	-36.1865 	41.8084 	-1.96211 	0
0.0314246 	-36.6741 	41.8478 	-1.94547 	0
0.031996 	-37.1409 	41.888 	-1.9277 	0
0.0325673 	-37.6151 	41.8806 	-1.91125 	0
0.0331387 	-38.0893 	41.8733 	-1.89479 	0
0.0337101 	-38.5635 	41.8659 	-1.87834 	0
0.0342814 	-38.9944 	41.8595 	-1.85927 	0
0.0348528 	-39.4162 	41.8538 	-1.83989 	0
0.0354241 	-39.8438 	41.8574 	-1.82452 	0
0.0359955 	-40.2714 	41.861 	-1.80916 	0
0.0365668 	-40.6991 	41.8647 	-1.79379 	0
0.0371382 	-41.1078 	41.8674 	-1.77736 	0
0.0377095 	-41.4823 	41.8686 	-1.75899 	0
0.0382809 	-41.8594 	41.8737 	-1.74187 	0
0.0388523 	-42.2414 	41.8865 	-1.7272 	0
0.0394236 	-42.6234 	41.8994 	-1.71253 	0
0.039995 	-43.0055 	41.9122 	-1.69786 	0
0.0405663 	-43.3829 	41.925 	-1.68296 	0
0.0411377 	-43.7119 	41.9364 	-1.66572 	0
0.041709 	-44.0409 	41.9478 	-1.64848 	0
0.0422804 	-44.375 	41.9561 	-1.63337 	0
0.0428518 	-44.7106 	41.9635 	-1.6189 	0
0.0434231 	-45.0462 	41.9708 	-1.60442 	0
0.0439945 	-45.3819 	41.9782 	-1.58995 	0
0.0445658 	-45.7175 	41.9855 	-1.57548 	0
0.0451372 	-46.0066 	41.9919 	-1.55899 	0
0.0457085 	-46.2906 	41.9982 	-1.54229 	0
0.0462799 	-46.5758 	42.0048 	-1.52628 	0
0.0468513 	-46.8645 	42.0121 	-1.51236 	0
0.0474226 	-47.1533 	42.0194 	-1.49845 	0
0.047994 	-47.442 	42.0268 	-1.48453 	0
0.0485653 	-47.7307 	42.0341 	-1.47062 	0
0.0491367 	-48.0195 	42.0414 	-1.4567 	0
0.049708 	-48.2757 	42.048 	-1.44152 	0
0.0502794 	-48.5155 	42.0542 	-1.42569 	0
0.0508508 	-48.7553 	42.0604 	-1.40986 	0
0.0514221 	-48.9972 	42.0667 	-1.39554 	0
0.0519935 	-49.2404 	42.0731 	-1.38215 	0
0.0525648 	-49.4836 	42.0795 	-1.36876 	0
0.0531362 	-49.7268 	42.0859 	-1.35537 	0
0.0537075 	-49.97 	42.0923 	-1.34198 	0
0.0542789 	-50.2132 	42.0987 	-1.32859 	0
0.0548503 	-50.4465 	42.1049 	-1.31486 	0
0.0554216 	-50.6446 	42.1102 	-1.29988 	0
0.055993 	-50.8426 	42.1156 	-1.2849 	0
0.0565643 	-51.0406 	42.121 	-1.26992 	0
0.0571357 	-51.236 	42.1264 	-1.25678 	0
0.057707 	-51.4305 	42.1319 	-1.24435 	0
0.0582784 	-51.6249 	42.1374 	-1.23191 	0
0.0588497 	-51.8194 	42.1428 	-1.21948 	0
0.0594211 	-52.0138 	42.1483 	-1.20704 	0
0.0599925 	-52.2083 	42.1538 	-1.1946 	0
0.0605638 	-52.4028 	42.1593 	-1.18217 	0
0.0611352 	-52.582 	42.1644 	-1.16924 	0
0.0617065 	-52.7372 	42.169 	-1.15553 	0
0.0622779 	-52.8924 	42.1735 	-1.14182 	0
0.0628492 	-53.0476 	42.1781 	-1.12811 	0
0.0634206 	-53.204 	42.1828 	-1.11511 	0
0.063992 	-53.3621 	42.1877 	-1.10322 	0
0.0645633 	-53.5203 	42.1926 	-1.09134 	0
0.0651347 	-53.6784 	42.1975 	-1.07945 	0
0.065706 	-53.8366 	42.2024 	-1.06757 	0
0.0662774 	-53.9947 	42.2073 	-1.05568 	0
0.0668487 	-54.1529 	42.2122 	-1.0438 	0
0.0674201 	-54.3094 	42.217 	-1.03186 	0
0.0679915 	-54.4332 	42.2211 	-1.01893 	0
0.0685628 	-54.5571 	42.2252 	-1.006 	0
0.0691342 	-54.681 	42.2293 	-0.993068 	0
0.0697055 	-54.8053 	42.2335 	-0.98019 	0
0.0702769 	-54.9384 	42.2381 	-0.968402 	0
0.0708482 	-55.0715 	42.2428 	-0.956613 	0
0.0714196 	-55.2046 	42.2474 	-0.944825 	0
0.071991 	-55.3377 	42.2521 	-0.933037 	0
0.0725623 	-55.4708 	42.2568 	-0.921248 	0
0.0731337 	-55.6039 	42.2614 	-0.90946 	0
0.073705 	-55.7173 	42.2656 	-0.897088 	0
0.0742764 	-55.8199 	42.2696 	-0.884398 	0
0.0748477 	-55.9226 	42.2735 	-0.871707 	0
0.0754191 	-56.0264 	42.2776 	-0.859212 	0
0.0759905 	-56.1368 	42.2821 	-0.847783 	0
0.0765618 	-56.2472 	42.2866 	-0.836353 	0
0.0771332 	-56.3577 	42.2911 	-0.824924 	0
0.0777045 	-56.4681 	42.2956 	-0.813494 	0
0.0782759 	-56.5785 	42.3002 	-0.802065 	0
0.0788472 	-56.6739 	42.3043 	-0.790189 	0
0.0794186 	-56.758 	42.3082 	-0.77798 	0
0.0799899 	-56.8421 	42.3121 	-0.765772 	0
0.0805613 	-56.9308 	42.3164 	-0.754114 	0
0.0811327 	-57.0237 	42.321 	-0.74295 	0
0.081704 	-57.1166 	42.3256 	-0.731785 	0
0.0822754 	-57.2095 	42.3302 	-0.720621 	0
0.0828467 	-57.3025 	42.3347 	-0.709457 	0
0.0834181 	-57.3804 	42.339 	-0.697837 	0
0.0839894 	-57.4505 	42.343 	-0.68598 	0
0.0845608 	-57.5206 	42.3471 	-0.674125 	0
0.0851322 	-57.5996 	42.3519 	-0.663177 	0
0.0857035 	-57.6787 	42.3568 	-0.65223 	0
0.0862749 	-57.7577 	42.3617 	-0.641282 	0
0.0868462 	-57.8368 	42.3666 	-0.630334 	0
0.0874176 	-57.9008 	42.3711 	-0.618911 	0
0.0879889 	-57.96 	42.3755 	-0.607334 	0
0.0885603 	-58.023 	42.3803 	-0.596103 	0
0.0891317 	-58.0909 	42.3857 	-0.585316 	0
0.089703 	-58.1587 	42.3911 	-0.574529 	0
0.0902744 	-58.2266 	42.3965 	-0.563742 	0
0.0908457 	-58.2817 	42.4015 	-0.552527 	0
0.0914171 	-58.3323 	42.4065 	-0.541156 	0
0.0919884 	-58.3886 	42.4123 	-0.530298 	0
0.0925598 	-58.4473 	42.4185 	-0.519645 	0
0.0931312 	-58.506 	42.4247 	-0.508993 	0
0.0937025 	-58.5574 	42.4307 	-0.498075 	0
0.0942739 	-58.6009 	42.4364 	-0.486873 	0
0.0948452 	-58.6499 	42.4433 	-0.47614 	0
0.0954166 	-58.701 	42.4505 	-0.465591 	0
0.0959879 	-58.7521 	42.4578 	-0.455041 	0
0.0965593 	-58.7911 	42.4647 	-0.444019 	0
0.0971307 	-58.8313 	42.4723 	-0.433168 	0
0.097702 	-58.8761 	42.481 	-0.422707 	0
0.0982734 	-58.9208 	42.4897 	-0.412246 	0
0.0988447 	-58.9548 	42.4981 	-0.401328 	0
0.0994161 	-58.9913 	42.5076 	-0.390687 	0
0.0999874 	-59.0306 	42.5181 	-0.380297 	0
0.100559 	-59.0655 	42.5285 	-0.3697 	0
0.10113 	-59.0958 	42.5393 	-0.358958 	0
0.101702 	-59.1305 	42.5519 	-0.34863 	0
0.102273 	-59.1617 	42.5645 	-0.338119 	0
0.102844 	-59.189 	42.5779 	-0.327505 	0
0.103416 	-59.2198 	42.5931 	-0.317232 	0
0.103987 	-59.2445 	42.608 	-0.306618 	0
0.104558 	-59.2711 	42.6255 	-0.296302 	0
0.10513 	-59.2954 	42.6434 	-0.285875 	0
0.105701 	-59.3183 	42.6633 	-0.275509 	0
0.106272 	-59.3401 	42.6843 	-0.265147 	0
0.106844 	-59.3609 	42.708 	-0.254878 	0
0.107415 	-59.3791 	42.7325 	-0.244481 	0
0.107986 	-59.3982 	42.7573 	-0.234462 	0
0.108558 	-59.4133 	42.7233 	-0.223624 	0
0.109129 	-59.4259 	42.5091 	-0.210016 	0
0.109701 	-59.4359 	41.8331 	-0.188797 	0
0.110272 	-59.4465 	40.437 	-0.15672 	0
0.110843 	-59.4592 	38.5624 	-0.12184 	0
0.111415 	-59.4733 	36.4579 	-0.0889292 	0
0.111986 	-59.4911 	34.1777 	-0.0604578 	0
0.112557 	-59.5135 	31.5065 	-0.0359716 	0
0.113129 	-59.5389 	27.4674 	-0.0149967 	0
0.1137 	-59.5569 	1.15664e-10 	-3.64302e-15 	0
