0 	-88.694 	0 	0 	0
0.000571357 	-89.0824 	-3.22739 	-0.106228 	0
0.00114271 	-89.7037 	-2.60207 	-0.233084 	0
0.00171407 	-90.277 	-1.94922 	-0.3616 	0
0.00228543 	-90.763 	-1.25303 	-0.491148 	0
0.00285678 	-91.1598 	-0.500447 	-0.620938 	0
0.00342814 	-91.4782 	0.321734 	-0.751449 	0
0.0039995 	-91.7323 	1.22125 	-0.88223 	0
0.00457085 	-91.9347 	2.20624 	-1.01347 	0
0.00514221 	-92.0962 	3.28494 	-1.14535 	0
0.00571357 	-92.2261 	4.46196 	-1.27779 	0
0.00628492 	-92.259 	5.75092 	-1.41018 	0
0.00685628 	-92.1819 	7.20463 	-1.54287 	0
0.00742764 	-92.1253 	8.84021 	-1.67525 	0
0.00799899 	-92.1122 	10.6297 	-1.80552 	0
0.00857035 	-92.1081 	12.5297 	-1.93366 	0
0.00914171 	-92.1206 	14.5341 	-2.05827 	0
0.00971307 	-92.1495 	16.6074 	-2.17994 	0
0.0102844 	-92.2219 	18.7091 	-2.29722 	0
0.0108558 	-92.3284 	20.7856 	-2.4094 	0
0.0114271 	-92.419 	22.8261 	-2.51583 	0
0.0119985 	-92.4661 	24.8903 	-2.61598 	0
0.0125698 	-92.4745 	26.6753 	-2.69444 	0
0.0131412 	-92.4824 	29.4351 	-2.7965 	0
0.0137126 	-92.5309 	32.0559 	-2.87352 	0
0.0142839 	-92.6372 	34.5503 	-2.93044 	0
0.0148553 	-92.7101 	35.415 	-2.92751 	0
0.0154266 	-92.772 	35.9755 	-2.92357 	0
0.015998 	-92.8333 	36.4791 	-2.91479 	0
0.0165693 	-92.8782 	36.9089 	-2.901 	0
0.0171407 	-92.92 	37.3234 	-2.88685 	0
0.0177121 	-92.9586 	37.7181 	-2.87175 	0
0.0182834 	-92.9698 	38.0936 	-2.85543 	0
0.0188548 	-92.9867 	38.444 	-2.83815 	0
0.0194261 	-93.0186 	38.7745 	-2.82021 	0
0.0199975 	-93.0005 	39.0974 	-2.80163 	0
0.0205688 	-93.0221 	39.396 	-2.78267 	0
0.0211402 	-92.9995 	39.6921 	-2.76336 	0
0.0217116 	-93.0118 	39.9663 	-2.74386 	0
0.0222829 	-92.97 	40.2411 	-2.72402 	0
0.0228543 	-92.9898 	40.494 	-2.70432 	0
0.0234256 	-92.9377 	40.7457 	-2.68416 	0
0.023997 	-92.9114 	40.9878 	-2.66416 	0
0.0245683 	-92.8976 	41.2164 	-2.64427 	0
0.0251397 	-92.8347 	41.4451 	-2.62411 	0
0.0257111 	-92.8031 	41.6584 	-2.60395 	0
0.0262824 	-92.7798 	41.8579 	-2.58371 	0
0.0268538 	-92.7059 	42.058 	-2.56325 	0
0.0274251 	-92.6442 	42.2476 	-2.54258 	0
0.0279965 	-92.6283 	42.3976 	-2.52117 	0
0.0285678 	-92.5591 	42.5491 	-2.49962 	0
0.0291392 	-92.476 	42.7011 	-2.47804 	0
0.0297106 	-92.4151 	42.8201 	-2.4552 	0
0.0302819 	-92.3863 	42.8916 	-2.43056 	0
0.0308533 	-92.3081 	42.9649 	-2.40586 	0
0.0314246 	-92.2164 	43.0388 	-2.38114 	0
0.031996 	-92.1276 	43.1085 	-2.3563 	0
0.0325673 	-92.0894 	43.1061 	-2.32932 	0
0.0331387 	-92.0402 	43.1039 	-2.30231 	0
0.0337101 	-91.945 	43.1019 	-2.27521 	0
0.0342814 	-91.8498 	43.1 	-2.2481 	0
0.0348528 	-91.7577 	43.0975 	-2.22109 	0
0.0354241 	-91.7129 	43.0863 	-2.19563 	0
0.0359955 	-91.6682 	43.075 	-2.17017 	0
0.0365668 	-91.5769 	43.0626 	-2.14456 	0
0.0371382 	-91.4818 	43.0501 	-2.11894 	0
0.0377095 	-91.3868 	43.0376 	-2.09331 	0
0.0382809 	-91.3066 	43.0297 	-2.06854 	0
0.0388523 	-91.2559 	43.0312 	-2.04547 	0
0.0394236 	-91.2052 	43.0326 	-2.02239 	0
0.039995 	-91.1155 	43.033 	-1.99921 	0
0.0405663 	-91.0208 	43.0333 	-1.97601 	0
0.0411377 	-90.9262 	43.0336 	-1.95282 	0
0.041709 	-90.8315 	43.0339 	-1.92962 	0
0.0422804 	-90.7686 	43.0331 	-1.90783 	0
0.0428518 	-90.7152 	43.032 	-1.88644 	0
0.0434231 	-90.6618 	43.031 	-1.86506 	0
0.0439945 	-90.5719 	43.0291 	-1.84361 	0
0.0445658 	-90.4807 	43.0272 	-1.82216 	0
0.0451372 	-90.3894 	43.0252 	-1.80071 	0
0.0457085 	-90.2982 	43.0233 	-1.77926 	0
0.0462799 	-90.216 	43.0217 	-1.75827 	0
0.0468513 	-90.1615 	43.0211 	-1.73866 	0
0.0474226 	-90.107 	43.0204 	-1.71905 	0
0.047994 	-90.0516 	43.0198 	-1.69944 	0
0.0485653 	-89.9652 	43.0184 	-1.6798 	0
0.0491367 	-89.8788 	43.017 	-1.66016 	0
0.049708 	-89.7924 	43.0156 	-1.64052 	0
0.0502794 	-89.7061 	43.0142 	-1.62088 	0
0.0508508 	-89.6197 	43.0128 	-1.60124 	0
0.0514221 	-89.5539 	43.012 	-1.58267 	0
0.0519935 	-89.501 	43.0116 	-1.56477 	0
0.0525648 	-89.448 	43.0111 	-1.54687 	0
0.0531362 	-89.395 	43.0107 	-1.52897 	0
0.0537075 	-89.3175 	43.0097 	-1.51106 	0
0.0542789 	-89.2382 	43.0086 	-1.49316 	0
0.0548503 	-89.1589 	43.0076 	-1.47525 	0
0.0554216 	-89.0795 	43.0065 	-1.45735 	0
0.055993 	-89.0002 	43.0055 	-1.43944 	0
0.0565643 	-88.9208 	43.0044 	-1.42154 	0
0.0571357 	-88.8642 	43.004 	-1.40507 	0
0.057707 	-88.816 	43.0039 	-1.38915 	0
0.0582784 	-88.7679 	43.0037 	-1.37322 	0
0.0588497 	-88.7197 	43.0036 	-1.3573 	0
0.0594211 	-88.6613 	43.0032 	-1.34138 	0
0.0599925 	-88.5924 	43.0026 	-1.32547 	0
0.0605638 	-88.5234 	43.0019 	-1.30955 	0
0.0611352 	-88.4545 	43.0013 	-1.29364 	0
0.0617065 	-88.3856 	43.0007 	-1.27773 	0
0.0622779 	-88.3167 	43 	-1.26182 	0
0.0628492 	-88.2477 	42.9994 	-1.2459 	0
0.0634206 	-88.1886 	42.9991 	-1.23049 	0
0.063992 	-88.1452 	42.9993 	-1.21587 	0
0.0645633 	-88.1017 	42.9995 	-1.20124 	0
0.0651347 	-88.0583 	42.9997 	-1.18662 	0
0.065706 	-88.0122 	42.9998 	-1.172 	0
0.0662774 	-87.9521 	42.9997 	-1.1574 	0
0.0668487 	-87.892 	42.9995 	-1.1428 	0
0.0674201 	-87.8319 	42.9993 	-1.12819 	0
0.0679915 	-87.7717 	42.9991 	-1.11359 	0
0.0685628 	-87.7116 	42.9989 	-1.09899 	0
0.0691342 	-87.6515 	42.9987 	-1.08439 	0
0.0697055 	-87.5923 	42.9986 	-1.06982 	0
0.0702769 	-87.553 	42.9992 	-1.05582 	0
0.0708482 	-87.5137 	42.9998 	-1.04181 	0
0.0714196 	-87.4744 	43.0005 	-1.02781 	0
0.071991 	-87.4301 	43.001 	-1.01381 	0
0.0725623 	-87.377 	43.0013 	-0.999841 	0
0.0731337 	-87.3238 	43.0016 	-0.985868 	0
0.073705 	-87.2707 	43.0019 	-0.971896 	0
0.0742764 	-87.2175 	43.0022 	-0.957923 	0
0.0748477 	-87.1644 	43.0025 	-0.94395 	0
0.0754191 	-87.1141 	43.0029 	-0.930086 	0
0.0759905 	-87.0796 	43.004 	-0.916819 	0
0.0765618 	-87.045 	43.0051 	-0.903551 	0
0.0771332 	-87.0104 	43.0062 	-0.890284 	0
0.0777045 	-86.9652 	43.0071 	-0.877049 	0
0.0782759 	-86.9192 	43.0079 	-0.863817 	0
0.0788472 	-86.8733 	43.0087 	-0.850584 	0
0.0794186 	-86.8273 	43.0096 	-0.837352 	0
0.0799899 	-86.7813 	43.0104 	-0.824119 	0
0.0805613 	-86.7437 	43.0117 	-0.811145 	0
0.0811327 	-86.7135 	43.0133 	-0.798402 	0
0.081704 	-86.6832 	43.015 	-0.785659 	0
0.0822754 	-86.6461 	43.0165 	-0.772942 	0
0.0828467 	-86.6063 	43.0179 	-0.760236 	0
0.0834181 	-86.5666 	43.0194 	-0.74753 	0
0.0839894 	-86.5268 	43.0208 	-0.734824 	0
0.0845608 	-86.4871 	43.0223 	-0.722119 	0
0.0851322 	-86.4606 	43.0246 	-0.709775 	0
0.0857035 	-86.434 	43.0269 	-0.69743 	0
0.0862749 	-86.403 	43.0291 	-0.685107 	0
0.0868462 	-86.3684 	43.0313 	-0.672801 	0
0.0874176 	-86.3339 	43.0334 	-0.660494 	0
0.0879889 	-86.2993 	43.0355 	-0.648188 	0
0.0885603 	-86.2696 	43.0381 	-0.635993 	0
0.0891317 	-86.2464 	43.0413 	-0.623941 	0
0.089703 	-86.2211 	43.0444 	-0.611901 	0
0.0902744 	-86.191 	43.0474 	-0.599887 	0
0.0908457 	-86.1608 	43.0504 	-0.587873 	0
0.0914171 	-86.1307 	43.0533 	-0.57586 	0
0.0919884 	-86.1075 	43.0572 	-0.563982 	0
0.0925598 	-86.0871 	43.0614 	-0.552159 	0
0.0931312 	-86.0616 	43.0654 	-0.540368 	0
0.0937025 	-86.0352 	43.0694 	-0.528584 	0
0.0942739 	-86.0089 	43.0735 	-0.516799 	0
0.0948452 	-85.9886 	43.0785 	-0.505111 	0
0.0954166 	-85.9701 	43.084 	-0.493465 	0
0.0959879 	-85.947 	43.0893 	-0.481855 	0
0.0965593 	-85.9239 	43.0946 	-0.470244 	0
0.0971307 	-85.9034 	43.1005 	-0.45867 	0
0.097702 	-85.8876 	43.1076 	-0.44716 	0
0.0982734 	-85.8675 	43.1145 	-0.435687 	0
0.0988447 	-85.8472 	43.1214 	-0.424216 	0
0.0994161 	-85.8304 	43.1294 	-0.412785 	0
0.0999874 	-85.8151 	43.1383 	-0.401397 	0
0.100559 	-85.7972 	43.1471 	-0.390036 	0
0.10113 	-85.7806 	43.1565 	-0.378688 	0
0.101702 	-85.7676 	43.1676 	-0.367388 	0
0.102273 	-85.7518 	43.1787 	-0.35612 	0
0.102844 	-85.7377 	43.1907 	-0.344864 	0
0.103416 	-85.7254 	43.2044 	-0.333646 	0
0.103987 	-85.7113 	43.218 	-0.322449 	0
0.104558 	-85.7007 	43.2342 	-0.311276 	0
0.10513 	-85.6881 	43.2507 	-0.300145 	0
0.105701 	-85.678 	43.2692 	-0.289032 	0
0.106272 	-85.6671 	43.2888 	-0.277962 	0
0.106844 	-85.658 	43.3108 	-0.266876 	0
0.107415 	-85.6479 	43.3339 	-0.25582 	0
0.107986 	-85.6399 	43.3606 	-0.244874 	0
0.108558 	-85.6323 	43.3864 	-0.233946 	0
0.109129 	-85.6238 	43.3737 	-0.222659 	0
0.109701 	-85.6138 	43.1687 	-0.208833 	0
0.110272 	-85.6037 	42.3101 	-0.184229 	0
0.110843 	-85.5993 	40.5742 	-0.146861 	0
0.111415 	-85.599 	38.3322 	-0.108346 	0
0.111986 	-85.6072 	35.8061 	-0.0737951 	0
0.112557 	-85.6238 	32.9054 	-0.0441862 	0
0.113129 	-85.6493 	28.6441 	-0.0187481 	0
0.1137 	-85.6712 	1.22031e-10 	-4.56455e-15 	0
