0 	-67.181 	0 	0 	0
0.000571357 	-67.5971 	-1.77921 	-0.11339 	0
0.00114271 	-68.258 	-1.12135 	-0.247712 	0
0.00171407 	-68.8656 	-0.458022 	-0.383558 	0
0.00228543 	-69.3775 	0.242569 	-0.519974 	0
0.00285678 	-69.7936 	0.997474 	-0.65634 	0
0.00342814 	-70.1255 	1.82077 	-0.79267 	0
0.0039995 	-70.3902 	2.721 	-0.928667 	0
0.00457085 	-70.6025 	3.70628 	-1.06427 	0
0.00514221 	-70.7754 	4.78402 	-1.19939 	0
0.00571357 	-70.9211 	5.95859 	-1.33393 	0
0.00628492 	-70.978 	7.24141 	-1.46722 	0
0.00685628 	-70.9217 	8.68101 	-1.59904 	0
0.00742764 	-70.8971 	10.2946 	-1.72868 	0
0.00799899 	-70.9343 	12.0544 	-1.85478 	0
0.00857035 	-70.9938 	13.9195 	-1.97805 	0
0.00914171 	-71.0799 	15.8829 	-2.09699 	0
0.00971307 	-71.1939 	17.9093 	-2.2124 	0
0.0102844 	-71.3609 	19.9542 	-2.32226 	0
0.0108558 	-71.568 	21.9633 	-2.4257 	0
0.0114271 	-71.7731 	23.9284 	-2.5221 	0
0.0119985 	-71.9617 	25.9158 	-2.61138 	0
0.0125698 	-72.1109 	27.6344 	-2.68034 	0
0.0131412 	-72.3577 	30.2809 	-2.76787 	0
0.0137126 	-72.643 	32.7748 	-2.83172 	0
0.0142839 	-72.9748 	34.7348 	-2.8672 	0
0.0148553 	-73.28 	35.3587 	-2.86425 	0
0.0154266 	-73.5765 	35.9264 	-2.86345 	0
0.015998 	-73.8703 	36.3466 	-2.85134 	0
0.0165693 	-74.1496 	36.7646 	-2.83995 	0
0.0171407 	-74.4248 	37.1711 	-2.82809 	0
0.0177121 	-74.696 	37.5532 	-2.81485 	0
0.0182834 	-74.9434 	37.9168 	-2.80046 	0
0.0188548 	-75.19 	38.2582 	-2.7851 	0
0.0194261 	-75.4457 	38.582 	-2.76927 	0
0.0199975 	-75.6627 	38.8991 	-2.75268 	0
0.0205688 	-75.9031 	39.1938 	-2.73585 	0
0.0211402 	-76.1108 	39.486 	-2.71854 	0
0.0217116 	-76.3366 	39.7579 	-2.70107 	0
0.0222829 	-76.5225 	40.0302 	-2.68311 	0
0.0228543 	-76.7482 	40.2818 	-2.66544 	0
0.0234256 	-76.9175 	40.5324 	-2.64707 	0
0.023997 	-77.1069 	40.7733 	-2.62892 	0
0.0245683 	-77.2935 	41.0007 	-2.61075 	0
0.0251397 	-77.4455 	41.2285 	-2.59219 	0
0.0257111 	-77.6208 	41.4394 	-2.57362 	0
0.0262824 	-77.789 	41.6358 	-2.55477 	0
0.0268538 	-77.9219 	41.8329 	-2.53558 	0
0.0274251 	-78.0636 	42.0186 	-2.51616 	0
0.0279965 	-78.2381 	42.1614 	-2.49586 	0
0.0285678 	-78.3534 	42.3067 	-2.47511 	0
0.0291392 	-78.4671 	42.4521 	-2.45435 	0
0.0297106 	-78.5957 	42.5641 	-2.43236 	0
0.0302819 	-78.7457 	42.6281 	-2.40861 	0
0.0308533 	-78.8388 	42.6946 	-2.38446 	0
0.0314246 	-78.9314 	42.7612 	-2.36032 	0
0.031996 	-79.0259 	42.8239 	-2.33607 	0
0.0325673 	-79.1507 	42.8204 	-2.31012 	0
0.0331387 	-79.2531 	42.817 	-2.28398 	0
0.0337101 	-79.3254 	42.8138 	-2.25758 	0
0.0342814 	-79.3977 	42.8107 	-2.23118 	0
0.0348528 	-79.4718 	42.8072 	-2.20491 	0
0.0354241 	-79.5723 	42.7998 	-2.18052 	0
0.0359955 	-79.6635 	42.7921 	-2.15605 	0
0.0365668 	-79.717 	42.7834 	-2.13122 	0
0.0371382 	-79.7705 	42.7746 	-2.10638 	0
0.0377095 	-79.824 	42.7659 	-2.08155 	0
0.0382809 	-79.8855 	42.7617 	-2.05759 	0
0.0388523 	-79.9631 	42.7665 	-2.03535 	0
0.0394236 	-80.0324 	42.7711 	-2.01305 	0
0.039995 	-80.0682 	42.7749 	-1.99046 	0
0.0405663 	-80.1041 	42.7786 	-1.96786 	0
0.0411377 	-80.1399 	42.7823 	-1.94527 	0
0.041709 	-80.1758 	42.786 	-1.92268 	0
0.0422804 	-80.2286 	42.788 	-1.90149 	0
0.0428518 	-80.2864 	42.7894 	-1.88071 	0
0.0434231 	-80.3325 	42.7906 	-1.85985 	0
0.0439945 	-80.3539 	42.7912 	-1.8388 	0
0.0445658 	-80.3754 	42.7918 	-1.81776 	0
0.0451372 	-80.3969 	42.7925 	-1.79671 	0
0.0457085 	-80.4183 	42.7931 	-1.77566 	0
0.0462799 	-80.4444 	42.794 	-1.75508 	0
0.0468513 	-80.4846 	42.7955 	-1.73592 	0
0.0474226 	-80.5249 	42.7971 	-1.71675 	0
0.047994 	-80.5514 	42.7983 	-1.6975 	0
0.0485653 	-80.5605 	42.7992 	-1.67813 	0
0.0491367 	-80.5696 	42.8 	-1.65877 	0
0.049708 	-80.5787 	42.8009 	-1.6394 	0
0.0502794 	-80.5878 	42.8017 	-1.62003 	0
0.0508508 	-80.5969 	42.8026 	-1.60067 	0
0.0514221 	-80.6164 	42.8038 	-1.58239 	0
0.0519935 	-80.6424 	42.8052 	-1.56478 	0
0.0525648 	-80.6683 	42.8066 	-1.54718 	0
0.0531362 	-80.6839 	42.8077 	-1.52952 	0
0.0537075 	-80.6838 	42.8085 	-1.51177 	0
0.0542789 	-80.6837 	42.8093 	-1.49402 	0
0.0548503 	-80.6836 	42.8101 	-1.47627 	0
0.0554216 	-80.6835 	42.8109 	-1.45852 	0
0.055993 	-80.6834 	42.8117 	-1.44077 	0
0.0565643 	-80.6833 	42.8125 	-1.42302 	0
0.0571357 	-80.6938 	42.8137 	-1.40673 	0
0.057707 	-80.7084 	42.815 	-1.39099 	0
0.0582784 	-80.723 	42.8163 	-1.37525 	0
0.0588497 	-80.7368 	42.8176 	-1.3595 	0
0.0594211 	-80.7306 	42.8185 	-1.34366 	0
0.0599925 	-80.7244 	42.8193 	-1.32782 	0
0.0605638 	-80.7182 	42.8201 	-1.31199 	0
0.0611352 	-80.7119 	42.821 	-1.29615 	0
0.0617065 	-80.7057 	42.8218 	-1.28031 	0
0.0622779 	-80.6995 	42.8226 	-1.26447 	0
0.0628492 	-80.6933 	42.8235 	-1.24863 	0
0.0634206 	-80.6922 	42.8245 	-1.2333 	0
0.063992 	-80.6994 	42.8259 	-1.21879 	0
0.0645633 	-80.7066 	42.8273 	-1.20427 	0
0.0651347 	-80.7138 	42.8287 	-1.18975 	0
0.065706 	-80.7092 	42.8298 	-1.17519 	0
0.0662774 	-80.6995 	42.8308 	-1.1606 	0
0.0668487 	-80.6898 	42.8318 	-1.14602 	0
0.0674201 	-80.6801 	42.8328 	-1.13144 	0
0.0679915 	-80.6705 	42.8338 	-1.11686 	0
0.0685628 	-80.6608 	42.8348 	-1.10227 	0
0.0691342 	-80.6511 	42.8358 	-1.08769 	0
0.0697055 	-80.642 	42.8368 	-1.07314 	0
0.0702769 	-80.6448 	42.8384 	-1.05919 	0
0.0708482 	-80.6477 	42.8401 	-1.04524 	0
0.0714196 	-80.6506 	42.8417 	-1.0313 	0
0.071991 	-80.6418 	42.843 	-1.01731 	0
0.0725623 	-80.6305 	42.8443 	-1.00332 	0
0.0731337 	-80.6193 	42.8456 	-0.98933 	0
0.073705 	-80.6081 	42.8469 	-0.975339 	0
0.0742764 	-80.5968 	42.8482 	-0.961348 	0
0.0748477 	-80.5856 	42.8495 	-0.947356 	0
0.0754191 	-80.5762 	42.8509 	-0.933481 	0
0.0759905 	-80.5765 	42.8528 	-0.920237 	0
0.0765618 	-80.5768 	42.8547 	-0.906994 	0
0.0771332 	-80.5731 	42.8566 	-0.89374 	0
0.0777045 	-80.5617 	42.8582 	-0.880467 	0
0.0782759 	-80.5503 	42.8599 	-0.867193 	0
0.0788472 	-80.539 	42.8615 	-0.85392 	0
0.0794186 	-80.5276 	42.8632 	-0.840647 	0
0.0799899 	-80.5162 	42.8648 	-0.827374 	0
0.0805613 	-80.5103 	42.8668 	-0.814382 	0
0.0811327 	-80.5094 	42.8692 	-0.801641 	0
0.081704 	-80.5076 	42.8715 	-0.788899 	0
0.0822754 	-80.4968 	42.8737 	-0.776139 	0
0.0828467 	-80.486 	42.8758 	-0.763379 	0
0.0834181 	-80.4752 	42.8779 	-0.750618 	0
0.0839894 	-80.4644 	42.88 	-0.737858 	0
0.0845608 	-80.4537 	42.8822 	-0.725098 	0
0.0851322 	-80.452 	42.8851 	-0.712743 	0
0.0857035 	-80.4503 	42.888 	-0.700387 	0
0.0862749 	-80.4414 	42.8908 	-0.68802 	0
0.0868462 	-80.4313 	42.8935 	-0.675651 	0
0.0874176 	-80.4213 	42.8962 	-0.663282 	0
0.0879889 	-80.4113 	42.899 	-0.650913 	0
0.0885603 	-80.4048 	42.9021 	-0.638674 	0
0.0891317 	-80.4028 	42.9058 	-0.626601 	0
0.089703 	-80.3968 	42.9094 	-0.614523 	0
0.0902744 	-80.3877 	42.9129 	-0.602441 	0
0.0908457 	-80.3785 	42.9164 	-0.590359 	0
0.0914171 	-80.3694 	42.9199 	-0.578277 	0
0.0919884 	-80.3654 	42.9242 	-0.56636 	0
0.0925598 	-80.3628 	42.9288 	-0.554509 	0
0.0931312 	-80.3545 	42.9333 	-0.542653 	0
0.0937025 	-80.3463 	42.9378 	-0.530797 	0
0.0942739 	-80.3381 	42.9422 	-0.51894 	0
0.0948452 	-80.3343 	42.9477 	-0.50721 	0
0.0954166 	-80.3307 	42.9535 	-0.495527 	0
0.0959879 	-80.3233 	42.9593 	-0.483842 	0
0.0965593 	-80.3159 	42.965 	-0.472157 	0
0.0971307 	-80.3105 	42.9713 	-0.460523 	0
0.097702 	-80.308 	42.9787 	-0.448978 	0
0.0982734 	-80.3014 	42.986 	-0.437432 	0
0.0988447 	-80.2949 	42.9933 	-0.425885 	0
0.0994161 	-80.291 	43.0017 	-0.4144 	0
0.0999874 	-80.2872 	43.0109 	-0.402963 	0
0.100559 	-80.2813 	43.02 	-0.391524 	0
0.10113 	-80.2765 	43.0298 	-0.380109 	0
0.101702 	-80.2737 	43.0412 	-0.368763 	0
0.102273 	-80.2685 	43.0526 	-0.357417 	0
0.102844 	-80.2646 	43.065 	-0.346098 	0
0.103416 	-80.2614 	43.0789 	-0.334826 	0
0.103987 	-80.2567 	43.0929 	-0.323554 	0
0.104558 	-80.2544 	43.1093 	-0.31233 	0
0.10513 	-80.2502 	43.1261 	-0.301117 	0
0.105701 	-80.2479 	43.1449 	-0.28995 	0
0.106272 	-80.2442 	43.1648 	-0.278811 	0
0.106844 	-80.242 	43.1872 	-0.267676 	0
0.107415 	-80.2387 	43.2106 	-0.256545 	0
0.107986 	-80.2364 	43.2377 	-0.24551 	0
0.108558 	-80.2343 	43.2603 	-0.234569 	0
0.109129 	-80.231 	43.2232 	-0.222929 	0
0.109701 	-80.2252 	42.9405 	-0.207667 	0
0.110272 	-80.2204 	41.949 	-0.180692 	0
0.110843 	-80.2217 	40.1492 	-0.142938 	0
0.111415 	-80.2253 	37.927 	-0.105322 	0
0.111986 	-80.236 	35.4541 	-0.0717788 	0
0.112557 	-80.2543 	32.603 	-0.0429763 	0
0.113129 	-80.2802 	28.3882 	-0.018174 	0
0.1137 	-80.3016 	1.25888e-10 	-4.5786e-15 	0
