0 	-157.087 	0 	0 	0
0.000571357 	-157.26 	-6.53926 	-0.0469922 	0
0.00114271 	-157.568 	-6.0319 	-0.112719 	0
0.00171407 	-157.872 	-5.43924 	-0.181504 	0
0.00228543 	-158.153 	-4.79351 	-0.253622 	0
0.00285678 	-158.402 	-4.09474 	-0.327865 	0
0.00342814 	-158.622 	-3.33336 	-0.406113 	0
0.0039995 	-158.812 	-2.50499 	-0.487681 	0
0.00457085 	-158.972 	-1.60172 	-0.573602 	0
0.00514221 	-159.102 	-0.612987 	-0.665179 	0
0.00571357 	-159.197 	0.467834 	-0.762608 	0
0.00628492 	-159.241 	1.64851 	-0.865959 	0
0.00685628 	-159.195 	2.96459 	-0.97645 	0
0.00742764 	-159.066 	4.48548 	-1.09702 	0
0.00799899 	-158.891 	6.24105 	-1.22683 	0
0.00857035 	-158.676 	8.16221 	-1.36076 	0
0.00914171 	-158.429 	10.2399 	-1.49616 	0
0.00971307 	-158.168 	12.411 	-1.6311 	0
0.0102844 	-157.929 	14.6297 	-1.7641 	0
0.0108558 	-157.707 	16.8375 	-1.89464 	0
0.0114271 	-157.406 	19.0348 	-2.02108 	0
0.0119985 	-156.947 	21.309 	-2.14087 	0
0.0125698 	-156.471 	23.3033 	-2.23396 	0
0.0131412 	-155.705 	26.3864 	-2.35199 	0
0.0137126 	-154.994 	29.2895 	-2.44119 	0
0.0142839 	-154.235 	32.4831 	-2.5229 	0
0.0148553 	-153.436 	35.2282 	-2.58741 	0
0.0154266 	-152.597 	36.2603 	-2.59802 	0
0.015998 	-151.775 	36.7671 	-2.58957 	0
0.0165693 	-150.94 	37.3017 	-2.5839 	0
0.0171407 	-150.109 	37.7876 	-2.57529 	0
0.0177121 	-149.281 	38.2258 	-2.56407 	0
0.0182834 	-148.439 	38.6354 	-2.55186 	0
0.0188548 	-147.614 	39.0164 	-2.53817 	0
0.0194261 	-146.813 	39.37 	-2.52318 	0
0.0199975 	-145.974 	39.713 	-2.5084 	0
0.0205688 	-145.191 	40.024 	-2.49192 	0
0.0211402 	-144.372 	40.3317 	-2.47593 	0
0.0217116 	-143.605 	40.6126 	-2.45874 	0
0.0222829 	-142.791 	40.8941 	-2.44226 	0
0.0228543 	-142.054 	41.1494 	-2.42443 	0
0.0234256 	-141.264 	41.4032 	-2.40739 	0
0.023997 	-140.505 	41.6466 	-2.39 	0
0.0245683 	-139.778 	41.8752 	-2.37231 	0
0.0251397 	-139.01 	42.1038 	-2.35523 	0
0.0257111 	-138.285 	42.3191 	-2.33768 	0
0.0262824 	-137.586 	42.5223 	-2.31989 	0
0.0268538 	-136.846 	42.7257 	-2.30272 	0
0.0274251 	-136.123 	42.9209 	-2.28531 	0
0.0279965 	-135.466 	43.0858 	-2.26698 	0
0.0285678 	-134.772 	43.2514 	-2.24926 	0
0.0291392 	-134.064 	43.4173 	-2.23174 	0
0.0297106 	-133.392 	43.5531 	-2.21287 	0
0.0302819 	-132.769 	43.6456 	-2.19204 	0
0.0308533 	-132.113 	43.7395 	-2.17183 	0
0.0314246 	-131.444 	43.8338 	-2.15185 	0
0.031996 	-130.78 	43.9232 	-2.13167 	0
0.0325673 	-130.208 	43.9266 	-2.10802 	0
0.0331387 	-129.631 	43.9301 	-2.08446 	0
0.0337101 	-129.016 	43.9343 	-2.06161 	0
0.0342814 	-128.402 	43.9385 	-2.03875 	0
0.0348528 	-127.794 	43.9411 	-2.01588 	0
0.0354241 	-127.282 	43.9195 	-1.99286 	0
0.0359955 	-126.771 	43.8978 	-1.96983 	0
0.0365668 	-126.229 	43.8755 	-1.94736 	0
0.0371382 	-125.681 	43.8532 	-1.92499 	0
0.0377095 	-125.133 	43.8308 	-1.90262 	0
0.0382809 	-124.616 	43.8129 	-1.88075 	0
0.0388523 	-124.162 	43.8037 	-1.85985 	0
0.0394236 	-123.708 	43.7944 	-1.83894 	0
0.039995 	-123.229 	43.7845 	-1.81848 	0
0.0405663 	-122.744 	43.7745 	-1.79813 	0
0.0411377 	-122.259 	43.7644 	-1.77778 	0
0.041709 	-121.773 	43.7543 	-1.75743 	0
0.0422804 	-121.356 	43.7451 	-1.73791 	0
0.0428518 	-120.96 	43.7362 	-1.71863 	0
0.0434231 	-120.563 	43.7272 	-1.69935 	0
0.0439945 	-120.143 	43.7177 	-1.68048 	0
0.0445658 	-119.72 	43.7081 	-1.66169 	0
0.0451372 	-119.297 	43.6986 	-1.64289 	0
0.0457085 	-118.873 	43.689 	-1.6241 	0
0.0462799 	-118.47 	43.6799 	-1.60557 	0
0.0468513 	-118.129 	43.6725 	-1.58787 	0
0.0474226 	-117.787 	43.6651 	-1.57016 	0
0.047994 	-117.446 	43.6577 	-1.55246 	0
0.0485653 	-117.085 	43.6499 	-1.53512 	0
0.0491367 	-116.721 	43.642 	-1.51783 	0
0.049708 	-116.358 	43.634 	-1.50053 	0
0.0502794 	-115.994 	43.6261 	-1.48324 	0
0.0508508 	-115.631 	43.6182 	-1.46594 	0
0.0514221 	-115.314 	43.6115 	-1.44934 	0
0.0519935 	-115.026 	43.6055 	-1.43316 	0
0.0525648 	-114.738 	43.5995 	-1.41697 	0
0.0531362 	-114.45 	43.5936 	-1.40079 	0
0.0537075 	-114.147 	43.5873 	-1.38488 	0
0.0542789 	-113.841 	43.5809 	-1.36904 	0
0.0548503 	-113.535 	43.5745 	-1.3532 	0
0.0554216 	-113.229 	43.5681 	-1.33736 	0
0.055993 	-112.922 	43.5617 	-1.32151 	0
0.0565643 	-112.616 	43.5553 	-1.30567 	0
0.0571357 	-112.363 	43.5503 	-1.29085 	0
0.057707 	-112.131 	43.5458 	-1.2764 	0
0.0582784 	-111.899 	43.5413 	-1.26196 	0
0.0588497 	-111.667 	43.5368 	-1.24751 	0
0.0594211 	-111.43 	43.5323 	-1.23316 	0
0.0599925 	-111.183 	43.5274 	-1.21899 	0
0.0605638 	-110.937 	43.5226 	-1.20482 	0
0.0611352 	-110.69 	43.5178 	-1.19065 	0
0.0617065 	-110.444 	43.513 	-1.17648 	0
0.0622779 	-110.197 	43.5082 	-1.16231 	0
0.0628492 	-109.95 	43.5034 	-1.14814 	0
0.0634206 	-109.726 	43.4992 	-1.1343 	0
0.063992 	-109.535 	43.4959 	-1.12098 	0
0.0645633 	-109.345 	43.4926 	-1.10766 	0
0.0651347 	-109.155 	43.4894 	-1.09435 	0
0.065706 	-108.964 	43.4861 	-1.08103 	0
0.0662774 	-108.763 	43.4826 	-1.06794 	0
0.0668487 	-108.561 	43.4791 	-1.05485 	0
0.0674201 	-108.359 	43.4755 	-1.04176 	0
0.0679915 	-108.157 	43.472 	-1.02868 	0
0.0685628 	-107.956 	43.4685 	-1.01559 	0
0.0691342 	-107.754 	43.465 	-1.0025 	0
0.0697055 	-107.554 	43.4615 	-0.989427 	0
0.0702769 	-107.393 	43.4593 	-0.976631 	0
0.0708482 	-107.233 	43.457 	-0.963835 	0
0.0714196 	-107.072 	43.4548 	-0.951039 	0
0.071991 	-106.909 	43.4525 	-0.938284 	0
0.0725623 	-106.739 	43.45 	-0.925691 	0
0.0731337 	-106.569 	43.4476 	-0.913098 	0
0.073705 	-106.399 	43.4451 	-0.900505 	0
0.0742764 	-106.229 	43.4426 	-0.887913 	0
0.0748477 	-106.058 	43.4402 	-0.87532 	0
0.0754191 	-105.894 	43.4379 	-0.862794 	0
0.0759905 	-105.759 	43.4366 	-0.850633 	0
0.0765618 	-105.625 	43.4354 	-0.838472 	0
0.0771332 	-105.491 	43.4341 	-0.826311 	0
0.0777045 	-105.35 	43.4327 	-0.814295 	0
0.0782759 	-105.208 	43.4313 	-0.802314 	0
0.0788472 	-105.066 	43.4298 	-0.790333 	0
0.0794186 	-104.924 	43.4284 	-0.778353 	0
0.0799899 	-104.782 	43.4269 	-0.766372 	0
0.0805613 	-104.655 	43.4261 	-0.754534 	0
0.0811327 	-104.541 	43.4257 	-0.742824 	0
0.081704 	-104.428 	43.4254 	-0.731114 	0
0.0822754 	-104.311 	43.425 	-0.719503 	0
0.0828467 	-104.191 	43.4245 	-0.707956 	0
0.0834181 	-104.071 	43.424 	-0.69641 	0
0.0839894 	-103.951 	43.4236 	-0.684864 	0
0.0845608 	-103.831 	43.4231 	-0.673319 	0
0.0851322 	-103.734 	43.4237 	-0.66195 	0
0.0857035 	-103.637 	43.4243 	-0.650582 	0
0.0862749 	-103.537 	43.4249 	-0.639283 	0
0.0868462 	-103.435 	43.4254 	-0.628066 	0
0.0874176 	-103.332 	43.4259 	-0.61685 	0
0.0879889 	-103.23 	43.4264 	-0.605634 	0
0.0885603 	-103.136 	43.4274 	-0.594461 	0
0.0891317 	-103.052 	43.4291 	-0.583343 	0
0.089703 	-102.968 	43.4308 	-0.572256 	0
0.0902744 	-102.88 	43.4323 	-0.561282 	0
0.0908457 	-102.792 	43.4339 	-0.550308 	0
0.0914171 	-102.704 	43.4355 	-0.539333 	0
0.0919884 	-102.627 	43.438 	-0.528396 	0
0.0925598 	-102.555 	43.4408 	-0.517473 	0
0.0931312 	-102.48 	43.4436 	-0.506656 	0
0.0937025 	-102.404 	43.4464 	-0.495871 	0
0.0942739 	-102.327 	43.4492 	-0.485085 	0
0.0948452 	-102.261 	43.4531 	-0.474308 	0
0.0954166 	-102.198 	43.4574 	-0.463538 	0
0.0959879 	-102.132 	43.4615 	-0.452897 	0
0.0965593 	-102.065 	43.4657 	-0.442256 	0
0.0971307 	-102.003 	43.4706 	-0.431609 	0
0.097702 	-101.948 	43.4766 	-0.420954 	0
0.0982734 	-101.891 	43.4824 	-0.410412 	0
0.0988447 	-101.833 	43.4883 	-0.399884 	0
0.0994161 	-101.781 	43.4954 	-0.389339 	0
0.0999874 	-101.732 	43.5033 	-0.378815 	0
0.100559 	-101.681 	43.5111 	-0.368381 	0
0.10113 	-101.632 	43.5196 	-0.357935 	0
0.101702 	-101.59 	43.5298 	-0.347469 	0
0.102273 	-101.545 	43.54 	-0.33711 	0
0.102844 	-101.503 	43.5511 	-0.326729 	0
0.103416 	-101.464 	43.5639 	-0.316356 	0
0.103987 	-101.425 	43.5767 	-0.306058 	0
0.104558 	-101.391 	43.592 	-0.295712 	0
0.10513 	-101.356 	43.6076 	-0.285474 	0
0.105701 	-101.324 	43.6253 	-0.27518 	0
0.106272 	-101.293 	43.6441 	-0.264957 	0
0.106844 	-101.265 	43.6653 	-0.25472 	0
0.107415 	-101.238 	43.6875 	-0.244576 	0
0.107986 	-101.214 	43.713 	-0.234389 	0
0.108558 	-101.19 	43.7408 	-0.224204 	0
0.109129 	-101.169 	43.7635 	-0.21415 	0
0.109701 	-101.148 	43.7155 	-0.203439 	0
0.110272 	-101.126 	43.2573 	-0.186339 	0
0.110843 	-101.11 	41.8342 	-0.154004 	0
0.111415 	-101.104 	39.5859 	-0.114074 	0
0.111986 	-101.104 	36.9026 	-0.0773511 	0
0.112557 	-101.116 	33.8374 	-0.0460822 	0
0.113129 	-101.139 	29.4333 	-0.019609 	0
0.1137 	-101.161 	1.2702e-10 	-4.9163e-15 	0
