0 	7.21829 	0 	0 	0
0.000571357 	7.1841 	15.1824 	-0.0162746 	0
0.00114271 	7.09894 	16.5433 	-0.0434941 	0
0.00171407 	7.00372 	17.3265 	-0.0727309 	0
0.00228543 	6.91188 	17.9555 	-0.102421 	0
0.00285678 	6.82747 	18.53 	-0.132047 	0
0.00342814 	6.75172 	19.0869 	-0.161281 	0
0.0039995 	6.68424 	19.6454 	-0.189801 	0
0.00457085 	6.62369 	20.217 	-0.217487 	0
0.00514221 	6.5692 	20.8079 	-0.24393 	0
0.00571357 	6.51875 	21.4244 	-0.269148 	0
0.00628492 	6.47116 	22.0689 	-0.292877 	0
0.00685628 	6.4252 	22.7435 	-0.314952 	0
0.00742764 	6.37943 	23.451 	-0.335329 	0
0.00799899 	6.33351 	24.1915 	-0.353491 	0
0.00857035 	6.28587 	24.9624 	-0.369719 	0
0.00914171 	6.23724 	25.7698 	-0.383584 	0
0.00971307 	6.19536 	26.6157 	-0.394974 	0
0.0102844 	6.15828 	27.527 	-0.402998 	0
0.0108558 	6.10967 	28.5131 	-0.407549 	0
0.0114271 	6.04488 	29.5351 	-0.40933 	0
0.0119985 	5.96772 	30.5531 	-0.409241 	0
0.0125698 	5.90167 	31.374 	-0.408087 	0
0.0131412 	5.81279 	32.5181 	-0.40367 	0
0.0137126 	5.73587 	33.5438 	-0.396167 	0
0.0142839 	5.65466 	34.645 	-0.384487 	0
0.0148553 	5.56728 	35.8308 	-0.367495 	0
0.0154266 	5.45806 	36.6989 	-0.357536 	0
0.015998 	5.33381 	37.0667 	-0.359635 	0
0.0165693 	5.20699 	37.3571 	-0.363027 	0
0.0171407 	5.07827 	37.6347 	-0.366321 	0
0.0177121 	4.948 	37.9033 	-0.3695 	0
0.0182834 	4.8165 	38.1642 	-0.372575 	0
0.0188548 	4.68015 	38.4155 	-0.37555 	0
0.0194261 	4.54522 	38.6569 	-0.378335 	0
0.0199975 	4.40718 	38.8941 	-0.38109 	0
0.0205688 	4.2682 	39.1177 	-0.383626 	0
0.0211402 	4.12883 	39.3388 	-0.386132 	0
0.0217116 	3.9858 	39.5442 	-0.388429 	0
0.0222829 	3.84107 	39.7497 	-0.390743 	0
0.0228543 	3.69881 	39.9296 	-0.392667 	0
0.0234256 	3.55115 	40.1084 	-0.394613 	0
0.023997 	3.40843 	40.2703 	-0.396326 	0
0.0245683 	3.25807 	40.4101 	-0.397797 	0
0.0251397 	3.10772 	40.55 	-0.399267 	0
0.0257111 	2.96339 	40.6611 	-0.400359 	0
0.0262824 	2.81123 	40.7478 	-0.401133 	0
0.0268538 	2.65906 	40.8345 	-0.401907 	0
0.0274251 	2.51131 	40.9084 	-0.402538 	0
0.0279965 	2.36234 	40.9359 	-0.402586 	0
0.0285678 	2.20989 	40.9638 	-0.402626 	0
0.0291392 	2.05744 	40.9916 	-0.402666 	0
0.0297106 	1.91428 	41.0021 	-0.402511 	0
0.0302819 	1.76393 	40.9888 	-0.401932 	0
0.0308533 	1.61323 	40.9755 	-0.401352 	0
0.0314246 	1.46253 	40.9622 	-0.400771 	0
0.031996 	1.31311 	40.9488 	-0.40019 	0
0.0325673 	1.1746 	40.9333 	-0.399513 	0
0.0331387 	1.02732 	40.9178 	-0.398759 	0
0.0337101 	0.880046 	40.9024 	-0.398005 	0
0.0342814 	0.73277 	40.887 	-0.397251 	0
0.0348528 	0.586855 	40.8728 	-0.396515 	0
0.0354241 	0.452286 	40.8779 	-0.395969 	0
0.0359955 	0.308005 	40.8831 	-0.39534 	0
0.0365668 	0.163724 	40.8883 	-0.394711 	0
0.0371382 	0.0194434 	40.8935 	-0.394082 	0
0.0377095 	-0.124837 	40.8987 	-0.393454 	0
0.0382809 	-0.261777 	40.9042 	-0.392788 	0
0.0388523 	-0.397052 	40.9106 	-0.391914 	0
0.0394236 	-0.538063 	40.9172 	-0.390979 	0
0.039995 	-0.679075 	40.9238 	-0.390044 	0
0.0405663 	-0.820086 	40.9304 	-0.389109 	0
0.0411377 	-0.961097 	40.937 	-0.388174 	0
0.041709 	-1.10211 	40.9435 	-0.387239 	0
0.0422804 	-1.22607 	40.9459 	-0.38627 	0
0.0428518 	-1.36179 	40.9473 	-0.385067 	0
0.0434231 	-1.49751 	40.9488 	-0.383864 	0
0.0439945 	-1.63322 	40.9503 	-0.382661 	0
0.0445658 	-1.76894 	40.9518 	-0.381458 	0
0.0451372 	-1.90466 	40.9533 	-0.380255 	0
0.0457085 	-2.04038 	40.9547 	-0.379052 	0
0.0462799 	-2.17053 	40.9566 	-0.377864 	0
0.0468513 	-2.29018 	40.9599 	-0.376616 	0
0.0474226 	-2.41965 	40.9634 	-0.375216 	0
0.047994 	-2.54911 	40.967 	-0.373815 	0
0.0485653 	-2.67857 	40.9705 	-0.372415 	0
0.0491367 	-2.80803 	40.974 	-0.371014 	0
0.049708 	-2.93749 	40.9775 	-0.369614 	0
0.0502794 	-3.06696 	40.9811 	-0.368213 	0
0.0508508 	-3.19642 	40.9846 	-0.366813 	0
0.0514221 	-3.31169 	40.9877 	-0.365401 	0
0.0519935 	-3.42789 	40.9909 	-0.363798 	0
0.0525648 	-3.54936 	40.9941 	-0.362094 	0
0.0531362 	-3.67082 	40.9974 	-0.360389 	0
0.0537075 	-3.79228 	41.0007 	-0.358685 	0
0.0542789 	-3.91374 	41.004 	-0.356981 	0
0.0548503 	-4.03521 	41.0072 	-0.355276 	0
0.0554216 	-4.15667 	41.0105 	-0.353572 	0
0.055993 	-4.27813 	41.0138 	-0.351868 	0
0.0565643 	-4.39959 	41.017 	-0.350164 	0
0.0571357 	-4.50209 	41.0201 	-0.348546 	0
0.057707 	-4.60541 	41.0233 	-0.346776 	0
0.0582784 	-4.71372 	41.0265 	-0.344888 	0
0.0588497 	-4.82202 	41.0298 	-0.343001 	0
0.0594211 	-4.93033 	41.0331 	-0.341113 	0
0.0599925 	-5.03864 	41.0364 	-0.339226 	0
0.0605638 	-5.14695 	41.0396 	-0.337339 	0
0.0611352 	-5.25526 	41.0429 	-0.335451 	0
0.0617065 	-5.36357 	41.0462 	-0.333564 	0
0.0622779 	-5.47188 	41.0495 	-0.331676 	0
0.0628492 	-5.58018 	41.0527 	-0.329789 	0
0.0634206 	-5.67999 	41.0559 	-0.327928 	0
0.063992 	-5.76939 	41.0591 	-0.326022 	0
0.0645633 	-5.86702 	41.0624 	-0.323881 	0
0.0651347 	-5.96465 	41.0658 	-0.32174 	0
0.065706 	-6.06227 	41.0691 	-0.319598 	0
0.0662774 	-6.1599 	41.0725 	-0.317457 	0
0.0668487 	-6.25753 	41.0758 	-0.315316 	0
0.0674201 	-6.35516 	41.0791 	-0.313175 	0
0.0679915 	-6.45279 	41.0825 	-0.311034 	0
0.0685628 	-6.55042 	41.0858 	-0.308893 	0
0.0691342 	-6.64805 	41.0892 	-0.306752 	0
0.0697055 	-6.74483 	41.0925 	-0.304615 	0
0.0702769 	-6.82482 	41.0959 	-0.302538 	0
0.0708482 	-6.91417 	41.0994 	-0.300138 	0
0.0714196 	-7.00353 	41.103 	-0.297738 	0
0.071991 	-7.09289 	41.1065 	-0.295338 	0
0.0725623 	-7.18224 	41.1101 	-0.292937 	0
0.0731337 	-7.2716 	41.1136 	-0.290537 	0
0.073705 	-7.36095 	41.1172 	-0.288137 	0
0.0742764 	-7.45031 	41.1207 	-0.285737 	0
0.0748477 	-7.53967 	41.1243 	-0.283337 	0
0.0754191 	-7.62609 	41.1279 	-0.280969 	0
0.0759905 	-7.69926 	41.1315 	-0.278667 	0
0.0765618 	-7.77851 	41.1352 	-0.276116 	0
0.0771332 	-7.85777 	41.139 	-0.273565 	0
0.0777045 	-7.93703 	41.1428 	-0.271014 	0
0.0782759 	-8.01628 	41.1465 	-0.268463 	0
0.0788472 	-8.09554 	41.1503 	-0.265912 	0
0.0794186 	-8.17479 	41.154 	-0.263361 	0
0.0799899 	-8.25405 	41.1578 	-0.26081 	0
0.0805613 	-8.32448 	41.1616 	-0.258391 	0
0.0811327 	-8.39307 	41.1657 	-0.255798 	0
0.081704 	-8.46329 	41.1698 	-0.253127 	0
0.0822754 	-8.5335 	41.1738 	-0.250456 	0
0.0828467 	-8.60371 	41.1779 	-0.247785 	0
0.0834181 	-8.67393 	41.182 	-0.245114 	0
0.0839894 	-8.74414 	41.1861 	-0.242443 	0
0.0845608 	-8.81432 	41.1902 	-0.239773 	0
0.0851322 	-8.8722 	41.1946 	-0.237261 	0
0.0857035 	-8.9344 	41.1992 	-0.234509 	0
0.0862749 	-8.99659 	41.2038 	-0.231758 	0
0.0868462 	-9.05879 	41.2083 	-0.229006 	0
0.0874176 	-9.12099 	41.2129 	-0.226254 	0
0.0879889 	-9.18318 	41.2175 	-0.223502 	0
0.0885603 	-9.23969 	41.2223 	-0.220886 	0
0.0891317 	-9.29411 	41.2275 	-0.218112 	0
0.089703 	-9.34924 	41.2328 	-0.215291 	0
0.0902744 	-9.40438 	41.238 	-0.21247 	0
0.0908457 	-9.45951 	41.2433 	-0.209649 	0
0.0914171 	-9.51465 	41.2485 	-0.206828 	0
0.0919884 	-9.56281 	41.2544 	-0.204163 	0
0.0925598 	-9.61173 	41.2606 	-0.201299 	0
0.0931312 	-9.66065 	41.2668 	-0.198435 	0
0.0937025 	-9.70957 	41.273 	-0.195571 	0
0.0942739 	-9.75849 	41.2792 	-0.192706 	0
0.0948452 	-9.80154 	41.2863 	-0.189979 	0
0.0954166 	-9.84502 	41.2937 	-0.187078 	0
0.0959879 	-9.8885 	41.3012 	-0.184176 	0
0.0965593 	-9.93198 	41.3086 	-0.181275 	0
0.0971307 	-9.97225 	41.3167 	-0.178505 	0
0.097702 	-10.0109 	41.3257 	-0.175586 	0
0.0982734 	-10.0496 	41.3348 	-0.172663 	0
0.0988447 	-10.0884 	41.3438 	-0.16974 	0
0.0994161 	-10.1235 	41.354 	-0.166933 	0
0.0999874 	-10.1581 	41.365 	-0.163994 	0
0.100559 	-10.1927 	41.3761 	-0.161055 	0
0.10113 	-10.2255 	41.3877 	-0.158211 	0
0.101702 	-10.2563 	41.4011 	-0.155274 	0
0.102273 	-10.2872 	41.4145 	-0.152325 	0
0.102844 	-10.3163 	41.4289 	-0.149468 	0
0.103416 	-10.344 	41.4451 	-0.146512 	0
0.103987 	-10.3717 	41.4612 	-0.143555 	0
0.104558 	-10.3966 	41.4802 	-0.140702 	0
0.10513 	-10.4216 	41.4998 	-0.13777 	0
0.105701 	-10.4446 	41.5177 	-0.134976 	0
0.106272 	-10.4671 	41.5358 	-0.132135 	0
0.106844 	-10.4866 	41.4715 	-0.128388 	0
0.107415 	-10.5053 	41.36 	-0.123998 	0
0.107986 	-10.5221 	40.8407 	-0.113606 	0
0.108558 	-10.5397 	40.0148 	-0.0991079 	0
0.109129 	-10.5574 	38.8931 	-0.0815018 	0
0.109701 	-10.5741 	37.5648 	-0.0637764 	0
0.110272 	-10.5893 	36.1302 	-0.0480839 	0
0.110843 	-10.6045 	34.6365 	-0.0345763 	0
0.111415 	-10.6189 	33.0826 	-0.0235248 	0
0.111986 	-10.6317 	31.354 	-0.0149538 	0
0.112557 	-10.6423 	29.1678 	-0.00828177 	0
0.113129 	-10.65 	25.6364 	-0.00328909 	0
0.1137 	-10.6535 	1.0141e-10 	-8.03735e-16 	0
