0 	-111.543 	0 	0 	0
0.000571357 	-111.881 	-4.53914 	-0.0934867 	0
0.00114271 	-112.431 	-3.94818 	-0.207147 	0
0.00171407 	-112.944 	-3.30929 	-0.322789 	0
0.00228543 	-113.384 	-2.6225 	-0.439976 	0
0.00285678 	-113.748 	-1.87862 	-0.557952 	0
0.00342814 	-114.043 	-1.06565 	-0.677402 	0
0.0039995 	-114.281 	-0.176435 	-0.798073 	0
0.00457085 	-114.471 	0.796847 	-0.920079 	0
0.00514221 	-114.62 	1.86359 	-1.04418 	0
0.00571357 	-114.734 	3.02851 	-1.17009 	0
0.00628492 	-114.761 	4.30526 	-1.29764 	0
0.00685628 	-114.675 	5.74737 	-1.42762 	0
0.00742764 	-114.582 	7.38258 	-1.55984 	0
0.00799899 	-114.513 	9.18813 	-1.69218 	0
0.00857035 	-114.44 	11.1135 	-1.8234 	0
0.00914171 	-114.365 	13.1528 	-1.95203 	0
0.00971307 	-114.297 	15.2648 	-2.07797 	0
0.0102844 	-114.265 	17.4112 	-2.20015 	0
0.0108558 	-114.257 	19.5414 	-2.3185 	0
0.0114271 	-114.222 	21.6412 	-2.43207 	0
0.0119985 	-114.111 	23.7719 	-2.54012 	0
0.0125698 	-113.963 	25.6177 	-2.62547 	0
0.0131412 	-113.71 	28.478 	-2.73803 	0
0.0137126 	-113.496 	31.2047 	-2.82533 	0
0.0142839 	-113.319 	34.0948 	-2.90075 	0
0.0148553 	-113.115 	35.5292 	-2.91672 	0
0.0154266 	-112.901 	36.0244 	-2.90384 	0
0.015998 	-112.679 	36.5919 	-2.89836 	0
0.0165693 	-112.446 	37.064 	-2.88591 	0
0.0171407 	-112.211 	37.4909 	-2.87089 	0
0.0177121 	-111.975 	37.896 	-2.85501 	0
0.0182834 	-111.72 	38.2823 	-2.83815 	0
0.0188548 	-111.464 	38.6425 	-2.82017 	0
0.0194261 	-111.226 	38.9802 	-2.80136 	0
0.0199975 	-110.95 	39.3088 	-2.7822 	0
0.0205688 	-110.707 	39.6114 	-2.76228 	0
0.0211402 	-110.433 	39.9108 	-2.74229 	0
0.0217116 	-110.186 	40.1873 	-2.72188 	0
0.0222829 	-109.899 	40.464 	-2.70145 	0
0.0228543 	-109.666 	40.7177 	-2.68078 	0
0.0234256 	-109.376 	40.97 	-2.66005 	0
0.023997 	-109.117 	41.2127 	-2.63938 	0
0.0245683 	-108.857 	41.4415 	-2.61877 	0
0.0251397 	-108.567 	41.6704 	-2.59815 	0
0.0257111 	-108.314 	41.8849 	-2.57747 	0
0.0262824 	-108.053 	42.0865 	-2.55675 	0
0.0268538 	-107.762 	42.2883 	-2.53606 	0
0.0274251 	-107.486 	42.4804 	-2.51517 	0
0.0279965 	-107.257 	42.6362 	-2.49361 	0
0.0285678 	-106.969 	42.7935 	-2.47218 	0
0.0291392 	-106.682 	42.9507 	-2.45075 	0
0.0297106 	-106.422 	43.0756 	-2.42804 	0
0.0302819 	-106.192 	43.1544 	-2.40353 	0
0.0308533 	-105.911 	43.235 	-2.37923 	0
0.0314246 	-105.629 	43.3156 	-2.35492 	0
0.031996 	-105.351 	43.3917 	-2.33047 	0
0.0325673 	-105.141 	43.3907 	-2.30344 	0
0.0331387 	-104.895 	43.3901 	-2.27654 	0
0.0337101 	-104.628 	43.3896 	-2.24972 	0
0.0342814 	-104.361 	43.3891 	-2.22289 	0
0.0348528 	-104.099 	43.3878 	-2.19614 	0
0.0354241 	-103.903 	43.3729 	-2.17047 	0
0.0359955 	-103.685 	43.3574 	-2.14487 	0
0.0365668 	-103.44 	43.3414 	-2.11933 	0
0.0371382 	-103.194 	43.3253 	-2.0938 	0
0.0377095 	-102.949 	43.3093 	-2.06826 	0
0.0382809 	-102.725 	43.2979 	-2.04351 	0
0.0388523 	-102.542 	43.2959 	-2.02032 	0
0.0394236 	-102.339 	43.2933 	-1.99719 	0
0.039995 	-102.114 	43.2902 	-1.97413 	0
0.0405663 	-101.889 	43.287 	-1.95106 	0
0.0411377 	-101.663 	43.2838 	-1.928 	0
0.041709 	-101.438 	43.2807 	-1.90493 	0
0.0422804 	-101.258 	43.2771 	-1.88317 	0
0.0428518 	-101.092 	43.2735 	-1.86179 	0
0.0434231 	-100.902 	43.2693 	-1.8405 	0
0.0439945 	-100.699 	43.2649 	-1.81926 	0
0.0445658 	-100.496 	43.2604 	-1.79802 	0
0.0451372 	-100.294 	43.2559 	-1.77678 	0
0.0457085 	-100.091 	43.2515 	-1.75554 	0
0.0462799 	-99.901 	43.2474 	-1.73471 	0
0.0468513 	-99.7517 	43.2445 	-1.71517 	0
0.0474226 	-99.6024 	43.2416 	-1.69563 	0
0.047994 	-99.4284 	43.2382 	-1.6762 	0
0.0485653 	-99.2485 	43.2346 	-1.65679 	0
0.0491367 	-99.0686 	43.231 	-1.63737 	0
0.049708 	-98.8887 	43.2274 	-1.61796 	0
0.0502794 	-98.7088 	43.2239 	-1.59855 	0
0.0508508 	-98.5289 	43.2203 	-1.57914 	0
0.0514221 	-98.3792 	43.2175 	-1.56074 	0
0.0519935 	-98.2481 	43.2152 	-1.54296 	0
0.0525648 	-98.117 	43.213 	-1.52517 	0
0.0531362 	-97.9652 	43.2102 	-1.50749 	0
0.0537075 	-97.809 	43.2073 	-1.48984 	0
0.0542789 	-97.6529 	43.2045 	-1.47218 	0
0.0548503 	-97.4967 	43.2016 	-1.45452 	0
0.0554216 	-97.3405 	43.1988 	-1.43686 	0
0.055993 	-97.1843 	43.1959 	-1.41921 	0
0.0565643 	-97.0281 	43.1931 	-1.40155 	0
0.0571357 	-96.9058 	43.1911 	-1.38525 	0
0.057707 	-96.7963 	43.1896 	-1.36947 	0
0.0582784 	-96.6867 	43.188 	-1.35369 	0
0.0588497 	-96.5669 	43.1861 	-1.33796 	0
0.0594211 	-96.4377 	43.1841 	-1.32229 	0
0.0599925 	-96.3085 	43.182 	-1.30662 	0
0.0605638 	-96.1794 	43.18 	-1.29095 	0
0.0611352 	-96.0502 	43.178 	-1.27528 	0
0.0617065 	-95.921 	43.1759 	-1.2596 	0
0.0622779 	-95.7918 	43.1739 	-1.24393 	0
0.0628492 	-95.6626 	43.1718 	-1.22826 	0
0.0634206 	-95.5476 	43.1702 	-1.21305 	0
0.063992 	-95.455 	43.1692 	-1.19858 	0
0.0645633 	-95.3624 	43.1683 	-1.18411 	0
0.0651347 	-95.2669 	43.1673 	-1.16966 	0
0.065706 	-95.1587 	43.166 	-1.15529 	0
0.0662774 	-95.0504 	43.1646 	-1.14092 	0
0.0668487 	-94.9422 	43.1633 	-1.12656 	0
0.0674201 	-94.834 	43.162 	-1.11219 	0
0.0679915 	-94.7257 	43.1607 	-1.09782 	0
0.0685628 	-94.6175 	43.1594 	-1.08345 	0
0.0691342 	-94.5092 	43.158 	-1.06908 	0
0.0697055 	-94.4023 	43.1568 	-1.05474 	0
0.0702769 	-94.3223 	43.1564 	-1.0409 	0
0.0708482 	-94.2423 	43.1561 	-1.02706 	0
0.0714196 	-94.159 	43.1557 	-1.01324 	0
0.071991 	-94.0661 	43.1551 	-0.9995 	0
0.0725623 	-93.9731 	43.1544 	-0.985757 	0
0.0731337 	-93.8802 	43.1538 	-0.972015 	0
0.073705 	-93.7873 	43.1532 	-0.958272 	0
0.0742764 	-93.6943 	43.1525 	-0.94453 	0
0.0748477 	-93.6014 	43.1519 	-0.930787 	0
0.0754191 	-93.5123 	43.1514 	-0.917143 	0
0.0759905 	-93.4443 	43.1517 	-0.90404 	0
0.0765618 	-93.3762 	43.152 	-0.890936 	0
0.0771332 	-93.3006 	43.1522 	-0.877898 	0
0.0777045 	-93.2219 	43.1522 	-0.864887 	0
0.0782759 	-93.1432 	43.1523 	-0.851875 	0
0.0788472 	-93.0646 	43.1523 	-0.838863 	0
0.0794186 	-92.9859 	43.1524 	-0.825851 	0
0.0799899 	-92.9072 	43.1525 	-0.812839 	0
0.0805613 	-92.8394 	43.153 	-0.800055 	0
0.0811327 	-92.7812 	43.154 	-0.787475 	0
0.081704 	-92.7194 	43.1549 	-0.77493 	0
0.0822754 	-92.6523 	43.1557 	-0.762436 	0
0.0828467 	-92.5852 	43.1565 	-0.749943 	0
0.0834181 	-92.5182 	43.1573 	-0.73745 	0
0.0839894 	-92.4511 	43.1581 	-0.724956 	0
0.0845608 	-92.3841 	43.1588 	-0.712464 	0
0.0851322 	-92.3339 	43.1606 	-0.70028 	0
0.0857035 	-92.2825 	43.1623 	-0.688109 	0
0.0862749 	-92.2248 	43.1639 	-0.676008 	0
0.0868462 	-92.1671 	43.1655 	-0.663907 	0
0.0874176 	-92.1094 	43.1671 	-0.651807 	0
0.0879889 	-92.0517 	43.1687 	-0.639706 	0
0.0885603 	-92.0003 	43.1707 	-0.627696 	0
0.0891317 	-91.9568 	43.1734 	-0.615803 	0
0.089703 	-91.9081 	43.1759 	-0.603975 	0
0.0902744 	-91.8582 	43.1784 	-0.592162 	0
0.0908457 	-91.8084 	43.1809 	-0.580349 	0
0.0914171 	-91.7585 	43.1834 	-0.568536 	0
0.0919884 	-91.7172 	43.1868 	-0.556827 	0
0.0925598 	-91.6777 	43.1905 	-0.545183 	0
0.0931312 	-91.6343 	43.1941 	-0.533594 	0
0.0937025 	-91.5909 	43.1977 	-0.522005 	0
0.0942739 	-91.5476 	43.2013 	-0.510415 	0
0.0948452 	-91.5116 	43.206 	-0.498894 	0
0.0954166 	-91.4762 	43.211 	-0.487437 	0
0.0959879 	-91.4384 	43.2159 	-0.476018 	0
0.0965593 	-91.4005 	43.2208 	-0.464599 	0
0.0971307 	-91.3659 	43.2264 	-0.453203 	0
0.097702 	-91.3357 	43.233 	-0.441867 	0
0.0982734 	-91.3025 	43.2396 	-0.430584 	0
0.0988447 	-91.2694 	43.2461 	-0.419301 	0
0.0994161 	-91.2405 	43.2539 	-0.408038 	0
0.0999874 	-91.2127 	43.2624 	-0.396835 	0
0.100559 	-91.1835 	43.2709 	-0.38566 	0
0.10113 	-91.156 	43.2799 	-0.374489 	0
0.101702 	-91.132 	43.2908 	-0.363364 	0
0.102273 	-91.1063 	43.3015 	-0.352279 	0
0.102844 	-91.0826 	43.3132 	-0.341194 	0
0.103416 	-91.0608 	43.3266 	-0.330153 	0
0.103987 	-91.0379 	43.3399 	-0.319137 	0
0.104558 	-91.0188 	43.3558 	-0.308134 	0
0.10513 	-90.9985 	43.372 	-0.297188 	0
0.105701 	-90.9809 	43.3902 	-0.286236 	0
0.106272 	-90.9628 	43.4095 	-0.275337 	0
0.106844 	-90.9469 	43.4312 	-0.264423 	0
0.107415 	-90.9308 	43.454 	-0.253554 	0
0.107986 	-90.9171 	43.4803 	-0.242781 	0
0.108558 	-90.9039 	43.5077 	-0.231962 	0
0.109129 	-90.8908 	43.5115 	-0.221019 	0
0.109701 	-90.8772 	43.37 	-0.208427 	0
0.110272 	-90.8625 	42.6467 	-0.186276 	0
0.110843 	-90.8524 	40.9958 	-0.149896 	0
0.111415 	-90.8488 	38.7411 	-0.11077 	0
0.111986 	-90.8546 	36.1617 	-0.0753682 	0
0.112557 	-90.8696 	33.2094 	-0.0450988 	0
0.113129 	-90.8944 	28.9018 	-0.0191728 	0
0.1137 	-90.9167 	1.23601e-10 	-4.71061e-15 	0
