0 	9.5235 	0 	0 	0
0.000571357 	9.46287 	13.8325 	-0.0257821 	0
0.00114271 	9.32748 	15.0292 	-0.0651498 	0
0.00171407 	9.18337 	15.7723 	-0.106358 	0
0.00228543 	9.04769 	16.3992 	-0.14789 	0
0.00285678 	8.92527 	16.991 	-0.189116 	0
0.00342814 	8.81686 	17.5792 	-0.229628 	0
0.0039995 	8.72063 	18.1805 	-0.26915 	0
0.00457085 	8.6344 	18.8048 	-0.307385 	0
0.00514221 	8.55558 	19.4593 	-0.344103 	0
0.00571357 	8.48175 	20.1481 	-0.379013 	0
0.00628492 	8.41054 	20.8741 	-0.411921 	0
0.00685628 	8.33998 	21.639 	-0.442609 	0
0.00742764 	8.26854 	22.4432 	-0.470847 	0
0.00799899 	8.19352 	23.2905 	-0.496312 	0
0.00857035 	8.11596 	24.1749 	-0.519172 	0
0.00914171 	8.04838 	25.1112 	-0.538344 	0
0.00971307 	7.98781 	26.1172 	-0.553768 	0
0.0102844 	7.91089 	27.2076 	-0.564543 	0
0.0108558 	7.80788 	28.3399 	-0.571328 	0
0.0114271 	7.68455 	29.4648 	-0.575491 	0
0.0119985 	7.55151 	30.5618 	-0.577607 	0
0.0125698 	7.44252 	31.4633 	-0.577701 	0
0.0131412 	7.28718 	32.7888 	-0.573528 	0
0.0137126 	7.14396 	34.0121 	-0.564586 	0
0.0142839 	6.98862 	35.3469 	-0.549227 	0
0.0148553 	6.80096 	36.2107 	-0.543024 	0
0.0154266 	6.59742 	36.5723 	-0.547506 	0
0.015998 	6.38958 	36.8814 	-0.552533 	0
0.0165693 	6.17883 	37.178 	-0.5574 	0
0.0171407 	5.96523 	37.4632 	-0.562027 	0
0.0177121 	5.74896 	37.739 	-0.566449 	0
0.0182834 	5.53035 	38.0068 	-0.570701 	0
0.0188548 	5.30976 	38.2648 	-0.574721 	0
0.0194261 	5.08583 	38.5131 	-0.578525 	0
0.0199975 	4.86063 	38.7569 	-0.582226 	0
0.0205688 	4.63292 	38.9872 	-0.585618 	0
0.0211402 	4.40361 	39.2152 	-0.588964 	0
0.0217116 	4.17212 	39.428 	-0.591972 	0
0.0222829 	3.94063 	39.6408 	-0.594979 	0
0.0228543 	3.7045 	39.8301 	-0.597494 	0
0.0234256 	3.46938 	40.0176 	-0.599969 	0
0.023997 	3.23153 	40.1898 	-0.602158 	0
0.0245683 	2.9933 	40.34 	-0.603931 	0
0.0251397 	2.75506 	40.4902 	-0.605705 	0
0.0257111 	2.51432 	40.6133 	-0.606944 	0
0.0262824 	2.27443 	40.7112 	-0.607695 	0
0.0268538 	2.03454 	40.8091 	-0.608446 	0
0.0274251 	1.79297 	40.8945 	-0.608954 	0
0.0279965 	1.55396 	40.9319 	-0.608573 	0
0.0285678 	1.31494 	40.9692 	-0.608192 	0
0.0291392 	1.07593 	41.0065 	-0.607812 	0
0.0297106 	0.836635 	41.0253 	-0.606999 	0
0.0302819 	0.602043 	41.0169 	-0.605605 	0
0.0308533 	0.367452 	41.0085 	-0.604211 	0
0.0314246 	0.13286 	41.0001 	-0.602817 	0
0.031996 	-0.10363 	40.9915 	-0.601375 	0
0.0325673 	-0.330858 	40.977 	-0.59967 	0
0.0331387 	-0.558086 	40.9624 	-0.597965 	0
0.0337101 	-0.785314 	40.9479 	-0.59626 	0
0.0342814 	-1.01254 	40.9333 	-0.594555 	0
0.0348528 	-1.24182 	40.9201 	-0.592821 	0
0.0354241 	-1.46197 	40.9261 	-0.591293 	0
0.0359955 	-1.68212 	40.9322 	-0.589766 	0
0.0365668 	-1.90228 	40.9382 	-0.588238 	0
0.0371382 	-2.12243 	40.9442 	-0.58671 	0
0.0377095 	-2.34258 	40.9503 	-0.585183 	0
0.0382809 	-2.56287 	40.9572 	-0.583479 	0
0.0388523 	-2.77554 	40.9657 	-0.581555 	0
0.0394236 	-2.98821 	40.9742 	-0.579632 	0
0.039995 	-3.20088 	40.9828 	-0.577708 	0
0.0405663 	-3.41355 	40.9913 	-0.575784 	0
0.0411377 	-3.62621 	40.9998 	-0.573861 	0
0.041709 	-3.83888 	41.0084 	-0.571937 	0
0.0422804 	-4.0463 	41.0128 	-0.569659 	0
0.0428518 	-4.24852 	41.016 	-0.567343 	0
0.0434231 	-4.45073 	41.0192 	-0.565026 	0
0.0439945 	-4.65294 	41.0224 	-0.56271 	0
0.0445658 	-4.85516 	41.0256 	-0.560393 	0
0.0451372 	-5.05737 	41.0288 	-0.558077 	0
0.0457085 	-5.25959 	41.0319 	-0.55576 	0
0.0462799 	-5.46176 	41.0356 	-0.553317 	0
0.0468513 	-5.65188 	41.0406 	-0.55074 	0
0.0474226 	-5.842 	41.0456 	-0.548164 	0
0.047994 	-6.03212 	41.0505 	-0.545587 	0
0.0485653 	-6.22224 	41.0555 	-0.543011 	0
0.0491367 	-6.41235 	41.0604 	-0.540435 	0
0.049708 	-6.60247 	41.0654 	-0.537858 	0
0.0502794 	-6.79259 	41.0704 	-0.535282 	0
0.0508508 	-6.98271 	41.0753 	-0.532706 	0
0.0514221 	-7.16694 	41.0801 	-0.529814 	0
0.0519935 	-7.34269 	41.0847 	-0.526847 	0
0.0525648 	-7.51844 	41.0893 	-0.52388 	0
0.0531362 	-7.69418 	41.0939 	-0.520914 	0
0.0537075 	-7.86993 	41.0985 	-0.517947 	0
0.0542789 	-8.04568 	41.1031 	-0.51498 	0
0.0548503 	-8.22143 	41.1077 	-0.512014 	0
0.0554216 	-8.39717 	41.1123 	-0.509047 	0
0.055993 	-8.57292 	41.1169 	-0.50608 	0
0.0565643 	-8.74867 	41.1215 	-0.503114 	0
0.0571357 	-8.91179 	41.1261 	-0.499907 	0
0.057707 	-9.06606 	41.1305 	-0.49673 	0
0.0582784 	-9.22032 	41.1348 	-0.493553 	0
0.0588497 	-9.37458 	41.1392 	-0.490376 	0
0.0594211 	-9.52884 	41.1436 	-0.487199 	0
0.0599925 	-9.6831 	41.148 	-0.484022 	0
0.0605638 	-9.83736 	41.1524 	-0.480845 	0
0.0611352 	-9.99162 	41.1568 	-0.477668 	0
0.0617065 	-10.1459 	41.1612 	-0.474491 	0
0.0622779 	-10.3001 	41.1656 	-0.471314 	0
0.0628492 	-10.4544 	41.17 	-0.468137 	0
0.0634206 	-10.6048 	41.1744 	-0.464747 	0
0.063992 	-10.7418 	41.1787 	-0.461276 	0
0.0645633 	-10.8788 	41.183 	-0.457804 	0
0.0651347 	-11.0157 	41.1873 	-0.454333 	0
0.065706 	-11.1527 	41.1916 	-0.450861 	0
0.0662774 	-11.2897 	41.1959 	-0.44739 	0
0.0668487 	-11.4267 	41.2002 	-0.443918 	0
0.0674201 	-11.5636 	41.2045 	-0.440447 	0
0.0679915 	-11.7006 	41.2088 	-0.436975 	0
0.0685628 	-11.8376 	41.2131 	-0.433504 	0
0.0691342 	-11.9745 	41.2174 	-0.430032 	0
0.0697055 	-12.1133 	41.2218 	-0.426447 	0
0.0702769 	-12.2371 	41.2262 	-0.422641 	0
0.0708482 	-12.361 	41.2305 	-0.418835 	0
0.0714196 	-12.4849 	41.2349 	-0.41503 	0
0.071991 	-12.6087 	41.2393 	-0.411224 	0
0.0725623 	-12.7326 	41.2437 	-0.407418 	0
0.0731337 	-12.8565 	41.2481 	-0.403613 	0
0.073705 	-12.9803 	41.2525 	-0.399807 	0
0.0742764 	-13.1042 	41.2569 	-0.396002 	0
0.0748477 	-13.2281 	41.2613 	-0.392196 	0
0.0754191 	-13.3514 	41.2657 	-0.388276 	0
0.0759905 	-13.4601 	41.2702 	-0.384304 	0
0.0765618 	-13.5689 	41.2747 	-0.380331 	0
0.0771332 	-13.6777 	41.2791 	-0.376359 	0
0.0777045 	-13.7865 	41.2836 	-0.372387 	0
0.0782759 	-13.8952 	41.2881 	-0.368415 	0
0.0788472 	-14.004 	41.2925 	-0.364442 	0
0.0794186 	-14.1128 	41.297 	-0.36047 	0
0.0799899 	-14.2216 	41.3015 	-0.356498 	0
0.0805613 	-14.3247 	41.3061 	-0.352379 	0
0.0811327 	-14.4203 	41.3108 	-0.348275 	0
0.081704 	-14.516 	41.3154 	-0.34417 	0
0.0822754 	-14.6116 	41.3201 	-0.340066 	0
0.0828467 	-14.7072 	41.3248 	-0.335961 	0
0.0834181 	-14.8029 	41.3295 	-0.331856 	0
0.0839894 	-14.8985 	41.3342 	-0.327752 	0
0.0845608 	-14.9951 	41.3389 	-0.323581 	0
0.0851322 	-15.0793 	41.344 	-0.319389 	0
0.0857035 	-15.1635 	41.349 	-0.315198 	0
0.0862749 	-15.2477 	41.3541 	-0.311007 	0
0.0868462 	-15.3319 	41.3592 	-0.306816 	0
0.0874176 	-15.4162 	41.3643 	-0.302625 	0
0.0879889 	-15.5004 	41.3693 	-0.298433 	0
0.0885603 	-15.5809 	41.3747 	-0.294153 	0
0.0891317 	-15.6553 	41.3804 	-0.289889 	0
0.089703 	-15.7296 	41.3861 	-0.285626 	0
0.0902744 	-15.8039 	41.3917 	-0.281362 	0
0.0908457 	-15.8782 	41.3974 	-0.277098 	0
0.0914171 	-15.9525 	41.4031 	-0.272835 	0
0.0919884 	-16.0211 	41.4094 	-0.26849 	0
0.0925598 	-16.0868 	41.416 	-0.264182 	0
0.0931312 	-16.1525 	41.4225 	-0.259873 	0
0.0937025 	-16.2182 	41.4291 	-0.255565 	0
0.0942739 	-16.2839 	41.4356 	-0.251257 	0
0.0948452 	-16.3446 	41.4431 	-0.246879 	0
0.0954166 	-16.4028 	41.4508 	-0.242534 	0
0.0959879 	-16.461 	41.4585 	-0.238188 	0
0.0965593 	-16.5192 	41.4663 	-0.233843 	0
0.0971307 	-16.5753 	41.4746 	-0.229453 	0
0.097702 	-16.627 	41.4839 	-0.225087 	0
0.0982734 	-16.6787 	41.4931 	-0.220721 	0
0.0988447 	-16.7304 	41.5024 	-0.216355 	0
0.0994161 	-16.7791 	41.5128 	-0.211947 	0
0.0999874 	-16.8252 	41.524 	-0.207565 	0
0.100559 	-16.8712 	41.5352 	-0.203184 	0
0.10113 	-16.9162 	41.5469 	-0.198772 	0
0.101702 	-16.9573 	41.5604 	-0.194383 	0
0.102273 	-16.9984 	41.5739 	-0.189993 	0
0.102844 	-17.0382 	41.5884 	-0.185581 	0
0.103416 	-17.075 	41.6045 	-0.181194 	0
0.103987 	-17.1119 	41.6207 	-0.176807 	0
0.104558 	-17.1457 	41.6395 	-0.172396 	0
0.10513 	-17.1788 	41.6588 	-0.168006 	0
0.105701 	-17.2099 	41.6802 	-0.163617 	0
0.106272 	-17.2396 	41.7027 	-0.159257 	0
0.106844 	-17.2673 	41.7006 	-0.15489 	0
0.107415 	-17.2938 	41.6753 	-0.150322 	0
0.107986 	-17.3158 	41.3755 	-0.141612 	0
0.108558 	-17.3365 	40.7403 	-0.127567 	0
0.109129 	-17.3566 	39.7317 	-0.108524 	0
0.109701 	-17.3767 	38.3846 	-0.087003 	0
0.110272 	-17.3957 	36.8674 	-0.0670151 	0
0.110843 	-17.4141 	35.2587 	-0.0492465 	0
0.111415 	-17.4319 	33.5868 	-0.0341894 	0
0.111986 	-17.4485 	31.7563 	-0.0221325 	0
0.112557 	-17.4631 	29.4809 	-0.0124262 	0
0.113129 	-17.4746 	25.8638 	-0.00493351 	0
0.1137 	-17.4803 	1.10514e-10 	-1.38119e-15 	0
