0 	-198.154 	0 	0 	0
0.000571357 	-198.073 	-6.75673 	0.0681723 	0
0.00114271 	-197.974 	-6.46509 	0.120928 	0
0.00171407 	-197.92 	-6.02764 	0.166018 	0
0.00228543 	-197.913 	-5.53544 	0.203738 	0
0.00285678 	-197.943 	-5.0047 	0.234515 	0
0.00342814 	-198.006 	-4.4359 	0.25715 	0
0.0039995 	-198.091 	-3.82893 	0.271201 	0
0.00457085 	-198.19 	-3.17883 	0.275096 	0
0.00514221 	-198.292 	-2.48182 	0.268 	0
0.00571357 	-198.383 	-1.72739 	0.247746 	0
0.00628492 	-198.448 	-0.906537 	0.213253 	0
0.00685628 	-198.467 	-0.00421744 	0.16303 	0
0.00742764 	-198.417 	1.00197 	0.0957968 	0
0.00799899 	-198.268 	2.19551 	0.0063015 	0
0.00857035 	-198.027 	3.65499 	-0.108388 	0
0.00914171 	-197.736 	5.46214 	-0.253232 	0
0.00971307 	-197.491 	7.46588 	-0.419264 	0
0.0102844 	-197.226 	9.57611 	-0.60026 	0
0.0108558 	-196.712 	11.828 	-0.782822 	0
0.0114271 	-195.969 	14.3193 	-0.957916 	0
0.0119985 	-195.124 	17.0883 	-1.11462 	0
0.0125698 	-194.383 	19.5671 	-1.22726 	0
0.0131412 	-193.25 	23.4117 	-1.35236 	0
0.0137126 	-192.214 	26.9361 	-1.42369 	0
0.0142839 	-191.125 	30.4835 	-1.466 	0
0.0148553 	-190.027 	33.5151 	-1.50815 	0
0.0154266 	-188.879 	35.5768 	-1.55736 	0
0.015998 	-187.676 	36.5981 	-1.58419 	0
0.0165693 	-186.471 	37.2345 	-1.59874 	0
0.0171407 	-185.267 	37.7933 	-1.61024 	0
0.0177121 	-184.066 	38.3046 	-1.61959 	0
0.0182834 	-182.871 	38.7707 	-1.62691 	0
0.0188548 	-181.681 	39.1934 	-1.632 	0
0.0194261 	-180.505 	39.583 	-1.63587 	0
0.0199975 	-179.334 	39.9573 	-1.6391 	0
0.0205688 	-178.179 	40.2914 	-1.64011 	0
0.0211402 	-177.03 	40.6211 	-1.6413 	0
0.0217116 	-175.901 	40.9181 	-1.64066 	0
0.0222829 	-174.774 	41.2155 	-1.64038 	0
0.0228543 	-173.673 	41.4818 	-1.63838 	0
0.0234256 	-172.574 	41.7458 	-1.63619 	0
0.023997 	-171.493 	41.9984 	-1.63397 	0
0.0245683 	-170.43 	42.2333 	-1.63058 	0
0.0251397 	-169.367 	42.4683 	-1.62718 	0
0.0257111 	-168.329 	42.6901 	-1.62366 	0
0.0262824 	-167.306 	42.8989 	-1.61909 	0
0.0268538 	-166.283 	43.1078 	-1.61452 	0
0.0274251 	-165.273 	43.3106 	-1.61025 	0
0.0279965 	-164.296 	43.4885 	-1.60466 	0
0.0285678 	-163.319 	43.6664 	-1.59908 	0
0.0291392 	-162.343 	43.8443 	-1.59351 	0
0.0297106 	-161.388 	43.9969 	-1.5874 	0
0.0302819 	-160.462 	44.1118 	-1.57927 	0
0.0308533 	-159.536 	44.2267 	-1.57113 	0
0.0314246 	-158.61 	44.3416 	-1.56299 	0
0.031996 	-157.689 	44.4522 	-1.55528 	0
0.0325673 	-156.834 	44.4685 	-1.54365 	0
0.0331387 	-155.978 	44.4848 	-1.53202 	0
0.0337101 	-155.123 	44.5011 	-1.52039 	0
0.0342814 	-154.267 	44.5175 	-1.50876 	0
0.0348528 	-153.417 	44.5322 	-1.49776 	0
0.0354241 	-152.651 	44.5072 	-1.48502 	0
0.0359955 	-151.885 	44.4822 	-1.47228 	0
0.0365668 	-151.119 	44.4572 	-1.45954 	0
0.0371382 	-150.353 	44.4322 	-1.4468 	0
0.0377095 	-149.586 	44.4072 	-1.43426 	0
0.0382809 	-148.848 	44.3855 	-1.42219 	0
0.0388523 	-148.168 	44.3699 	-1.40993 	0
0.0394236 	-147.489 	44.3543 	-1.39766 	0
0.039995 	-146.81 	44.3387 	-1.38539 	0
0.0405663 	-146.13 	44.3232 	-1.37313 	0
0.0411377 	-145.451 	44.3076 	-1.36086 	0
0.041709 	-144.769 	44.2919 	-1.34914 	0
0.0422804 	-144.154 	44.2778 	-1.33731 	0
0.0428518 	-143.56 	44.264 	-1.32541 	0
0.0434231 	-142.966 	44.2503 	-1.31351 	0
0.0439945 	-142.371 	44.2366 	-1.30161 	0
0.0445658 	-141.777 	44.2229 	-1.28971 	0
0.0451372 	-141.182 	44.2092 	-1.27782 	0
0.0457085 	-140.586 	44.1955 	-1.26617 	0
0.0462799 	-140.01 	44.1822 	-1.25479 	0
0.0468513 	-139.498 	44.1707 	-1.24329 	0
0.0474226 	-138.986 	44.1592 	-1.23179 	0
0.047994 	-138.475 	44.1477 	-1.22028 	0
0.0485653 	-137.963 	44.1361 	-1.20878 	0
0.0491367 	-137.452 	44.1246 	-1.19727 	0
0.049708 	-136.94 	44.1131 	-1.18577 	0
0.0502794 	-136.428 	44.1016 	-1.17427 	0
0.0508508 	-135.913 	44.0899 	-1.16324 	0
0.0514221 	-135.449 	44.0797 	-1.1522 	0
0.0519935 	-135.017 	44.0702 	-1.14117 	0
0.0525648 	-134.585 	44.0608 	-1.13013 	0
0.0531362 	-134.153 	44.0514 	-1.1191 	0
0.0537075 	-133.72 	44.0419 	-1.10806 	0
0.0542789 	-133.288 	44.0325 	-1.09702 	0
0.0548503 	-132.856 	44.023 	-1.08599 	0
0.0554216 	-132.424 	44.0136 	-1.07495 	0
0.055993 	-131.99 	44.0041 	-1.06404 	0
0.0565643 	-131.554 	43.9946 	-1.0534 	0
0.0571357 	-131.182 	43.9867 	-1.043 	0
0.057707 	-130.833 	43.9794 	-1.03269 	0
0.0582784 	-130.485 	43.9721 	-1.02238 	0
0.0588497 	-130.136 	43.9649 	-1.01208 	0
0.0594211 	-129.787 	43.9576 	-1.00177 	0
0.0599925 	-129.439 	43.9503 	-0.991458 	0
0.0605638 	-129.09 	43.943 	-0.98115 	0
0.0611352 	-128.741 	43.9358 	-0.970842 	0
0.0617065 	-128.393 	43.9285 	-0.960533 	0
0.0622779 	-128.043 	43.9212 	-0.950294 	0
0.0628492 	-127.691 	43.9138 	-0.940307 	0
0.0634206 	-127.364 	43.9072 	-0.930363 	0
0.063992 	-127.079 	43.9016 	-0.920487 	0
0.0645633 	-126.793 	43.8961 	-0.910611 	0
0.0651347 	-126.507 	43.8905 	-0.900736 	0
0.065706 	-126.222 	43.885 	-0.89086 	0
0.0662774 	-125.936 	43.8795 	-0.880985 	0
0.0668487 	-125.651 	43.8739 	-0.871109 	0
0.0674201 	-125.365 	43.8684 	-0.861234 	0
0.0679915 	-125.079 	43.8628 	-0.851358 	0
0.0685628 	-124.794 	43.8573 	-0.841482 	0
0.0691342 	-124.505 	43.8517 	-0.831842 	0
0.0697055 	-124.219 	43.8461 	-0.822228 	0
0.0702769 	-123.977 	43.8419 	-0.812454 	0
0.0708482 	-123.736 	43.8378 	-0.802681 	0
0.0714196 	-123.495 	43.8336 	-0.792907 	0
0.071991 	-123.254 	43.8294 	-0.783133 	0
0.0725623 	-123.013 	43.8253 	-0.77336 	0
0.0731337 	-122.772 	43.8211 	-0.763586 	0
0.073705 	-122.531 	43.8169 	-0.753812 	0
0.0742764 	-122.29 	43.8127 	-0.744039 	0
0.0748477 	-122.046 	43.8085 	-0.734443 	0
0.0754191 	-121.809 	43.8045 	-0.724913 	0
0.0759905 	-121.608 	43.8016 	-0.715419 	0
0.0765618 	-121.406 	43.7987 	-0.705926 	0
0.0771332 	-121.205 	43.7959 	-0.696432 	0
0.0777045 	-121.004 	43.793 	-0.686938 	0
0.0782759 	-120.802 	43.7901 	-0.677444 	0
0.0788472 	-120.601 	43.7872 	-0.66795 	0
0.0794186 	-120.4 	43.7844 	-0.658456 	0
0.0799899 	-120.196 	43.7814 	-0.649155 	0
0.0805613 	-120.01 	43.7791 	-0.639868 	0
0.0811327 	-119.84 	43.7774 	-0.630577 	0
0.081704 	-119.67 	43.7757 	-0.621287 	0
0.0822754 	-119.5 	43.774 	-0.611996 	0
0.0828467 	-119.33 	43.7724 	-0.602706 	0
0.0834181 	-119.16 	43.7707 	-0.593415 	0
0.0839894 	-118.989 	43.7689 	-0.584165 	0
0.0845608 	-118.817 	43.7672 	-0.575066 	0
0.0851322 	-118.672 	43.7666 	-0.565937 	0
0.0857035 	-118.527 	43.7661 	-0.556808 	0
0.0862749 	-118.382 	43.7655 	-0.547679 	0
0.0868462 	-118.237 	43.765 	-0.53855 	0
0.0874176 	-118.091 	43.7644 	-0.529421 	0
0.0879889 	-117.945 	43.7639 	-0.520379 	0
0.0885603 	-117.808 	43.7638 	-0.511402 	0
0.0891317 	-117.684 	43.7645 	-0.502393 	0
0.089703 	-117.559 	43.7651 	-0.493384 	0
0.0902744 	-117.434 	43.7657 	-0.484374 	0
0.0908457 	-117.31 	43.7664 	-0.475365 	0
0.0914171 	-117.184 	43.767 	-0.466462 	0
0.0919884 	-117.071 	43.7686 	-0.45757 	0
0.0925598 	-116.963 	43.7705 	-0.448657 	0
0.0931312 	-116.855 	43.7725 	-0.439745 	0
0.0937025 	-116.748 	43.7745 	-0.430832 	0
0.0942739 	-116.639 	43.7764 	-0.422004 	0
0.0948452 	-116.541 	43.7794 	-0.41319 	0
0.0954166 	-116.448 	43.7829 	-0.404353 	0
0.0959879 	-116.354 	43.7863 	-0.395516 	0
0.0965593 	-116.26 	43.7898 	-0.38669 	0
0.0971307 	-116.17 	43.7939 	-0.377973 	0
0.097702 	-116.089 	43.7991 	-0.369197 	0
0.0982734 	-116.007 	43.8043 	-0.360421 	0
0.0988447 	-115.925 	43.8094 	-0.351672 	0
0.0994161 	-115.849 	43.8158 	-0.342992 	0
0.0999874 	-115.777 	43.823 	-0.33427 	0
0.100559 	-115.706 	43.8302 	-0.325548 	0
0.10113 	-115.636 	43.838 	-0.316914 	0
0.101702 	-115.573 	43.8475 	-0.308231 	0
0.102273 	-115.511 	43.8571 	-0.299548 	0
0.102844 	-115.45 	43.8676 	-0.290948 	0
0.103416 	-115.395 	43.8797 	-0.282312 	0
0.103987 	-115.339 	43.8919 	-0.27371 	0
0.104558 	-115.289 	43.9065 	-0.265115 	0
0.10513 	-115.241 	43.9216 	-0.2565 	0
0.105701 	-115.195 	43.9386 	-0.247961 	0
0.106272 	-115.152 	43.9568 	-0.23939 	0
0.106844 	-115.112 	43.9773 	-0.230877 	0
0.107415 	-115.073 	43.999 	-0.222369 	0
0.107986 	-115.039 	44.0237 	-0.213803 	0
0.108558 	-115.007 	44.0507 	-0.205361 	0
0.109129 	-114.977 	44.0798 	-0.196917 	0
0.109701 	-114.949 	44.0967 	-0.188351 	0
0.110272 	-114.923 	43.9394 	-0.178043 	0
0.110843 	-114.898 	42.9941 	-0.155132 	0
0.111415 	-114.882 	40.8972 	-0.11657 	0
0.111986 	-114.878 	38.0576 	-0.0781794 	0
0.112557 	-114.886 	34.7958 	-0.0458617 	0
0.113129 	-114.907 	30.231 	-0.0193937 	0
0.1137 	-114.929 	1.32311e-10 	-5.00322e-15 	0
