0 	4.16036 	0 	0 	0
0.000571357 	4.14701 	16.7539 	-0.00785683 	0
0.00114271 	4.10837 	18.4352 	-0.0224361 	0
0.00171407 	4.06085 	19.3151 	-0.0390465 	0
0.00228543 	4.01282 	19.9701 	-0.0562968 	0
0.00285678 	3.96709 	20.5352 	-0.0738404 	0
0.00342814 	3.92571 	21.0593 	-0.0911929 	0
0.0039995 	3.88852 	21.5675 	-0.108309 	0
0.00457085 	3.85544 	22.0733 	-0.125018 	0
0.00514221 	3.82642 	22.5844 	-0.14103 	0
0.00571357 	3.80059 	23.1074 	-0.156345 	0
0.00628492 	3.77734 	23.6463 	-0.17086 	0
0.00685628 	3.75609 	24.2041 	-0.184474 	0
0.00742764 	3.73627 	24.7833 	-0.197097 	0
0.00799899 	3.71797 	25.3834 	-0.208408 	0
0.00857035 	3.70002 	26.0072 	-0.218661 	0
0.00914171 	3.68261 	26.6537 	-0.22744 	0
0.00971307 	3.66486 	27.3246 	-0.235013 	0
0.0102844 	3.65022 	28.0224 	-0.240948 	0
0.0108558 	3.64 	28.7686 	-0.245059 	0
0.0114271 	3.63071 	29.5734 	-0.247048 	0
0.0119985 	3.62113 	30.4131 	-0.246534 	0
0.0125698 	3.61279 	31.1073 	-0.244247 	0
0.0131412 	3.57001 	32.0943 	-0.238228 	0
0.0137126 	3.53332 	32.901 	-0.233309 	0
0.0142839 	3.50908 	33.716 	-0.226885 	0
0.0148553 	3.48396 	34.5751 	-0.218028 	0
0.0154266 	3.45866 	35.4935 	-0.206216 	0
0.015998 	3.43423 	36.4795 	-0.190021 	0
0.0165693 	3.39686 	37.3095 	-0.177306 	0
0.0171407 	3.34877 	37.8007 	-0.173589 	0
0.0177121 	3.29825 	38.0997 	-0.174429 	0
0.0182834 	3.24535 	38.3555 	-0.175979 	0
0.0188548 	3.19242 	38.5995 	-0.177494 	0
0.0194261 	3.14058 	38.8338 	-0.178904 	0
0.0199975 	3.08462 	39.0642 	-0.180355 	0
0.0205688 	3.03149 	39.2804 	-0.181645 	0
0.0211402 	2.9748 	39.4943 	-0.182976 	0
0.0217116 	2.9205 	39.6909 	-0.184157 	0
0.0222829 	2.86157 	39.888 	-0.185403 	0
0.0228543 	2.80806 	40.0576 	-0.186398 	0
0.0234256 	2.74778 	40.2263 	-0.187459 	0
0.023997 	2.69042 	40.3775 	-0.188397 	0
0.0245683 	2.63322 	40.5048 	-0.189196 	0
0.0251397 	2.57166 	40.6327 	-0.190032 	0
0.0257111 	2.51404 	40.7318 	-0.190674 	0
0.0262824 	2.45619 	40.8053 	-0.191157 	0
0.0268538 	2.3937 	40.8795 	-0.191658 	0
0.0274251 	2.33291 	40.9417 	-0.19209 	0
0.0279965 	2.27858 	40.9585 	-0.192261 	0
0.0285678 	2.21594 	40.9763 	-0.19243 	0
0.0291392 	2.15312 	40.9942 	-0.192599 	0
0.0297106 	2.09391 	40.9971 	-0.192681 	0
0.0302819 	2.03985 	40.9786 	-0.192638 	0
0.0308533 	1.9774 	40.9606 	-0.192561 	0
0.0314246 	1.91495 	40.9425 	-0.192483 	0
0.031996 	1.85301 	40.9246 	-0.192405 	0
0.0325673 	1.79977 	40.9085 	-0.192314 	0
0.0331387 	1.74292 	40.8925 	-0.192204 	0
0.0337101 	1.68145 	40.8764 	-0.19207 	0
0.0342814 	1.61998 	40.8604 	-0.191935 	0
0.0348528 	1.55904 	40.8456 	-0.191807 	0
0.0354241 	1.50633 	40.8497 	-0.191793 	0
0.0359955 	1.45194 	40.8539 	-0.19177 	0
0.0365668 	1.39113 	40.8581 	-0.191717 	0
0.0371382 	1.33032 	40.8624 	-0.191664 	0
0.0377095 	1.26951 	40.8666 	-0.19161 	0
0.0382809 	1.21162 	40.8708 	-0.191523 	0
0.0388523 	1.15953 	40.8749 	-0.191369 	0
0.0394236 	1.10575 	40.8791 	-0.191203 	0
0.039995 	1.0457 	40.8834 	-0.190994 	0
0.0405663 	0.98565 	40.8878 	-0.190784 	0
0.0411377 	0.9256 	40.8921 	-0.190574 	0
0.041709 	0.86555 	40.8964 	-0.190365 	0
0.0422804 	0.812696 	40.8969 	-0.190129 	0
0.0428518 	0.761973 	40.8962 	-0.189885 	0
0.0434231 	0.708657 	40.8956 	-0.189617 	0
0.0439945 	0.650236 	40.8951 	-0.189302 	0
0.0445658 	0.591814 	40.8947 	-0.188986 	0
0.0451372 	0.533393 	40.8942 	-0.188671 	0
0.0457085 	0.474971 	40.8937 	-0.188355 	0
0.0462799 	0.41883 	40.8937 	-0.188038 	0
0.0468513 	0.369679 	40.8954 	-0.187716 	0
0.0474226 	0.320528 	40.897 	-0.187394 	0
0.047994 	0.268018 	40.8987 	-0.187034 	0
0.0485653 	0.211479 	40.9005 	-0.186628 	0
0.0491367 	0.15494 	40.9023 	-0.186222 	0
0.049708 	0.0984015 	40.9041 	-0.185816 	0
0.0502794 	0.0418628 	40.9059 	-0.185411 	0
0.0508508 	-0.0146758 	40.9077 	-0.185005 	0
0.0514221 	-0.0652023 	40.9093 	-0.184572 	0
0.0519935 	-0.112016 	40.9107 	-0.184122 	0
0.0525648 	-0.158829 	40.9122 	-0.183673 	0
0.0531362 	-0.20856 	40.9137 	-0.18318 	0
0.0537075 	-0.262354 	40.9153 	-0.182629 	0
0.0542789 	-0.316147 	40.9169 	-0.182077 	0
0.0548503 	-0.369941 	40.9186 	-0.181525 	0
0.0554216 	-0.423735 	40.9202 	-0.180974 	0
0.055993 	-0.477528 	40.9218 	-0.180422 	0
0.0565643 	-0.531322 	40.9234 	-0.179871 	0
0.0571357 	-0.576911 	40.9251 	-0.179337 	0
0.057707 	-0.619413 	40.9268 	-0.17881 	0
0.0582784 	-0.661915 	40.9284 	-0.178284 	0
0.0588497 	-0.704778 	40.9301 	-0.177751 	0
0.0594211 	-0.753546 	40.932 	-0.17711 	0
0.0599925 	-0.802314 	40.9338 	-0.17647 	0
0.0605638 	-0.851083 	40.9356 	-0.17583 	0
0.0611352 	-0.899851 	40.9374 	-0.175189 	0
0.0617065 	-0.948619 	40.9393 	-0.174549 	0
0.0622779 	-0.997387 	40.9411 	-0.173909 	0
0.0628492 	-1.04616 	40.9429 	-0.173268 	0
0.0634206 	-1.09115 	40.9448 	-0.172625 	0
0.063992 	-1.13013 	40.9467 	-0.171976 	0
0.0645633 	-1.16911 	40.9487 	-0.171327 	0
0.0651347 	-1.20809 	40.9506 	-0.170678 	0
0.065706 	-1.25115 	40.9526 	-0.169936 	0
0.0662774 	-1.29582 	40.9547 	-0.169158 	0
0.0668487 	-1.34048 	40.9567 	-0.16838 	0
0.0674201 	-1.38515 	40.9588 	-0.167602 	0
0.0679915 	-1.42982 	40.9608 	-0.166824 	0
0.0685628 	-1.47448 	40.9629 	-0.166046 	0
0.0691342 	-1.51915 	40.965 	-0.165268 	0
0.0697055 	-1.56343 	40.967 	-0.164491 	0
0.0702769 	-1.59958 	40.9693 	-0.163742 	0
0.0708482 	-1.63574 	40.9716 	-0.162992 	0
0.0714196 	-1.6719 	40.9739 	-0.162243 	0
0.071991 	-1.71248 	40.9762 	-0.16137 	0
0.0725623 	-1.75387 	40.9786 	-0.160474 	0
0.0731337 	-1.79527 	40.981 	-0.159579 	0
0.073705 	-1.83666 	40.9834 	-0.158683 	0
0.0742764 	-1.87805 	40.9858 	-0.157788 	0
0.0748477 	-1.91944 	40.9882 	-0.156893 	0
0.0754191 	-1.95945 	40.9907 	-0.156008 	0
0.0759905 	-1.99192 	40.9933 	-0.155181 	0
0.0765618 	-2.0244 	40.996 	-0.154355 	0
0.0771332 	-2.05857 	40.9986 	-0.153472 	0
0.0777045 	-2.0957 	41.0014 	-0.152491 	0
0.0782759 	-2.13284 	41.0041 	-0.15151 	0
0.0788472 	-2.16997 	41.0069 	-0.150529 	0
0.0794186 	-2.20711 	41.0096 	-0.149547 	0
0.0799899 	-2.24424 	41.0124 	-0.148566 	0
0.0805613 	-2.27709 	41.0153 	-0.147637 	0
0.0811327 	-2.30611 	41.0184 	-0.146755 	0
0.081704 	-2.33551 	41.0216 	-0.145858 	0
0.0822754 	-2.36866 	41.0248 	-0.144813 	0
0.0828467 	-2.40182 	41.028 	-0.143768 	0
0.0834181 	-2.43497 	41.0312 	-0.142723 	0
0.0839894 	-2.46813 	41.0344 	-0.141678 	0
0.0845608 	-2.50126 	41.0376 	-0.140634 	0
0.0851322 	-2.52716 	41.0413 	-0.139712 	0
0.0857035 	-2.55306 	41.045 	-0.13879 	0
0.0862749 	-2.58218 	41.0488 	-0.137721 	0
0.0868462 	-2.61175 	41.0527 	-0.136631 	0
0.0874176 	-2.64132 	41.0565 	-0.135541 	0
0.0879889 	-2.6709 	41.0603 	-0.134451 	0
0.0885603 	-2.69762 	41.0644 	-0.13342 	0
0.0891317 	-2.72071 	41.0689 	-0.132462 	0
0.089703 	-2.74571 	41.0735 	-0.131404 	0
0.0902744 	-2.77206 	41.0781 	-0.130274 	0
0.0908457 	-2.79841 	41.0827 	-0.129144 	0
0.0914171 	-2.82476 	41.0874 	-0.128014 	0
0.0919884 	-2.84699 	41.0927 	-0.126993 	0
0.0925598 	-2.86785 	41.0983 	-0.125999 	0
0.0931312 	-2.89132 	41.1039 	-0.124847 	0
0.0937025 	-2.9148 	41.1096 	-0.123694 	0
0.0942739 	-2.93827 	41.1153 	-0.122541 	0
0.0948452 	-2.95806 	41.1219 	-0.1215 	0
0.0954166 	-2.97722 	41.1288 	-0.120448 	0
0.0959879 	-2.99815 	41.1359 	-0.119273 	0
0.0965593 	-3.01909 	41.1429 	-0.118097 	0
0.0971307 	-3.03837 	41.1505 	-0.116984 	0
0.097702 	-3.05508 	41.1592 	-0.115955 	0
0.0982734 	-3.07377 	41.1679 	-0.11477 	0
0.0988447 	-3.09246 	41.1766 	-0.113585 	0
0.0994161 	-3.10888 	41.1865 	-0.112497 	0
0.0999874 	-3.12456 	41.1973 	-0.111393 	0
0.100559 	-3.14128 	41.2081 	-0.110196 	0
0.10113 	-3.15709 	41.2195 	-0.109044 	0
0.101702 	-3.1708 	41.2328 	-0.107965 	0
0.102273 	-3.18577 	41.2461 	-0.106763 	0
0.102844 	-3.19962 	41.2604 	-0.105633 	0
0.103416 	-3.21238 	41.2767 	-0.104533 	0
0.103987 	-3.2259 	41.293 	-0.103351 	0
0.104558 	-3.23724 	41.31 	-0.10234 	0
0.10513 	-3.24936 	41.3282 	-0.101174 	0
0.105701 	-3.25929 	41.2966 	-0.0996719 	0
0.106272 	-3.26953 	41.2568 	-0.0980869 	0
0.106844 	-3.27826 	40.9579 	-0.0930277 	0
0.107415 	-3.2872 	40.5717 	-0.0867128 	0
0.107986 	-3.29726 	39.7246 	-0.0741154 	0
0.108558 	-3.30731 	38.7344 	-0.0610467 	0
0.109129 	-3.31723 	37.6022 	-0.047969 	0
0.109701 	-3.32673 	36.3855 	-0.0364076 	0
0.110272 	-3.33667 	35.1235 	-0.0265638 	0
0.110843 	-3.34616 	33.8225 	-0.018668 	0
0.111415 	-3.35483 	32.4473 	-0.0124275 	0
0.111986 	-3.36193 	30.8628 	-0.00778402 	0
0.112557 	-3.36734 	28.8015 	-0.00431013 	0
0.113129 	-3.37089 	25.3757 	-0.00176564 	0
0.1137 	-3.37257 	1.02065e-10 	-4.74901e-16 	0
