0 	11.4564 	0 	0 	0
0.000571357 	11.3436 	11.7882 	-0.0422592 	0
0.00114271 	11.1201 	12.83 	-0.100786 	0
0.00171407 	10.8921 	13.5423 	-0.161117 	0
0.00228543 	10.6843 	14.1774 	-0.221335 	0
0.00285678 	10.5005 	14.7992 	-0.281093 	0
0.00342814 	10.3407 	15.4337 	-0.339644 	0
0.0039995 	10.2 	16.0956 	-0.396893 	0
0.00457085 	10.0747 	16.7927 	-0.452129 	0
0.00514221 	9.9588 	17.5347 	-0.505697 	0
0.00571357 	9.84925 	18.3221 	-0.556528 	0
0.00628492 	9.74149 	19.1589 	-0.604701 	0
0.00685628 	9.63223 	20.0463 	-0.649922 	0
0.00742764 	9.51821 	20.9831 	-0.691774 	0
0.00799899 	9.40068 	21.9732 	-0.729827 	0
0.00857035 	9.30089 	23.0252 	-0.764028 	0
0.00914171 	9.21056 	24.173 	-0.792153 	0
0.00971307 	9.09189 	25.4074 	-0.814936 	0
0.0102844 	8.92613 	26.6978 	-0.832718 	0
0.0108558 	8.72885 	27.9706 	-0.84625 	0
0.0114271 	8.5123 	29.2043 	-0.856869 	0
0.0119985 	8.28948 	30.4247 	-0.864548 	0
0.0125698 	8.10225 	31.4608 	-0.868389 	0
0.0131412 	7.81524 	33.0414 	-0.8676 	0
0.0137126 	7.55047 	34.5581 	-0.859227 	0
0.0142839 	7.2384 	35.5949 	-0.855818 	0
0.0148553 	6.90235 	35.9653 	-0.862783 	0
0.0154266 	6.55907 	36.302 	-0.869813 	0
0.015998 	6.21519 	36.6251 	-0.876426 	0
0.0165693 	5.86713 	36.9358 	-0.882649 	0
0.0171407 	5.51493 	37.2339 	-0.888459 	0
0.0177121 	5.15877 	37.5215 	-0.893914 	0
0.0182834 	4.79897 	37.8008 	-0.899084 	0
0.0188548 	4.44543 	38.0694 	-0.903904 	0
0.0194261 	4.07879 	38.3286 	-0.908366 	0
0.0199975 	3.70953 	38.5834 	-0.912649 	0
0.0205688 	3.34878 	38.8235 	-0.916479 	0
0.0211402 	2.97405 	39.0623 	-0.920195 	0
0.0217116 	2.60983 	39.2858 	-0.923465 	0
0.0222829 	2.23386 	39.5102 	-0.926687 	0
0.0228543 	1.86331 	39.7121 	-0.929241 	0
0.0234256 	1.4961 	39.9122 	-0.931761 	0
0.023997 	1.11088 	40.0997 	-0.933773 	0
0.0245683 	0.741735 	40.265 	-0.935297 	0
0.0251397 	0.372593 	40.4304 	-0.936821 	0
0.0257111 	-0.0156007 	40.5716 	-0.937432 	0
0.0262824 	-0.384276 	40.6864 	-0.937491 	0
0.0268538 	-0.752951 	40.8011 	-0.937551 	0
0.0274251 	-1.14213 	40.9058 	-0.937014 	0
0.0279965 	-1.50628 	40.958 	-0.935349 	0
0.0285678 	-1.87043 	41.0101 	-0.933684 	0
0.0291392 	-2.23459 	41.0623 	-0.932019 	0
0.0297106 	-2.61795 	41.0962 	-0.929292 	0
0.0302819 	-2.97157 	41.0961 	-0.925976 	0
0.0308533 	-3.32519 	41.096 	-0.92266 	0
0.0314246 	-3.67882 	41.0958 	-0.919343 	0
0.031996 	-4.05679 	41.0971 	-0.915402 	0
0.0325673 	-4.39477 	41.0842 	-0.911526 	0
0.0331387 	-4.73276 	41.0712 	-0.90765 	0
0.0337101 	-5.07074 	41.0582 	-0.903774 	0
0.0342814 	-5.40872 	41.0453 	-0.899898 	0
0.0348528 	-5.772 	41.034 	-0.895283 	0
0.0354241 	-6.09407 	41.0409 	-0.891706 	0
0.0359955 	-6.41614 	41.0478 	-0.888128 	0
0.0365668 	-6.73821 	41.0547 	-0.884551 	0
0.0371382 	-7.06028 	41.0616 	-0.880974 	0
0.0377095 	-7.38474 	41.0685 	-0.877324 	0
0.0382809 	-7.72579 	41.0769 	-0.872864 	0
0.0388523 	-8.0315 	41.0879 	-0.868872 	0
0.0394236 	-8.33722 	41.0989 	-0.864881 	0
0.039995 	-8.64294 	41.1099 	-0.860889 	0
0.0405663 	-8.94865 	41.121 	-0.856897 	0
0.0411377 	-9.25437 	41.132 	-0.852906 	0
0.041709 	-9.57979 	41.1435 	-0.848258 	0
0.0422804 	-9.87732 	41.1503 	-0.843638 	0
0.0428518 	-10.1628 	41.1557 	-0.839151 	0
0.0434231 	-10.4483 	41.1611 	-0.834665 	0
0.0439945 	-10.7338 	41.1664 	-0.830178 	0
0.0445658 	-11.0193 	41.1718 	-0.825691 	0
0.0451372 	-11.3048 	41.1772 	-0.821205 	0
0.0457085 	-11.596 	41.1827 	-0.816496 	0
0.0462799 	-11.8969 	41.1889 	-0.811127 	0
0.0468513 	-12.1598 	41.1956 	-0.806376 	0
0.0474226 	-12.4227 	41.2023 	-0.801625 	0
0.047994 	-12.6855 	41.209 	-0.796874 	0
0.0485653 	-12.9484 	41.2157 	-0.792123 	0
0.0491367 	-13.2113 	41.2224 	-0.787372 	0
0.049708 	-13.4741 	41.229 	-0.782621 	0
0.0502794 	-13.737 	41.2357 	-0.77787 	0
0.0508508 	-14.0165 	41.2428 	-0.772365 	0
0.0514221 	-14.2728 	41.2494 	-0.766967 	0
0.0519935 	-14.5106 	41.2555 	-0.761818 	0
0.0525648 	-14.7484 	41.2616 	-0.756669 	0
0.0531362 	-14.9861 	41.2677 	-0.751519 	0
0.0537075 	-15.2239 	41.2738 	-0.74637 	0
0.0542789 	-15.4617 	41.28 	-0.741221 	0
0.0548503 	-15.6995 	41.2861 	-0.736072 	0
0.0554216 	-15.9373 	41.2922 	-0.730923 	0
0.055993 	-16.1751 	41.2983 	-0.725773 	0
0.0565643 	-16.4314 	41.3049 	-0.719628 	0
0.0571357 	-16.6498 	41.3108 	-0.714106 	0
0.057707 	-16.8539 	41.3164 	-0.708825 	0
0.0582784 	-17.0581 	41.322 	-0.703543 	0
0.0588497 	-17.2622 	41.3276 	-0.698262 	0
0.0594211 	-17.4663 	41.3332 	-0.69298 	0
0.0599925 	-17.6704 	41.3388 	-0.687699 	0
0.0605638 	-17.8746 	41.3445 	-0.682418 	0
0.0611352 	-18.0787 	41.3501 	-0.677136 	0
0.0617065 	-18.2828 	41.3557 	-0.671855 	0
0.0622779 	-18.487 	41.3613 	-0.666573 	0
0.0628492 	-18.7028 	41.3672 	-0.660515 	0
0.0634206 	-18.9052 	41.3729 	-0.654564 	0
0.063992 	-19.0827 	41.3782 	-0.649036 	0
0.0645633 	-19.2602 	41.3834 	-0.643508 	0
0.0651347 	-19.4376 	41.3887 	-0.63798 	0
0.065706 	-19.6151 	41.394 	-0.632452 	0
0.0662774 	-19.7926 	41.3993 	-0.626924 	0
0.0668487 	-19.9701 	41.4046 	-0.621396 	0
0.0674201 	-20.1475 	41.4099 	-0.615868 	0
0.0679915 	-20.325 	41.4152 	-0.61034 	0
0.0685628 	-20.5025 	41.4204 	-0.604812 	0
0.0691342 	-20.6851 	41.4259 	-0.598852 	0
0.0697055 	-20.8718 	41.4314 	-0.592468 	0
0.0702769 	-21.0296 	41.4366 	-0.586585 	0
0.0708482 	-21.1874 	41.4418 	-0.580703 	0
0.0714196 	-21.3452 	41.447 	-0.57482 	0
0.071991 	-21.503 	41.4522 	-0.568937 	0
0.0725623 	-21.6608 	41.4574 	-0.563054 	0
0.0731337 	-21.8185 	41.4627 	-0.557171 	0
0.073705 	-21.9763 	41.4679 	-0.551288 	0
0.0742764 	-22.1341 	41.4731 	-0.545405 	0
0.0748477 	-22.2953 	41.4784 	-0.539165 	0
0.0754191 	-22.4568 	41.4837 	-0.532536 	0
0.0759905 	-22.5935 	41.4889 	-0.52653 	0
0.0765618 	-22.7302 	41.494 	-0.520525 	0
0.0771332 	-22.8668 	41.4991 	-0.514519 	0
0.0777045 	-23.0035 	41.5043 	-0.508513 	0
0.0782759 	-23.1402 	41.5094 	-0.502508 	0
0.0788472 	-23.2768 	41.5145 	-0.496502 	0
0.0794186 	-23.4135 	41.5197 	-0.490496 	0
0.0799899 	-23.5542 	41.5249 	-0.483975 	0
0.0805613 	-23.6845 	41.5302 	-0.477531 	0
0.0811327 	-23.8034 	41.5354 	-0.471429 	0
0.081704 	-23.9223 	41.5406 	-0.465327 	0
0.0822754 	-24.0412 	41.5459 	-0.459225 	0
0.0828467 	-24.1601 	41.5511 	-0.453124 	0
0.0834181 	-24.279 	41.5563 	-0.447022 	0
0.0839894 	-24.3979 	41.5615 	-0.44092 	0
0.0845608 	-24.5215 	41.5669 	-0.43406 	0
0.0851322 	-24.6254 	41.5724 	-0.427902 	0
0.0857035 	-24.7292 	41.5779 	-0.421745 	0
0.0862749 	-24.833 	41.5834 	-0.415587 	0
0.0868462 	-24.9368 	41.589 	-0.40943 	0
0.0874176 	-25.0407 	41.5945 	-0.403272 	0
0.0879889 	-25.1456 	41.6 	-0.396904 	0
0.0885603 	-25.2461 	41.6058 	-0.390296 	0
0.0891317 	-25.3371 	41.6119 	-0.384092 	0
0.089703 	-25.4281 	41.6179 	-0.377888 	0
0.0902744 	-25.5191 	41.624 	-0.371684 	0
0.0908457 	-25.6101 	41.63 	-0.36548 	0
0.0914171 	-25.7026 	41.6361 	-0.358945 	0
0.0919884 	-25.7867 	41.6427 	-0.35251 	0
0.0925598 	-25.8667 	41.6495 	-0.346283 	0
0.0931312 	-25.9467 	41.6564 	-0.340056 	0
0.0937025 	-26.0268 	41.6632 	-0.333829 	0
0.0942739 	-26.1078 	41.6701 	-0.327341 	0
0.0948452 	-26.1818 	41.6777 	-0.320895 	0
0.0954166 	-26.2524 	41.6857 	-0.314648 	0
0.0959879 	-26.323 	41.6936 	-0.308401 	0
0.0965593 	-26.3936 	41.7016 	-0.302155 	0
0.0971307 	-26.4625 	41.7101 	-0.295506 	0
0.097702 	-26.525 	41.7195 	-0.289253 	0
0.0982734 	-26.5875 	41.7289 	-0.283001 	0
0.0988447 	-26.6501 	41.7383 	-0.276713 	0
0.0994161 	-26.7094 	41.7488 	-0.27015 	0
0.0999874 	-26.7649 	41.7601 	-0.263894 	0
0.100559 	-26.8204 	41.7713 	-0.257639 	0
0.10113 	-26.8751 	41.7832 	-0.251087 	0
0.101702 	-26.9245 	41.7967 	-0.244834 	0
0.102273 	-26.9739 	41.8102 	-0.238582 	0
0.102844 	-27.022 	41.8246 	-0.232075 	0
0.103416 	-27.0662 	41.8407 	-0.225829 	0
0.103987 	-27.1105 	41.8568 	-0.219473 	0
0.104558 	-27.1511 	41.8753 	-0.213121 	0
0.10513 	-27.1907 	41.8944 	-0.206881 	0
0.105701 	-27.2282 	41.9158 	-0.200481 	0
0.106272 	-27.2639 	41.9385 	-0.194289 	0
0.106844 	-27.2972 	41.9584 	-0.188019 	0
0.107415 	-27.3292 	41.9718 	-0.181717 	0
0.107986 	-27.3562 	41.8592 	-0.173925 	0
0.108558 	-27.3814 	41.4615 	-0.161508 	0
0.109129 	-27.4053 	40.6737 	-0.143187 	0
0.109701 	-27.4291 	39.3952 	-0.118365 	0
0.110272 	-27.4512 	37.8185 	-0.0929083 	0
0.110843 	-27.4717 	36.0989 	-0.0698574 	0
0.111415 	-27.4921 	34.2888 	-0.0494162 	0
0.111986 	-27.5122 	32.3315 	-0.0326713 	0
0.112557 	-27.5313 	29.9453 	-0.0187376 	0
0.113129 	-27.5477 	26.2139 	-0.00753097 	0
0.1137 	-27.5566 	1.12867e-10 	-2.00697e-15 	0
