0 	-32.6387 	0 	0 	0
0.000571357 	-33.0492 	1.21329 	-0.113593 	0
0.00114271 	-33.7037 	1.93123 	-0.248201 	0
0.00171407 	-34.3073 	2.60689 	-0.384073 	0
0.00228543 	-34.8161 	3.30455 	-0.519784 	0
0.00285678 	-35.2322 	4.04872 	-0.65494 	0
0.00342814 	-35.567 	4.85598 	-0.789232 	0
0.0039995 	-35.839 	5.73516 	-0.922198 	0
0.00457085 	-36.0641 	6.69531 	-1.05384 	0
0.00514221 	-36.2565 	7.74141 	-1.18321 	0
0.00571357 	-36.4309 	8.87945 	-1.31075 	0
0.00628492 	-36.5643 	10.1125 	-1.43561 	0
0.00685628 	-36.5863 	11.4716 	-1.5566 	0
0.00742764 	-36.6044 	12.9962 	-1.67363 	0
0.00799899 	-36.7068 	14.6625 	-1.78421 	0
0.00857035 	-36.8608 	16.4257 	-1.88983 	0
0.00914171 	-37.0595 	18.2798 	-1.99023 	0
0.00971307 	-37.3057 	20.1791 	-2.08517 	0
0.0102844 	-37.6199 	22.0696 	-2.17204 	0
0.0108558 	-37.9853 	23.9115 	-2.25213 	0
0.0114271 	-38.374 	25.7002 	-2.32419 	0
0.0119985 	-38.7749 	27.519 	-2.38933 	0
0.0125698 	-39.1211 	29.0992 	-2.43851 	0
0.0131412 	-39.6811 	31.5318 	-2.49865 	0
0.0137126 	-40.2444 	33.7751 	-2.54183 	0
0.0142839 	-40.842 	34.8387 	-2.55623 	0
0.0148553 	-41.4345 	35.3393 	-2.55765 	0
0.0154266 	-42.0241 	35.7622 	-2.55389 	0
0.015998 	-42.6037 	36.1807 	-2.55016 	0
0.0165693 	-43.1786 	36.5841 	-2.54546 	0
0.0171407 	-43.7479 	36.9602 	-2.53915 	0
0.0177121 	-44.3115 	37.3175 	-2.53191 	0
0.0182834 	-44.8703 	37.6603 	-2.52396 	0
0.0188548 	-45.4088 	37.9866 	-2.51451 	0
0.0194261 	-45.9519 	38.2975 	-2.50504 	0
0.0199975 	-46.482 	38.603 	-2.49489 	0
0.0205688 	-47.0046 	38.8887 	-2.48414 	0
0.0211402 	-47.5265 	39.1718 	-2.47333 	0
0.0217116 	-48.0269 	39.4376 	-2.46158 	0
0.0222829 	-48.5211 	39.7038 	-2.44957 	0
0.0228543 	-49.0196 	39.9502 	-2.43779 	0
0.0234256 	-49.4941 	40.1963 	-2.42511 	0
0.023997 	-49.9863 	40.4311 	-2.41306 	0
0.0245683 	-50.4386 	40.6535 	-2.39969 	0
0.0251397 	-50.891 	40.8758 	-2.38631 	0
0.0257111 	-51.3616 	41.0772 	-2.37319 	0
0.0262824 	-51.7886 	41.2643 	-2.35848 	0
0.0268538 	-52.2156 	41.4515 	-2.34378 	0
0.0274251 	-52.6586 	41.6242 	-2.32918 	0
0.0279965 	-53.0706 	41.7521 	-2.31248 	0
0.0285678 	-53.4684 	41.8815 	-2.2954 	0
0.0291392 	-53.8662 	42.0109 	-2.27831 	0
0.0297106 	-54.2905 	42.105 	-2.26087 	0
0.0302819 	-54.653 	42.157 	-2.2401 	0
0.0308533 	-55.0155 	42.2089 	-2.21934 	0
0.0314246 	-55.378 	42.2609 	-2.19857 	0
0.031996 	-55.7437 	42.3096 	-2.17787 	0
0.0325673 	-56.1053 	42.304 	-2.15636 	0
0.0331387 	-56.4271 	42.2989 	-2.13362 	0
0.0337101 	-56.749 	42.2937 	-2.11087 	0
0.0342814 	-57.0709 	42.2886 	-2.08813 	0
0.0348528 	-57.396 	42.2838 	-2.06565 	0
0.0354241 	-57.7194 	42.2832 	-2.0457 	0
0.0359955 	-57.9994 	42.281 	-2.0244 	0
0.0365668 	-58.2794 	42.2789 	-2.0031 	0
0.0371382 	-58.5595 	42.2768 	-1.98179 	0
0.0377095 	-58.8395 	42.2746 	-1.96049 	0
0.0382809 	-59.136 	42.277 	-1.94056 	0
0.0388523 	-59.3991 	42.2867 	-1.92148 	0
0.0394236 	-59.6391 	42.2958 	-1.90177 	0
0.039995 	-59.8791 	42.3048 	-1.88206 	0
0.0405663 	-60.1192 	42.3139 	-1.86234 	0
0.0411377 	-60.3592 	42.323 	-1.84263 	0
0.041709 	-60.5992 	42.3321 	-1.82292 	0
0.0422804 	-60.8658 	42.3389 	-1.80534 	0
0.0428518 	-61.0678 	42.3434 	-1.78658 	0
0.0434231 	-61.2698 	42.348 	-1.76781 	0
0.0439945 	-61.4718 	42.3526 	-1.74904 	0
0.0445658 	-61.6737 	42.3572 	-1.73027 	0
0.0451372 	-61.8757 	42.3618 	-1.7115 	0
0.0457085 	-62.0777 	42.3664 	-1.69273 	0
0.0462799 	-62.2889 	42.3713 	-1.67469 	0
0.0468513 	-62.4944 	42.3767 	-1.65806 	0
0.0474226 	-62.6603 	42.3812 	-1.6405 	0
0.047994 	-62.8261 	42.3857 	-1.62295 	0
0.0485653 	-62.9919 	42.3902 	-1.60539 	0
0.0491367 	-63.1577 	42.3946 	-1.58783 	0
0.049708 	-63.3235 	42.3991 	-1.57028 	0
0.0502794 	-63.4893 	42.4036 	-1.55272 	0
0.0508508 	-63.6552 	42.4081 	-1.53516 	0
0.0514221 	-63.8409 	42.4131 	-1.5192 	0
0.0519935 	-63.9919 	42.4174 	-1.50321 	0
0.0525648 	-64.1248 	42.4213 	-1.48684 	0
0.0531362 	-64.2577 	42.4251 	-1.47047 	0
0.0537075 	-64.3906 	42.429 	-1.4541 	0
0.0542789 	-64.5235 	42.4329 	-1.43772 	0
0.0548503 	-64.6564 	42.4368 	-1.42135 	0
0.0554216 	-64.7893 	42.4406 	-1.40498 	0
0.055993 	-64.9222 	42.4445 	-1.38861 	0
0.0565643 	-65.055 	42.4484 	-1.37223 	0
0.0571357 	-65.2042 	42.4528 	-1.3578 	0
0.057707 	-65.3215 	42.4565 	-1.34334 	0
0.0582784 	-65.4225 	42.4598 	-1.32855 	0
0.0588497 	-65.5235 	42.4631 	-1.31377 	0
0.0594211 	-65.6245 	42.4664 	-1.29898 	0
0.0599925 	-65.7255 	42.4698 	-1.2842 	0
0.0605638 	-65.8265 	42.4731 	-1.26941 	0
0.0611352 	-65.9275 	42.4764 	-1.25463 	0
0.0617065 	-66.0285 	42.4797 	-1.23984 	0
0.0622779 	-66.1295 	42.483 	-1.22505 	0
0.0628492 	-66.2305 	42.4864 	-1.21027 	0
0.0634206 	-66.3404 	42.49 	-1.1962 	0
0.063992 	-66.4479 	42.4937 	-1.18296 	0
0.0645633 	-66.5261 	42.4967 	-1.16917 	0
0.0651347 	-66.6043 	42.4998 	-1.15538 	0
0.065706 	-66.6825 	42.5028 	-1.14159 	0
0.0662774 	-66.7607 	42.5059 	-1.1278 	0
0.0668487 	-66.8389 	42.5089 	-1.11401 	0
0.0674201 	-66.9171 	42.5119 	-1.10022 	0
0.0679915 	-66.9953 	42.515 	-1.08643 	0
0.0685628 	-67.0735 	42.518 	-1.07264 	0
0.0691342 	-67.1517 	42.5211 	-1.05885 	0
0.0697055 	-67.231 	42.5241 	-1.04511 	0
0.0702769 	-67.3277 	42.528 	-1.03232 	0
0.0708482 	-67.3908 	42.531 	-1.01891 	0
0.0714196 	-67.4538 	42.534 	-1.0055 	0
0.071991 	-67.5169 	42.537 	-0.992086 	0
0.0725623 	-67.58 	42.5401 	-0.978675 	0
0.0731337 	-67.6431 	42.5431 	-0.965265 	0
0.073705 	-67.7061 	42.5461 	-0.951855 	0
0.0742764 	-67.7692 	42.5492 	-0.938444 	0
0.0748477 	-67.8323 	42.5522 	-0.925034 	0
0.0754191 	-67.8986 	42.5554 	-0.91181 	0
0.0759905 	-67.9702 	42.559 	-0.899375 	0
0.0765618 	-68.0208 	42.5621 	-0.886561 	0
0.0771332 	-68.0714 	42.5652 	-0.873746 	0
0.0777045 	-68.122 	42.5683 	-0.860932 	0
0.0782759 	-68.1726 	42.5714 	-0.848117 	0
0.0788472 	-68.2232 	42.5745 	-0.835303 	0
0.0794186 	-68.2738 	42.5776 	-0.822488 	0
0.0799899 	-68.3244 	42.5807 	-0.809674 	0
0.0805613 	-68.3853 	42.5843 	-0.797365 	0
0.0811327 	-68.4312 	42.5878 	-0.785063 	0
0.081704 	-68.4727 	42.5912 	-0.772679 	0
0.0822754 	-68.5142 	42.5946 	-0.760295 	0
0.0828467 	-68.5557 	42.5979 	-0.747911 	0
0.0834181 	-68.5971 	42.6013 	-0.735528 	0
0.0839894 	-68.6386 	42.6047 	-0.723144 	0
0.0845608 	-68.6801 	42.608 	-0.710762 	0
0.0851322 	-68.7293 	42.6122 	-0.698993 	0
0.0857035 	-68.7639 	42.616 	-0.686945 	0
0.0862749 	-68.7985 	42.6198 	-0.674897 	0
0.0868462 	-68.833 	42.6236 	-0.662849 	0
0.0874176 	-68.8676 	42.6274 	-0.6508 	0
0.0879889 	-68.9022 	42.6312 	-0.638752 	0
0.0885603 	-68.9437 	42.6355 	-0.627001 	0
0.0891317 	-68.9747 	42.64 	-0.615235 	0
0.089703 	-69.0039 	42.6444 	-0.603434 	0
0.0902744 	-69.0331 	42.6488 	-0.591633 	0
0.0908457 	-69.0623 	42.6533 	-0.579832 	0
0.0914171 	-69.0915 	42.6577 	-0.568031 	0
0.0919884 	-69.1261 	42.663 	-0.556553 	0
0.0925598 	-69.151 	42.6683 	-0.544949 	0
0.0931312 	-69.176 	42.6736 	-0.533346 	0
0.0937025 	-69.2009 	42.6789 	-0.521743 	0
0.0942739 	-69.2258 	42.6842 	-0.51014 	0
0.0948452 	-69.2547 	42.6906 	-0.498795 	0
0.0954166 	-69.2762 	42.697 	-0.487342 	0
0.0959879 	-69.2977 	42.7035 	-0.475889 	0
0.0965593 	-69.3191 	42.71 	-0.464436 	0
0.0971307 	-69.3445 	42.7171 	-0.453153 	0
0.097702 	-69.3631 	42.7251 	-0.441824 	0
0.0982734 	-69.3817 	42.7331 	-0.430495 	0
0.0988447 	-69.4004 	42.741 	-0.419166 	0
0.0994161 	-69.4214 	42.7501 	-0.407998 	0
0.0999874 	-69.4377 	42.7599 	-0.396766 	0
0.100559 	-69.4539 	42.7697 	-0.385534 	0
0.10113 	-69.4724 	42.7802 	-0.374409 	0
0.101702 	-69.4868 	42.7922 	-0.363264 	0
0.102273 	-69.501 	42.8041 	-0.352116 	0
0.102844 	-69.5169 	42.8171 	-0.341069 	0
0.103416 	-69.5295 	42.8317 	-0.329992 	0
0.103987 	-69.542 	42.8462 	-0.318914 	0
0.104558 	-69.555 	42.8632 	-0.307944 	0
0.10513 	-69.5661 	42.8805 	-0.296916 	0
0.105701 	-69.5777 	42.8999 	-0.285988 	0
0.106272 	-69.5875 	42.9204 	-0.275028 	0
0.106844 	-69.5977 	42.9434 	-0.26414 	0
0.107415 	-69.6067 	42.9674 	-0.253234 	0
0.107986 	-69.6149 	42.9949 	-0.242456 	0
0.108558 	-69.6223 	43.0016 	-0.231666 	0
0.109129 	-69.6275 	42.8903 	-0.219126 	0
0.109701 	-69.6294 	42.4175 	-0.200541 	0
0.110272 	-69.6319 	41.1988 	-0.170031 	0
0.110843 	-69.6389 	39.3328 	-0.133127 	0
0.111415 	-69.6482 	37.1645 	-0.0978147 	0
0.111986 	-69.6622 	34.7905 	-0.0666605 	0
0.112557 	-69.6829 	32.0318 	-0.0398207 	0
0.113129 	-69.7089 	27.9064 	-0.0167325 	0
0.1137 	-69.7288 	1.17435e-10 	-3.93481e-15 	0
