0 	-221.653 	0 	0 	0
0.000571357 	-221.687 	-4.43409 	0.688954 	0
0.00114271 	-222.255 	-5.44817 	1.16423 	0
0.00171407 	-222.931 	-5.38375 	1.35736 	0
0.00228543 	-223.509 	-5.08869 	1.46526 	0
0.00285678 	-223.978 	-4.68202 	1.53112 	0
0.00342814 	-224.342 	-4.20057 	1.56519 	0
0.0039995 	-224.602 	-3.66501 	1.57269 	0
0.00457085 	-224.761 	-3.08895 	1.557 	0
0.00514221 	-224.825 	-2.4805 	1.52051 	0
0.00571357 	-224.804 	-1.84522 	1.4644 	0
0.00628492 	-224.706 	-1.18307 	1.3885 	0
0.00685628 	-224.529 	-0.483807 	1.29132 	0
0.00742764 	-224.256 	0.281258 	1.17053 	0
0.00799899 	-223.92 	1.15289 	1.02329 	0
0.00857035 	-223.528 	2.17167 	0.847666 	0
0.00914171 	-223.116 	3.39549 	0.6418 	0
0.00971307 	-222.661 	4.86665 	0.408613 	0
0.0102844 	-222.179 	6.62972 	0.158778 	0
0.0108558 	-221.67 	8.72659 	-0.095378 	0
0.0114271 	-221.109 	11.1935 	-0.340218 	0
0.0119985 	-220.469 	14.0629 	-0.560598 	0
0.0125698 	-219.754 	17.2148 	-0.731636 	0
0.0131412 	-218.915 	21.1504 	-0.85364 	0
0.0137126 	-218.025 	25.538 	-0.900941 	0
0.0142839 	-217.168 	30.4252 	-0.88902 	0
0.0148553 	-216.479 	32.7807 	-0.900695 	0
0.0154266 	-215.819 	33.5689 	-0.931564 	0
0.015998 	-215.15 	34.2702 	-0.958932 	0
0.0165693 	-214.474 	34.8651 	-0.982294 	0
0.0171407 	-213.793 	35.4304 	-1.00399 	0
0.0177121 	-213.104 	35.9776 	-1.02417 	0
0.0182834 	-212.408 	36.5095 	-1.04317 	0
0.0188548 	-211.707 	37.0248 	-1.06087 	0
0.0194261 	-210.998 	37.5261 	-1.07749 	0
0.0199975 	-210.283 	38.022 	-1.09336 	0
0.0205688 	-209.561 	38.4981 	-1.10805 	0
0.0211402 	-208.833 	38.9318 	-1.12089 	0
0.0217116 	-208.101 	39.3063 	-1.13141 	0
0.0222829 	-207.368 	39.6615 	-1.14107 	0
0.0228543 	-206.633 	40.0161 	-1.15032 	0
0.0234256 	-205.896 	40.3717 	-1.15924 	0
0.023997 	-205.156 	40.7168 	-1.16746 	0
0.0245683 	-204.416 	41.0423 	-1.1747 	0
0.0251397 	-203.674 	41.3544 	-1.18128 	0
0.0257111 	-202.934 	41.6292 	-1.18639 	0
0.0262824 	-202.195 	41.9004 	-1.19131 	0
0.0268538 	-201.457 	42.1637 	-1.19563 	0
0.0274251 	-200.72 	42.4273 	-1.1999 	0
0.0279965 	-199.986 	42.6916 	-1.20395 	0
0.0285678 	-199.252 	42.9503 	-1.20778 	0
0.0291392 	-198.52 	43.176 	-1.21019 	0
0.0297106 	-197.788 	43.4018 	-1.2126 	0
0.0302819 	-197.066 	43.5408 	-1.21205 	0
0.0308533 	-196.343 	43.6694 	-1.21113 	0
0.0314246 	-195.631 	43.7766 	-1.20965 	0
0.031996 	-194.929 	43.8588 	-1.20748 	0
0.0325673 	-194.227 	43.9411 	-1.20531 	0
0.0331387 	-193.54 	44.0229 	-1.20279 	0
0.0337101 	-192.856 	44.1046 	-1.20018 	0
0.0342814 	-192.172 	44.1864 	-1.19759 	0
0.0348528 	-191.51 	44.217 	-1.19322 	0
0.0354241 	-190.848 	44.2474 	-1.18884 	0
0.0359955 	-190.186 	44.2778 	-1.18446 	0
0.0365668 	-189.552 	44.273 	-1.17902 	0
0.0371382 	-188.919 	44.2655 	-1.17347 	0
0.0377095 	-188.287 	44.2579 	-1.16793 	0
0.0382809 	-187.674 	44.2477 	-1.16221 	0
0.0388523 	-187.072 	44.2359 	-1.15636 	0
0.0394236 	-186.47 	44.2241 	-1.1505 	0
0.039995 	-185.87 	44.212 	-1.14466 	0
0.0405663 	-185.3 	44.1943 	-1.13845 	0
0.0411377 	-184.731 	44.1765 	-1.13223 	0
0.041709 	-184.161 	44.1587 	-1.12602 	0
0.0422804 	-183.597 	44.1409 	-1.11981 	0
0.0428518 	-183.061 	44.1226 	-1.11347 	0
0.0434231 	-182.525 	44.1043 	-1.10713 	0
0.0439945 	-181.989 	44.086 	-1.10079 	0
0.0445658 	-181.453 	44.0677 	-1.09447 	0
0.0451372 	-180.95 	44.0616 	-1.08837 	0
0.0457085 	-180.446 	44.0557 	-1.08227 	0
0.0462799 	-179.943 	44.0497 	-1.07617 	0
0.0468513 	-179.44 	44.0438 	-1.07007 	0
0.0474226 	-178.952 	44.0409 	-1.06403 	0
0.047994 	-178.481 	44.0415 	-1.058 	0
0.0485653 	-178.009 	44.042 	-1.05197 	0
0.0491367 	-177.538 	44.0425 	-1.04594 	0
0.049708 	-177.066 	44.0431 	-1.03991 	0
0.0502794 	-176.614 	44.0418 	-1.03385 	0
0.0508508 	-176.175 	44.0394 	-1.02773 	0
0.0514221 	-175.735 	44.037 	-1.02161 	0
0.0519935 	-175.296 	44.0346 	-1.01549 	0
0.0525648 	-174.856 	44.0323 	-1.00936 	0
0.0531362 	-174.427 	44.0296 	-1.00327 	0
0.0537075 	-174.02 	44.0265 	-0.997141 	0
0.0542789 	-173.612 	44.0233 	-0.991014 	0
0.0548503 	-173.205 	44.0202 	-0.984887 	0
0.0554216 	-172.797 	44.0171 	-0.97876 	0
0.055993 	-172.39 	44.0139 	-0.972633 	0
0.0565643 	-172.002 	44.0113 	-0.96658 	0
0.0571357 	-171.626 	44.0089 	-0.960525 	0
0.057707 	-171.25 	44.0065 	-0.954471 	0
0.0582784 	-170.874 	44.0041 	-0.948416 	0
0.0588497 	-170.498 	44.0017 	-0.942361 	0
0.0594211 	-170.122 	43.9993 	-0.936306 	0
0.0599925 	-169.765 	43.9969 	-0.930369 	0
0.0605638 	-169.425 	43.9945 	-0.924495 	0
0.0611352 	-169.086 	43.9921 	-0.91862 	0
0.0617065 	-168.746 	43.9897 	-0.912746 	0
0.0622779 	-168.407 	43.9873 	-0.906872 	0
0.0628492 	-168.067 	43.9849 	-0.900998 	0
0.0634206 	-167.728 	43.9825 	-0.895128 	0
0.063992 	-167.413 	43.9798 	-0.889371 	0
0.0645633 	-167.101 	43.977 	-0.883607 	0
0.0651347 	-166.79 	43.9742 	-0.877844 	0
0.065706 	-166.479 	43.9714 	-0.87208 	0
0.0662774 	-166.167 	43.9685 	-0.866316 	0
0.0668487 	-165.856 	43.9657 	-0.860553 	0
0.0674201 	-165.549 	43.9629 	-0.854818 	0
0.0679915 	-165.257 	43.9601 	-0.849077 	0
0.0685628 	-164.965 	43.9573 	-0.843337 	0
0.0691342 	-164.674 	43.9545 	-0.837597 	0
0.0697055 	-164.382 	43.9517 	-0.831856 	0
0.0702769 	-164.09 	43.9488 	-0.826116 	0
0.0708482 	-163.8 	43.9461 	-0.820407 	0
0.0714196 	-163.53 	43.9438 	-0.814824 	0
0.071991 	-163.259 	43.9416 	-0.80924 	0
0.0725623 	-162.989 	43.9393 	-0.803656 	0
0.0731337 	-162.719 	43.9371 	-0.798072 	0
0.073705 	-162.449 	43.9349 	-0.792489 	0
0.0742764 	-162.185 	43.9333 	-0.786982 	0
0.0748477 	-161.933 	43.9328 	-0.781556 	0
0.0754191 	-161.681 	43.9322 	-0.776129 	0
0.0759905 	-161.429 	43.9317 	-0.770703 	0
0.0765618 	-161.177 	43.9312 	-0.765276 	0
0.0771332 	-160.926 	43.9309 	-0.759886 	0
0.0777045 	-160.69 	43.9322 	-0.754639 	0
0.0782759 	-160.453 	43.9334 	-0.749392 	0
0.0788472 	-160.216 	43.9347 	-0.744145 	0
0.0794186 	-159.98 	43.936 	-0.738899 	0
0.0799899 	-159.746 	43.9374 	-0.733691 	0
0.0805613 	-159.523 	43.9391 	-0.728555 	0
0.0811327 	-159.3 	43.9407 	-0.723418 	0
0.081704 	-159.076 	43.9424 	-0.718282 	0
0.0822754 	-158.853 	43.9441 	-0.713145 	0
0.0828467 	-158.638 	43.9459 	-0.708131 	0
0.0834181 	-158.426 	43.9477 	-0.703147 	0
0.0839894 	-158.214 	43.9496 	-0.698162 	0
0.0845608 	-158.002 	43.9514 	-0.693178 	0
0.0851322 	-157.796 	43.9533 	-0.688246 	0
0.0857035 	-157.594 	43.9553 	-0.683341 	0
0.0862749 	-157.392 	43.9573 	-0.678435 	0
0.0868462 	-157.19 	43.9593 	-0.673529 	0
0.0874176 	-156.994 	43.9613 	-0.668738 	0
0.0879889 	-156.801 	43.9635 	-0.663987 	0
0.0885603 	-156.608 	43.9656 	-0.659236 	0
0.0891317 	-156.416 	43.9677 	-0.654498 	0
0.089703 	-156.23 	43.9701 	-0.649795 	0
0.0902744 	-156.045 	43.9725 	-0.645091 	0
0.0908457 	-155.859 	43.9749 	-0.640388 	0
0.0914171 	-155.679 	43.977 	-0.635836 	0
0.0919884 	-155.501 	43.979 	-0.631316 	0
0.0925598 	-155.322 	43.981 	-0.626796 	0
0.0931312 	-155.148 	43.9708 	-0.622142 	0
0.0937025 	-154.975 	43.9561 	-0.61743 	0
0.0942739 	-154.802 	43.9414 	-0.612719 	0
0.0948452 	-154.634 	43.8527 	-0.606962 	0
0.0954166 	-154.468 	43.7548 	-0.60107 	0
0.0959879 	-154.303 	43.6388 	-0.594963 	0
0.0965593 	-154.144 	43.472 	-0.588229 	0
0.0971307 	-153.985 	43.3052 	-0.581495 	0
0.097702 	-153.832 	43.1406 	-0.574944 	0
0.0982734 	-153.68 	42.9765 	-0.568424 	0
0.0988447 	-153.532 	42.8127 	-0.561877 	0
0.0994161 	-153.386 	42.6491 	-0.555302 	0
0.0999874 	-153.243 	42.4859 	-0.548837 	0
0.100559 	-153.104 	42.323 	-0.542475 	0
0.10113 	-152.966 	42.1612 	-0.536106 	0
0.101702 	-152.831 	42.0003 	-0.529724 	0
0.102273 	-152.7 	41.8071 	-0.523376 	0
0.102844 	-152.569 	41.5569 	-0.51641 	0
0.103416 	-152.443 	40.977 	-0.505156 	0
0.103987 	-152.323 	39.7238 	-0.484742 	0
0.104558 	-152.211 	37.8833 	-0.456789 	0
0.10513 	-152.117 	35.4386 	-0.422651 	0
0.105701 	-152.037 	33.0816 	-0.389601 	0
0.106272 	-151.969 	30.7369 	-0.356633 	0
0.106844 	-151.912 	28.3911 	-0.323682 	0
0.107415 	-151.865 	26.0445 	-0.290722 	0
0.107986 	-151.828 	23.6973 	-0.257728 	0
0.108558 	-151.799 	21.3485 	-0.224635 	0
0.109129 	-151.779 	18.9947 	-0.191329 	0
0.109701 	-151.766 	16.6037 	-0.156367 	0
0.110272 	-151.765 	14.0228 	-0.110535 	0
0.110843 	-151.797 	11.349 	-0.0536771 	0
0.111415 	-151.815 	9.29036 	-0.0264611 	0
0.111986 	-151.827 	7.38329 	-0.0058105 	0
0.112557 	-151.841 	5.64928 	0.00826614 	0
0.113129 	-151.853 	4.22868 	0.0115937 	0
0.1137 	-151.857 	2.96676 	0.00662836 	0
