0 	-66.7148 	0 	0 	0
0.000571357 	-67.1313 	-1.76988 	-0.113469 	0
0.00114271 	-67.7926 	-1.11179 	-0.247874 	0
0.00171407 	-68.4009 	-0.448525 	-0.383797 	0
0.00228543 	-68.9132 	0.25189 	-0.520288 	0
0.00285678 	-69.3297 	1.00655 	-0.656725 	0
0.00342814 	-69.6617 	1.82956 	-0.79312 	0
0.0039995 	-69.9266 	2.72947 	-0.929178 	0
0.00457085 	-70.1389 	3.7144 	-1.06483 	0
0.00514221 	-70.3118 	4.79175 	-1.19999 	0
0.00571357 	-70.4576 	5.9659 	-1.33457 	0
0.00628492 	-70.5143 	7.24826 	-1.46787 	0
0.00685628 	-70.458 	8.68732 	-1.5997 	0
0.00742764 	-70.4335 	10.3002 	-1.72931 	0
0.00799899 	-70.4709 	12.0591 	-1.85537 	0
0.00857035 	-70.5306 	13.923 	-1.97856 	0
0.00914171 	-70.6168 	15.885 	-2.09741 	0
0.00971307 	-70.7311 	17.9099 	-2.21268 	0
0.0102844 	-70.8982 	19.9533 	-2.32237 	0
0.0108558 	-71.1059 	21.9608 	-2.42561 	0
0.0114271 	-71.3121 	23.924 	-2.52181 	0
0.0119985 	-71.5023 	25.9078 	-2.61084 	0
0.0125698 	-71.6524 	27.6219 	-2.67956 	0
0.0131412 	-71.8963 	30.2616 	-2.7666 	0
0.0137126 	-72.1813 	32.7522 	-2.82993 	0
0.0142839 	-72.5149 	34.7265 	-2.86553 	0
0.0148553 	-72.8217 	35.3552 	-2.86262 	0
0.0154266 	-73.12 	35.9233 	-2.86182 	0
0.015998 	-73.4154 	36.3436 	-2.84971 	0
0.0165693 	-73.6965 	36.7615 	-2.83828 	0
0.0171407 	-73.9734 	37.1681 	-2.82642 	0
0.0177121 	-74.2464 	37.5503 	-2.81317 	0
0.0182834 	-74.4955 	37.9139 	-2.79878 	0
0.0188548 	-74.7439 	38.2554 	-2.78341 	0
0.0194261 	-75.0014 	38.5793 	-2.76757 	0
0.0199975 	-75.2201 	38.8965 	-2.75098 	0
0.0205688 	-75.4622 	39.1912 	-2.73414 	0
0.0211402 	-75.6716 	39.4835 	-2.71683 	0
0.0217116 	-75.8991 	39.7554 	-2.69936 	0
0.0222829 	-76.0867 	40.0278 	-2.68139 	0
0.0228543 	-76.314 	40.2794 	-2.66372 	0
0.0234256 	-76.485 	40.5301 	-2.64534 	0
0.023997 	-76.676 	40.7711 	-2.6272 	0
0.0245683 	-76.8642 	40.9985 	-2.60902 	0
0.0251397 	-77.0178 	41.2263 	-2.59046 	0
0.0257111 	-77.1947 	41.4374 	-2.57189 	0
0.0262824 	-77.3644 	41.6338 	-2.55304 	0
0.0268538 	-77.4988 	41.8309 	-2.53385 	0
0.0274251 	-77.642 	42.0167 	-2.51443 	0
0.0279965 	-77.818 	42.1596 	-2.49414 	0
0.0285678 	-77.9347 	42.305 	-2.47339 	0
0.0291392 	-78.0499 	42.4504 	-2.45263 	0
0.0297106 	-78.1799 	42.5625 	-2.43065 	0
0.0302819 	-78.3313 	42.6266 	-2.40691 	0
0.0308533 	-78.4257 	42.6932 	-2.38277 	0
0.0314246 	-78.5198 	42.7598 	-2.35863 	0
0.031996 	-78.6156 	42.8226 	-2.33439 	0
0.0325673 	-78.7417 	42.8191 	-2.30845 	0
0.0331387 	-78.8453 	42.8158 	-2.28232 	0
0.0337101 	-78.9189 	42.8127 	-2.25593 	0
0.0342814 	-78.9925 	42.8096 	-2.22954 	0
0.0348528 	-79.0678 	42.8062 	-2.20328 	0
0.0354241 	-79.1694 	42.7988 	-2.1789 	0
0.0359955 	-79.2617 	42.7911 	-2.15444 	0
0.0365668 	-79.3163 	42.7824 	-2.12962 	0
0.0371382 	-79.3709 	42.7737 	-2.10479 	0
0.0377095 	-79.4256 	42.765 	-2.07997 	0
0.0382809 	-79.4882 	42.7609 	-2.05602 	0
0.0388523 	-79.5668 	42.7657 	-2.03379 	0
0.0394236 	-79.637 	42.7704 	-2.0115 	0
0.039995 	-79.6739 	42.7741 	-1.98892 	0
0.0405663 	-79.7108 	42.7779 	-1.96633 	0
0.0411377 	-79.7476 	42.7816 	-1.94375 	0
0.041709 	-79.7845 	42.7853 	-1.92117 	0
0.0422804 	-79.8382 	42.7873 	-1.89999 	0
0.0428518 	-79.8969 	42.7888 	-1.87922 	0
0.0434231 	-79.9438 	42.79 	-1.85837 	0
0.0439945 	-79.9662 	42.7907 	-1.83733 	0
0.0445658 	-79.9885 	42.7913 	-1.81629 	0
0.0451372 	-80.0109 	42.792 	-1.79526 	0
0.0457085 	-80.0332 	42.7926 	-1.77422 	0
0.0462799 	-80.0601 	42.7935 	-1.75365 	0
0.0468513 	-80.1011 	42.7951 	-1.73449 	0
0.0474226 	-80.1421 	42.7967 	-1.71534 	0
0.047994 	-80.1694 	42.798 	-1.6961 	0
0.0485653 	-80.1793 	42.7988 	-1.67674 	0
0.0491367 	-80.1891 	42.7997 	-1.65739 	0
0.049708 	-80.199 	42.8006 	-1.63803 	0
0.0502794 	-80.2088 	42.8014 	-1.61867 	0
0.0508508 	-80.2187 	42.8023 	-1.59931 	0
0.0514221 	-80.2389 	42.8035 	-1.58105 	0
0.0519935 	-80.2655 	42.8049 	-1.56345 	0
0.0525648 	-80.2921 	42.8064 	-1.54586 	0
0.0531362 	-80.3083 	42.8075 	-1.52821 	0
0.0537075 	-80.3088 	42.8084 	-1.51047 	0
0.0542789 	-80.3094 	42.8092 	-1.49273 	0
0.0548503 	-80.3099 	42.81 	-1.47499 	0
0.0554216 	-80.3104 	42.8108 	-1.45725 	0
0.055993 	-80.311 	42.8116 	-1.43951 	0
0.0565643 	-80.3115 	42.8124 	-1.42177 	0
0.0571357 	-80.3226 	42.8136 	-1.4055 	0
0.057707 	-80.3378 	42.815 	-1.38976 	0
0.0582784 	-80.3529 	42.8163 	-1.37403 	0
0.0588497 	-80.3672 	42.8176 	-1.3583 	0
0.0594211 	-80.3615 	42.8185 	-1.34247 	0
0.0599925 	-80.3558 	42.8193 	-1.32664 	0
0.0605638 	-80.3501 	42.8202 	-1.31082 	0
0.0611352 	-80.3444 	42.8211 	-1.29499 	0
0.0617065 	-80.3387 	42.8219 	-1.27916 	0
0.0622779 	-80.333 	42.8228 	-1.26333 	0
0.0628492 	-80.3273 	42.8236 	-1.2475 	0
0.0634206 	-80.3268 	42.8247 	-1.23218 	0
0.063992 	-80.3344 	42.8261 	-1.21768 	0
0.0645633 	-80.342 	42.8275 	-1.20317 	0
0.0651347 	-80.3496 	42.8289 	-1.18867 	0
0.065706 	-80.3455 	42.83 	-1.17411 	0
0.0662774 	-80.3362 	42.831 	-1.15954 	0
0.0668487 	-80.327 	42.832 	-1.14497 	0
0.0674201 	-80.3177 	42.8331 	-1.1304 	0
0.0679915 	-80.3085 	42.8341 	-1.11583 	0
0.0685628 	-80.2992 	42.8351 	-1.10126 	0
0.0691342 	-80.29 	42.8361 	-1.08668 	0
0.0697055 	-80.2813 	42.8371 	-1.07214 	0
0.0702769 	-80.2845 	42.8388 	-1.05821 	0
0.0708482 	-80.2877 	42.8404 	-1.04427 	0
0.0714196 	-80.291 	42.842 	-1.03034 	0
0.071991 	-80.2825 	42.8434 	-1.01636 	0
0.0725623 	-80.2717 	42.8447 	-1.00238 	0
0.0731337 	-80.2608 	42.846 	-0.988403 	0
0.073705 	-80.25 	42.8473 	-0.974423 	0
0.0742764 	-80.2391 	42.8486 	-0.960443 	0
0.0748477 	-80.2282 	42.8499 	-0.946463 	0
0.0754191 	-80.2192 	42.8513 	-0.932599 	0
0.0759905 	-80.2198 	42.8532 	-0.919368 	0
0.0765618 	-80.2204 	42.8552 	-0.906136 	0
0.0771332 	-80.217 	42.857 	-0.892894 	0
0.0777045 	-80.2059 	42.8587 	-0.879633 	0
0.0782759 	-80.1949 	42.8603 	-0.866371 	0
0.0788472 	-80.1838 	42.862 	-0.85311 	0
0.0794186 	-80.1728 	42.8637 	-0.839848 	0
0.0799899 	-80.1617 	42.8653 	-0.826586 	0
0.0805613 	-80.1561 	42.8674 	-0.813606 	0
0.0811327 	-80.1554 	42.8697 	-0.800878 	0
0.081704 	-80.1539 	42.8721 	-0.788149 	0
0.0822754 	-80.1434 	42.8742 	-0.7754 	0
0.0828467 	-80.1329 	42.8763 	-0.762651 	0
0.0834181 	-80.1223 	42.8785 	-0.749903 	0
0.0839894 	-80.1118 	42.8806 	-0.737154 	0
0.0845608 	-80.1013 	42.8827 	-0.724406 	0
0.0851322 	-80.0998 	42.8857 	-0.712063 	0
0.0857035 	-80.0984 	42.8886 	-0.69972 	0
0.0862749 	-80.0897 	42.8914 	-0.687365 	0
0.0868462 	-80.0799 	42.8941 	-0.675008 	0
0.0874176 	-80.0701 	42.8968 	-0.662651 	0
0.0879889 	-80.0603 	42.8996 	-0.650293 	0
0.0885603 	-80.054 	42.9027 	-0.638066 	0
0.0891317 	-80.0523 	42.9064 	-0.626006 	0
0.089703 	-80.0464 	42.91 	-0.61394 	0
0.0902744 	-80.0375 	42.9135 	-0.60187 	0
0.0908457 	-80.0286 	42.917 	-0.5898 	0
0.0914171 	-80.0197 	42.9205 	-0.57773 	0
0.0919884 	-80.0158 	42.9248 	-0.565826 	0
0.0925598 	-80.0134 	42.9295 	-0.553988 	0
0.0931312 	-80.0053 	42.9339 	-0.542143 	0
0.0937025 	-79.9972 	42.9384 	-0.530299 	0
0.0942739 	-79.9892 	42.9429 	-0.518455 	0
0.0948452 	-79.9856 	42.9484 	-0.506737 	0
0.0954166 	-79.9821 	42.9542 	-0.495067 	0
0.0959879 	-79.9749 	42.96 	-0.483393 	0
0.0965593 	-79.9677 	42.9657 	-0.47172 	0
0.0971307 	-79.9624 	42.972 	-0.460098 	0
0.097702 	-79.9601 	42.9794 	-0.448567 	0
0.0982734 	-79.9536 	42.9867 	-0.437032 	0
0.0988447 	-79.9472 	42.994 	-0.425498 	0
0.0994161 	-79.9434 	43.0024 	-0.414025 	0
0.0999874 	-79.9397 	43.0116 	-0.4026 	0
0.100559 	-79.934 	43.0208 	-0.391173 	0
0.10113 	-79.9293 	43.0305 	-0.37977 	0
0.101702 	-79.9266 	43.042 	-0.368437 	0
0.102273 	-79.9215 	43.0533 	-0.357103 	0
0.102844 	-79.9177 	43.0657 	-0.345796 	0
0.103416 	-79.9146 	43.0797 	-0.334537 	0
0.103987 	-79.91 	43.0936 	-0.323277 	0
0.104558 	-79.9078 	43.1101 	-0.312065 	0
0.10513 	-79.9037 	43.1269 	-0.300864 	0
0.105701 	-79.9014 	43.1457 	-0.28971 	0
0.106272 	-79.8979 	43.1656 	-0.278582 	0
0.106844 	-79.8957 	43.1879 	-0.26746 	0
0.107415 	-79.8924 	43.2113 	-0.256341 	0
0.107986 	-79.8902 	43.2384 	-0.245317 	0
0.108558 	-79.8881 	43.2611 	-0.234389 	0
0.109129 	-79.885 	43.224 	-0.222762 	0
0.109701 	-79.8792 	42.9415 	-0.207516 	0
0.110272 	-79.8744 	41.9503 	-0.180563 	0
0.110843 	-79.8758 	40.1507 	-0.142831 	0
0.111415 	-79.8794 	37.9285 	-0.105236 	0
0.111986 	-79.8901 	35.4556 	-0.0717141 	0
0.112557 	-79.9084 	32.6045 	-0.042934 	0
0.113129 	-79.9343 	28.3896 	-0.0181543 	0
0.1137 	-79.9557 	1.25899e-10 	-4.57308e-15 	0
