0 	-32.2023 	0 	0 	0
0.000571357 	-32.6128 	1.22333 	-0.113586 	0
0.00114271 	-33.2673 	1.94138 	-0.248174 	0
0.00171407 	-33.8709 	2.61694 	-0.384023 	0
0.00228543 	-34.3797 	3.3144 	-0.51971 	0
0.00285678 	-34.7958 	4.05829 	-0.654843 	0
0.00342814 	-35.1306 	4.86519 	-0.789111 	0
0.0039995 	-35.4025 	5.74393 	-0.92205 	0
0.00457085 	-35.6275 	6.70357 	-1.05366 	0
0.00514221 	-35.8197 	7.74905 	-1.183 	0
0.00571357 	-35.994 	8.8864 	-1.31049 	0
0.00628492 	-36.1273 	10.1186 	-1.43528 	0
0.00685628 	-36.1493 	11.4768 	-1.5562 	0
0.00742764 	-36.1674 	13.0001 	-1.67313 	0
0.00799899 	-36.2698 	14.6648 	-1.78359 	0
0.00857035 	-36.4238 	16.4263 	-1.88908 	0
0.00914171 	-36.6225 	18.2784 	-1.98931 	0
0.00971307 	-36.8687 	20.1756 	-2.08406 	0
0.0102844 	-37.183 	22.0643 	-2.17074 	0
0.0108558 	-37.5485 	23.9044 	-2.25063 	0
0.0114271 	-37.9377 	25.6905 	-2.32247 	0
0.0119985 	-38.3394 	27.5046 	-2.38733 	0
0.0125698 	-38.6859 	29.0787 	-2.43624 	0
0.0131412 	-39.2427 	31.5018 	-2.4959 	0
0.0137126 	-39.8052 	33.7485 	-2.53871 	0
0.0142839 	-40.404 	34.8347 	-2.55342 	0
0.0148553 	-40.9978 	35.3359 	-2.55485 	0
0.0154266 	-41.5886 	35.759 	-2.55109 	0
0.015998 	-42.1696 	36.1774 	-2.54736 	0
0.0165693 	-42.7459 	36.581 	-2.54268 	0
0.0171407 	-43.3166 	36.9573 	-2.53638 	0
0.0177121 	-43.8816 	37.3146 	-2.52915 	0
0.0182834 	-44.4417 	37.6575 	-2.52121 	0
0.0188548 	-44.9817 	37.9838 	-2.51177 	0
0.0194261 	-45.5262 	38.2949 	-2.50231 	0
0.0199975 	-46.0576 	38.6004 	-2.49218 	0
0.0205688 	-46.5816 	38.8862 	-2.48144 	0
0.0211402 	-47.1049 	39.1693 	-2.47065 	0
0.0217116 	-47.6067 	39.4352 	-2.4589 	0
0.0222829 	-48.1023 	39.7015 	-2.44691 	0
0.0228543 	-48.6022 	39.9479 	-2.43514 	0
0.0234256 	-49.078 	40.1942 	-2.42248 	0
0.023997 	-49.5715 	40.429 	-2.41044 	0
0.0245683 	-50.0253 	40.6515 	-2.39708 	0
0.0251397 	-50.479 	40.8739 	-2.38371 	0
0.0257111 	-50.9508 	41.0753 	-2.37061 	0
0.0262824 	-51.3792 	41.2625 	-2.35592 	0
0.0268538 	-51.8075 	41.4498 	-2.34123 	0
0.0274251 	-52.2518 	41.6225 	-2.32664 	0
0.0279965 	-52.6651 	41.7505 	-2.30997 	0
0.0285678 	-53.0642 	41.8801 	-2.2929 	0
0.0291392 	-53.4633 	42.0096 	-2.27584 	0
0.0297106 	-53.8888 	42.1037 	-2.25841 	0
0.0302819 	-54.2525 	42.1558 	-2.23767 	0
0.0308533 	-54.6163 	42.2078 	-2.21693 	0
0.0314246 	-54.98 	42.2599 	-2.19619 	0
0.031996 	-55.3469 	42.3087 	-2.1755 	0
0.0325673 	-55.7096 	42.3032 	-2.15402 	0
0.0331387 	-56.0326 	42.2981 	-2.1313 	0
0.0337101 	-56.3556 	42.293 	-2.10858 	0
0.0342814 	-56.6786 	42.2879 	-2.08585 	0
0.0348528 	-57.0049 	42.2831 	-2.0634 	0
0.0354241 	-57.3292 	42.2825 	-2.04347 	0
0.0359955 	-57.6103 	42.2804 	-2.02218 	0
0.0365668 	-57.8914 	42.2783 	-2.0009 	0
0.0371382 	-58.1724 	42.2762 	-1.97962 	0
0.0377095 	-58.4535 	42.2741 	-1.95834 	0
0.0382809 	-58.751 	42.2765 	-1.93843 	0
0.0388523 	-59.015 	42.2862 	-1.91937 	0
0.0394236 	-59.2559 	42.2953 	-1.89968 	0
0.039995 	-59.4969 	42.3044 	-1.87998 	0
0.0405663 	-59.7378 	42.3135 	-1.86029 	0
0.0411377 	-59.9788 	42.3226 	-1.84059 	0
0.041709 	-60.2197 	42.3317 	-1.8209 	0
0.0422804 	-60.4872 	42.3385 	-1.80335 	0
0.0428518 	-60.69 	42.3431 	-1.7846 	0
0.0434231 	-60.8928 	42.3478 	-1.76585 	0
0.0439945 	-61.0956 	42.3524 	-1.74709 	0
0.0445658 	-61.2984 	42.357 	-1.72834 	0
0.0451372 	-61.5012 	42.3616 	-1.70959 	0
0.0457085 	-61.704 	42.3662 	-1.69084 	0
0.0462799 	-61.9161 	42.3712 	-1.67282 	0
0.0468513 	-62.1223 	42.3766 	-1.6562 	0
0.0474226 	-62.2888 	42.3811 	-1.63866 	0
0.047994 	-62.4554 	42.3856 	-1.62112 	0
0.0485653 	-62.6219 	42.3901 	-1.60358 	0
0.0491367 	-62.7885 	42.3946 	-1.58604 	0
0.049708 	-62.955 	42.3991 	-1.5685 	0
0.0502794 	-63.1216 	42.4036 	-1.55096 	0
0.0508508 	-63.2881 	42.4081 	-1.53343 	0
0.0514221 	-63.4745 	42.4132 	-1.51748 	0
0.0519935 	-63.6262 	42.4175 	-1.50151 	0
0.0525648 	-63.7597 	42.4214 	-1.48516 	0
0.0531362 	-63.8932 	42.4253 	-1.4688 	0
0.0537075 	-64.0267 	42.4292 	-1.45244 	0
0.0542789 	-64.1602 	42.4331 	-1.43609 	0
0.0548503 	-64.2938 	42.4369 	-1.41973 	0
0.0554216 	-64.4273 	42.4408 	-1.40337 	0
0.055993 	-64.5608 	42.4447 	-1.38702 	0
0.0565643 	-64.6943 	42.4486 	-1.37066 	0
0.0571357 	-64.844 	42.453 	-1.35624 	0
0.057707 	-64.9618 	42.4567 	-1.3418 	0
0.0582784 	-65.0634 	42.4601 	-1.32703 	0
0.0588497 	-65.1649 	42.4634 	-1.31226 	0
0.0594211 	-65.2664 	42.4668 	-1.29749 	0
0.0599925 	-65.3679 	42.4701 	-1.28272 	0
0.0605638 	-65.4694 	42.4734 	-1.26795 	0
0.0611352 	-65.5709 	42.4768 	-1.25318 	0
0.0617065 	-65.6725 	42.4801 	-1.23841 	0
0.0622779 	-65.774 	42.4835 	-1.22364 	0
0.0628492 	-65.8755 	42.4868 	-1.20887 	0
0.0634206 	-65.9858 	42.4904 	-1.19481 	0
0.063992 	-66.0938 	42.4942 	-1.18159 	0
0.0645633 	-66.1724 	42.4972 	-1.16782 	0
0.0651347 	-66.251 	42.5003 	-1.15404 	0
0.065706 	-66.3296 	42.5033 	-1.14027 	0
0.0662774 	-66.4083 	42.5064 	-1.12649 	0
0.0668487 	-66.4869 	42.5094 	-1.11272 	0
0.0674201 	-66.5655 	42.5125 	-1.09894 	0
0.0679915 	-66.6441 	42.5155 	-1.08517 	0
0.0685628 	-66.7228 	42.5186 	-1.07139 	0
0.0691342 	-66.8014 	42.5216 	-1.05762 	0
0.0697055 	-66.8811 	42.5247 	-1.04389 	0
0.0702769 	-66.9782 	42.5286 	-1.03111 	0
0.0708482 	-67.0417 	42.5316 	-1.01771 	0
0.0714196 	-67.1051 	42.5346 	-1.00432 	0
0.071991 	-67.1685 	42.5377 	-0.990924 	0
0.0725623 	-67.232 	42.5407 	-0.977529 	0
0.0731337 	-67.2954 	42.5438 	-0.964133 	0
0.073705 	-67.3589 	42.5468 	-0.950738 	0
0.0742764 	-67.4223 	42.5498 	-0.937342 	0
0.0748477 	-67.4858 	42.5529 	-0.923947 	0
0.0754191 	-67.5525 	42.5561 	-0.910738 	0
0.0759905 	-67.6244 	42.5597 	-0.89832 	0
0.0765618 	-67.6753 	42.5628 	-0.88552 	0
0.0771332 	-67.7262 	42.5659 	-0.872721 	0
0.0777045 	-67.7771 	42.569 	-0.859921 	0
0.0782759 	-67.828 	42.5722 	-0.847122 	0
0.0788472 	-67.8789 	42.5753 	-0.834322 	0
0.0794186 	-67.9299 	42.5784 	-0.821522 	0
0.0799899 	-67.9808 	42.5815 	-0.808723 	0
0.0805613 	-68.0419 	42.5851 	-0.796429 	0
0.0811327 	-68.0881 	42.5886 	-0.784142 	0
0.081704 	-68.1299 	42.592 	-0.771773 	0
0.0822754 	-68.1716 	42.5954 	-0.759404 	0
0.0828467 	-68.2134 	42.5988 	-0.747036 	0
0.0834181 	-68.2551 	42.6021 	-0.734667 	0
0.0839894 	-68.2969 	42.6055 	-0.722298 	0
0.0845608 	-68.3387 	42.6089 	-0.709931 	0
0.0851322 	-68.3881 	42.613 	-0.698178 	0
0.0857035 	-68.4229 	42.6168 	-0.686144 	0
0.0862749 	-68.4577 	42.6207 	-0.674111 	0
0.0868462 	-68.4925 	42.6245 	-0.662077 	0
0.0874176 	-68.5273 	42.6283 	-0.650044 	0
0.0879889 	-68.5621 	42.6321 	-0.63801 	0
0.0885603 	-68.6039 	42.6364 	-0.626274 	0
0.0891317 	-68.635 	42.6409 	-0.614523 	0
0.089703 	-68.6645 	42.6453 	-0.602737 	0
0.0902744 	-68.6939 	42.6498 	-0.59095 	0
0.0908457 	-68.7233 	42.6542 	-0.579164 	0
0.0914171 	-68.7527 	42.6587 	-0.567378 	0
0.0919884 	-68.7875 	42.6639 	-0.555915 	0
0.0925598 	-68.8126 	42.6693 	-0.544326 	0
0.0931312 	-68.8377 	42.6746 	-0.532738 	0
0.0937025 	-68.8628 	42.6799 	-0.52115 	0
0.0942739 	-68.8879 	42.6852 	-0.509561 	0
0.0948452 	-68.917 	42.6915 	-0.498231 	0
0.0954166 	-68.9386 	42.698 	-0.486793 	0
0.0959879 	-68.9602 	42.7045 	-0.475354 	0
0.0965593 	-68.9819 	42.711 	-0.463916 	0
0.0971307 	-69.0074 	42.7181 	-0.452648 	0
0.097702 	-69.0261 	42.7261 	-0.441334 	0
0.0982734 	-69.0449 	42.7341 	-0.43002 	0
0.0988447 	-69.0637 	42.742 	-0.418705 	0
0.0994161 	-69.0849 	42.7511 	-0.407552 	0
0.0999874 	-69.1012 	42.7609 	-0.396335 	0
0.100559 	-69.1176 	42.7708 	-0.385117 	0
0.10113 	-69.1362 	42.7812 	-0.374007 	0
0.101702 	-69.1507 	42.7932 	-0.362877 	0
0.102273 	-69.1651 	42.8052 	-0.351743 	0
0.102844 	-69.181 	42.8182 	-0.340712 	0
0.103416 	-69.1937 	42.8327 	-0.329648 	0
0.103987 	-69.2063 	42.8472 	-0.318585 	0
0.104558 	-69.2195 	42.8642 	-0.30763 	0
0.10513 	-69.2306 	42.8816 	-0.296616 	0
0.105701 	-69.2423 	42.901 	-0.285703 	0
0.106272 	-69.2522 	42.9214 	-0.274758 	0
0.106844 	-69.2624 	42.9444 	-0.263885 	0
0.107415 	-69.2715 	42.9684 	-0.252993 	0
0.107986 	-69.2798 	42.9959 	-0.242229 	0
0.108558 	-69.2872 	43.0027 	-0.231455 	0
0.109129 	-69.2925 	42.8915 	-0.218931 	0
0.109701 	-69.2944 	42.4191 	-0.200369 	0
0.110272 	-69.297 	41.2006 	-0.169884 	0
0.110843 	-69.3041 	39.3347 	-0.133004 	0
0.111415 	-69.3134 	37.1664 	-0.0977154 	0
0.111986 	-69.3274 	34.7924 	-0.0665856 	0
0.112557 	-69.3481 	32.0338 	-0.0397717 	0
0.113129 	-69.3741 	27.9084 	-0.0167101 	0
0.1137 	-69.394 	1.1745e-10 	-3.9297e-15 	0
