0 	-46.1528 	0 	0 	0
0.000571357 	-46.5732 	-0.0963421 	-0.115117 	0
0.00114271 	-47.2409 	0.596185 	-0.251323 	0
0.00171407 	-47.8555 	1.26735 	-0.388938 	0
0.00228543 	-48.3722 	1.96739 	-0.526587 	0
0.00285678 	-48.7935 	2.71803 	-0.664061 	0
0.00342814 	-49.13 	3.53361 	-0.800707 	0
0.0039995 	-49.4009 	4.42412 	-0.936581 	0
0.00457085 	-49.6211 	5.39823 	-1.07158 	0
0.00514221 	-49.8059 	6.46051 	-1.20479 	0
0.00571357 	-49.9695 	7.61693 	-1.33659 	0
0.00628492 	-50.0704 	8.87395 	-1.46632 	0
0.00685628 	-50.0496 	10.2734 	-1.59324 	0
0.00742764 	-50.0495 	11.8446 	-1.71709 	0
0.00799899 	-50.1301 	13.5529 	-1.83483 	0
0.00857035 	-50.2451 	15.3673 	-1.94967 	0
0.00914171 	-50.4034 	17.267 	-2.0581 	0
0.00971307 	-50.5941 	19.2286 	-2.16336 	0
0.0102844 	-50.8543 	21.1869 	-2.26042 	0
0.0108558 	-51.1645 	23.0963 	-2.34999 	0
0.0114271 	-51.4809 	24.9632 	-2.43275 	0
0.0119985 	-51.8014 	26.8532 	-2.50797 	0
0.0125698 	-52.075 	28.4897 	-2.56524 	0
0.0131412 	-52.523 	31.0042 	-2.63602 	0
0.0137126 	-52.9954 	33.3581 	-2.68701 	0
0.0142839 	-53.5074 	34.7894 	-2.70879 	0
0.0148553 	-54.0041 	35.3449 	-2.70963 	0
0.0154266 	-54.4942 	35.8228 	-2.70587 	0
0.015998 	-54.9841 	36.2311 	-2.69804 	0
0.0165693 	-55.4562 	36.645 	-2.69074 	0
0.0171407 	-55.9267 	37.0361 	-2.68208 	0
0.0177121 	-56.3963 	37.4032 	-2.67224 	0
0.0182834 	-56.8293 	37.7563 	-2.66088 	0
0.0188548 	-57.264 	38.089 	-2.64874 	0
0.0194261 	-57.7249 	38.405 	-2.63689 	0
0.0199975 	-58.1152 	38.7169 	-2.62305 	0
0.0205688 	-58.5606 	39.0059 	-2.61016 	0
0.0211402 	-58.9457 	39.2942 	-2.59572 	0
0.0217116 	-59.3745 	39.5621 	-2.5821 	0
0.0222829 	-59.7251 	39.832 	-2.56657 	0
0.0228543 	-60.1693 	40.0803 	-2.55317 	0
0.0234256 	-60.5001 	40.3293 	-2.53713 	0
0.023997 	-60.8819 	40.5674 	-2.52219 	0
0.0245683 	-61.2594 	40.7917 	-2.5072 	0
0.0251397 	-61.5688 	41.0176 	-2.49074 	0
0.0257111 	-61.9405 	41.2233 	-2.47521 	0
0.0262824 	-62.2963 	41.4137 	-2.45913 	0
0.0268538 	-62.5818 	41.607 	-2.44172 	0
0.0274251 	-62.8912 	41.787 	-2.42438 	0
0.0279965 	-63.2839 	41.9169 	-2.40721 	0
0.0285678 	-63.5438 	42.0556 	-2.38784 	0
0.0291392 	-63.8036 	42.1942 	-2.36846 	0
0.0297106 	-64.106 	42.2974 	-2.34852 	0
0.0302819 	-64.4596 	42.35 	-2.32761 	0
0.0308533 	-64.6901 	42.41 	-2.30468 	0
0.0314246 	-64.9205 	42.47 	-2.28176 	0
0.031996 	-65.156 	42.5265 	-2.25884 	0
0.0325673 	-65.4791 	42.5214 	-2.23612 	0
0.0331387 	-65.7369 	42.5168 	-2.21217 	0
0.0337101 	-65.9355 	42.5127 	-2.18712 	0
0.0342814 	-66.1342 	42.5086 	-2.16207 	0
0.0348528 	-66.3379 	42.5046 	-2.13724 	0
0.0354241 	-66.619 	42.5025 	-2.11596 	0
0.0359955 	-66.865 	42.4993 	-2.094 	0
0.0365668 	-67.0318 	42.4937 	-2.0705 	0
0.0371382 	-67.1987 	42.4882 	-2.047 	0
0.0377095 	-67.3655 	42.4826 	-2.02349 	0
0.0382809 	-67.5572 	42.4819 	-2.00127 	0
0.0388523 	-67.7981 	42.491 	-1.98157 	0
0.0394236 	-68.0053 	42.4992 	-1.96129 	0
0.039995 	-68.1421 	42.5056 	-1.93976 	0
0.0405663 	-68.2789 	42.512 	-1.91824 	0
0.0411377 	-68.4156 	42.5184 	-1.89672 	0
0.041709 	-68.5524 	42.5248 	-1.87519 	0
0.0422804 	-68.7401 	42.5298 	-1.85581 	0
0.0428518 	-68.9429 	42.5344 	-1.83706 	0
0.0434231 	-69.1024 	42.5381 	-1.81762 	0
0.0439945 	-69.212 	42.5406 	-1.7974 	0
0.0445658 	-69.3217 	42.5432 	-1.77718 	0
0.0451372 	-69.4313 	42.5458 	-1.75695 	0
0.0457085 	-69.541 	42.5484 	-1.73673 	0
0.0462799 	-69.6647 	42.5515 	-1.71717 	0
0.0468513 	-69.8312 	42.556 	-1.69963 	0
0.0474226 	-69.9978 	42.5605 	-1.68209 	0
0.047994 	-70.1151 	42.5638 	-1.66383 	0
0.0485653 	-70.2 	42.5665 	-1.6451 	0
0.0491367 	-70.2849 	42.5691 	-1.62637 	0
0.049708 	-70.3697 	42.5717 	-1.60765 	0
0.0502794 	-70.4546 	42.5743 	-1.58892 	0
0.0508508 	-70.5395 	42.5769 	-1.57019 	0
0.0514221 	-70.6544 	42.5803 	-1.55293 	0
0.0519935 	-70.788 	42.5842 	-1.53657 	0
0.0525648 	-70.9215 	42.5881 	-1.52021 	0
0.0531362 	-71.0139 	42.5911 	-1.50332 	0
0.0537075 	-71.0774 	42.5933 	-1.48604 	0
0.0542789 	-71.141 	42.5956 	-1.46876 	0
0.0548503 	-71.2046 	42.5979 	-1.45148 	0
0.0554216 	-71.2681 	42.6002 	-1.4342 	0
0.055993 	-71.3317 	42.6025 	-1.41692 	0
0.0565643 	-71.3952 	42.6047 	-1.39965 	0
0.0571357 	-71.4864 	42.6078 	-1.38419 	0
0.057707 	-71.5879 	42.6111 	-1.36942 	0
0.0582784 	-71.6894 	42.6145 	-1.35465 	0
0.0588497 	-71.7768 	42.6175 	-1.3397 	0
0.0594211 	-71.8222 	42.6195 	-1.32422 	0
0.0599925 	-71.8676 	42.6216 	-1.30874 	0
0.0605638 	-71.913 	42.6236 	-1.29326 	0
0.0611352 	-71.9585 	42.6257 	-1.27777 	0
0.0617065 	-72.0039 	42.6277 	-1.26229 	0
0.0622779 	-72.0493 	42.6297 	-1.24681 	0
0.0628492 	-72.0947 	42.6318 	-1.23133 	0
0.0634206 	-72.153 	42.6342 	-1.21651 	0
0.063992 	-72.2316 	42.6373 	-1.20273 	0
0.0645633 	-72.3102 	42.6403 	-1.18896 	0
0.0651347 	-72.3888 	42.6434 	-1.17518 	0
0.065706 	-72.4264 	42.6455 	-1.16091 	0
0.0662774 	-72.46 	42.6475 	-1.14659 	0
0.0668487 	-72.4936 	42.6495 	-1.13227 	0
0.0674201 	-72.5273 	42.6515 	-1.11795 	0
0.0679915 	-72.5609 	42.6535 	-1.10363 	0
0.0685628 	-72.5945 	42.6555 	-1.08931 	0
0.0691342 	-72.6281 	42.6575 	-1.07499 	0
0.0697055 	-72.6631 	42.6596 	-1.06071 	0
0.0702769 	-72.7266 	42.6626 	-1.04731 	0
0.0708482 	-72.79 	42.6657 	-1.03392 	0
0.0714196 	-72.8528 	42.6687 	-1.02052 	0
0.071991 	-72.8787 	42.6709 	-1.0067 	0
0.0725623 	-72.9045 	42.673 	-0.992891 	0
0.0731337 	-72.9303 	42.6752 	-0.979079 	0
0.073705 	-72.9561 	42.6774 	-0.965266 	0
0.0742764 	-72.982 	42.6795 	-0.951454 	0
0.0748477 	-73.0078 	42.6817 	-0.937641 	0
0.0754191 	-73.0375 	42.684 	-0.923986 	0
0.0759905 	-73.0884 	42.6871 	-0.911186 	0
0.0765618 	-73.1393 	42.6902 	-0.898387 	0
0.0771332 	-73.1741 	42.693 	-0.885414 	0
0.0777045 	-73.1936 	42.6954 	-0.872275 	0
0.0782759 	-73.2131 	42.6977 	-0.859137 	0
0.0788472 	-73.2325 	42.7001 	-0.845998 	0
0.0794186 	-73.252 	42.7025 	-0.832859 	0
0.0799899 	-73.2715 	42.7049 	-0.819721 	0
0.0805613 	-73.3027 	42.7078 	-0.806988 	0
0.0811327 	-73.3444 	42.7112 	-0.794619 	0
0.081704 	-73.3803 	42.7144 	-0.782187 	0
0.0822754 	-73.3955 	42.7172 	-0.769532 	0
0.0828467 	-73.4107 	42.7199 	-0.756877 	0
0.0834181 	-73.4258 	42.7226 	-0.744222 	0
0.0839894 	-73.441 	42.7254 	-0.731567 	0
0.0845608 	-73.4562 	42.7281 	-0.718913 	0
0.0851322 	-73.491 	42.7319 	-0.706879 	0
0.0857035 	-73.5259 	42.7357 	-0.694846 	0
0.0862749 	-73.5382 	42.739 	-0.682565 	0
0.0868462 	-73.5503 	42.7423 	-0.670282 	0
0.0874176 	-73.5624 	42.7455 	-0.657998 	0
0.0879889 	-73.5745 	42.7488 	-0.645715 	0
0.0885603 	-73.5942 	42.7526 	-0.63365 	0
0.0891317 	-73.6236 	42.757 	-0.621863 	0
0.089703 	-73.6397 	42.7611 	-0.609924 	0
0.0902744 	-73.6496 	42.7651 	-0.597914 	0
0.0908457 	-73.6595 	42.7691 	-0.585904 	0
0.0914171 	-73.6694 	42.773 	-0.573894 	0
0.0919884 	-73.6901 	42.778 	-0.562185 	0
0.0925598 	-73.7122 	42.7832 	-0.550559 	0
0.0931312 	-73.7204 	42.7881 	-0.538765 	0
0.0937025 	-73.7286 	42.793 	-0.526971 	0
0.0942739 	-73.7368 	42.7979 	-0.515178 	0
0.0948452 	-73.7547 	42.8039 	-0.50364 	0
0.0954166 	-73.7707 	42.8103 	-0.492127 	0
0.0959879 	-73.7776 	42.8164 	-0.480498 	0
0.0965593 	-73.7845 	42.8225 	-0.468868 	0
0.0971307 	-73.7957 	42.8292 	-0.457353 	0
0.097702 	-73.8119 	42.8371 	-0.446002 	0
0.0982734 	-73.8178 	42.8447 	-0.434506 	0
0.0988447 	-73.8237 	42.8523 	-0.42301 	0
0.0994161 	-73.8356 	42.8612 	-0.411671 	0
0.0999874 	-73.8457 	42.8708 	-0.400358 	0
0.100559 	-73.8508 	42.8803 	-0.388967 	0
0.10113 	-73.8582 	42.8904 	-0.377639 	0
0.101702 	-73.8689 	42.9023 	-0.366444 	0
0.102273 	-73.8733 	42.9139 	-0.355141 	0
0.102844 	-73.8807 	42.9266 	-0.343924 	0
0.103416 	-73.8881 	42.941 	-0.332764 	0
0.103987 	-73.892 	42.9552 	-0.321535 	0
0.104558 	-73.9007 	42.972 	-0.310459 	0
0.10513 	-73.904 	42.9891 	-0.299284 	0
0.105701 	-73.9112 	43.0083 	-0.288247 	0
0.106272 	-73.9142 	43.0285 	-0.277145 	0
0.106844 	-73.9201 	43.0512 	-0.266142 	0
0.107415 	-73.923 	43.0749 	-0.255073 	0
0.107986 	-73.9274 	43.1024 	-0.244159 	0
0.108558 	-73.931 	43.1156 	-0.233293 	0
0.109129 	-73.9326 	43.0285 	-0.220905 	0
0.109701 	-73.931 	42.646 	-0.203816 	0
0.110272 	-73.9311 	41.528 	-0.174896 	0
0.110843 	-73.9369 	39.691 	-0.137546 	0
0.111415 	-73.9442 	37.4963 	-0.101132 	0
0.111986 	-73.9571 	35.08 	-0.0689411 	0
0.112557 	-73.977 	32.2825 	-0.0412622 	0
0.113129 	-74.003 	28.1177 	-0.0173874 	0
0.1137 	-74.0236 	1.19057e-10 	-4.17511e-15 	0
