0 	-196.136 	0 	0 	0
0.000571357 	-196.075 	-4.00022 	0.260373 	0
0.00114271 	-196.059 	-4.1752 	0.454042 	0
0.00171407 	-196.115 	-4.02758 	0.60628 	0
0.00228543 	-196.215 	-3.78682 	0.733619 	0
0.00285678 	-196.341 	-3.50055 	0.842029 	0
0.00342814 	-196.479 	-3.18357 	0.933412 	0
0.0039995 	-196.618 	-2.84305 	1.00922 	0
0.00457085 	-196.752 	-2.48401 	1.06978 	0
0.00514221 	-196.876 	-2.10587 	1.11482 	0
0.00571357 	-196.985 	-1.7123 	1.14371 	0
0.00628492 	-197.078 	-1.30069 	1.15527 	0
0.00685628 	-197.148 	-0.865479 	1.14721 	0
0.00742764 	-197.181 	-0.396598 	1.11605 	0
0.00799899 	-197.146 	0.154409 	1.05225 	0
0.00857035 	-197.025 	0.824453 	0.951815 	0
0.00914171 	-196.78 	1.72127 	0.799246 	0
0.00971307 	-196.422 	2.93343 	0.59662 	0
0.0102844 	-195.962 	4.65205 	0.344841 	0
0.0108558 	-195.446 	6.93448 	0.0659719 	0
0.0114271 	-194.894 	9.76155 	-0.211456 	0
0.0119985 	-194.294 	13.1372 	-0.4643 	0
0.0125698 	-193.738 	16.3193 	-0.639546 	0
0.0131412 	-192.799 	21.5137 	-0.792223 	0
0.0137126 	-191.955 	26.2296 	-0.818846 	0
0.0142839 	-191.249 	29.9244 	-0.822176 	0
0.0148553 	-190.602 	32.4852 	-0.862718 	0
0.0154266 	-189.887 	34.6571 	-0.904851 	0
0.015998 	-189.117 	36.0159 	-0.936701 	0
0.0165693 	-188.322 	36.8121 	-0.960678 	0
0.0171407 	-187.51 	37.4379 	-0.980683 	0
0.0177121 	-186.682 	37.9984 	-0.998427 	0
0.0182834 	-185.843 	38.5087 	-1.01436 	0
0.0188548 	-184.999 	38.9687 	-1.02836 	0
0.0194261 	-184.139 	39.3889 	-1.04075 	0
0.0199975 	-183.28 	39.7919 	-1.05247 	0
0.0205688 	-182.408 	40.1495 	-1.06217 	0
0.0211402 	-181.537 	40.5016 	-1.07163 	0
0.0217116 	-180.662 	40.8174 	-1.07948 	0
0.0222829 	-179.79 	41.1334 	-1.08736 	0
0.0228543 	-178.908 	41.4146 	-1.09343 	0
0.0234256 	-178.034 	41.6938 	-1.09947 	0
0.023997 	-177.154 	41.9592 	-1.10475 	0
0.0245683 	-176.282 	42.206 	-1.1092 	0
0.0251397 	-175.411 	42.4528 	-1.11366 	0
0.0257111 	-174.537 	42.6844 	-1.11715 	0
0.0262824 	-173.674 	42.9028 	-1.12002 	0
0.0268538 	-172.811 	43.1212 	-1.12289 	0
0.0274251 	-171.947 	43.3332 	-1.1254 	0
0.0279965 	-171.096 	43.522 	-1.12684 	0
0.0285678 	-170.247 	43.7109 	-1.12838 	0
0.0291392 	-169.399 	43.8998 	-1.12991 	0
0.0297106 	-168.554 	44.0643 	-1.13028 	0
0.0302819 	-167.726 	44.1949 	-1.12939 	0
0.0308533 	-166.898 	44.3255 	-1.12854 	0
0.0314246 	-166.071 	44.4561 	-1.12768 	0
0.031996 	-165.245 	44.5811 	-1.12662 	0
0.0325673 	-164.454 	44.6089 	-1.12218 	0
0.0331387 	-163.668 	44.6372 	-1.11799 	0
0.0337101 	-162.882 	44.6655 	-1.1138 	0
0.0342814 	-162.096 	44.6937 	-1.10961 	0
0.0348528 	-161.313 	44.7189 	-1.10529 	0
0.0354241 	-160.587 	44.6968 	-1.09913 	0
0.0359955 	-159.866 	44.6748 	-1.09325 	0
0.0365668 	-159.145 	44.6528 	-1.08737 	0
0.0371382 	-158.423 	44.6308 	-1.08149 	0
0.0377095 	-157.702 	44.6089 	-1.07561 	0
0.0382809 	-157.001 	44.589 	-1.06946 	0
0.0388523 	-156.345 	44.5735 	-1.06301 	0
0.0394236 	-155.69 	44.5581 	-1.05674 	0
0.039995 	-155.036 	44.5426 	-1.05047 	0
0.0405663 	-154.382 	44.5271 	-1.0442 	0
0.0411377 	-153.728 	44.5116 	-1.03793 	0
0.041709 	-153.074 	44.4961 	-1.03166 	0
0.0422804 	-152.471 	44.482 	-1.02479 	0
0.0428518 	-151.887 	44.4684 	-1.01812 	0
0.0434231 	-151.303 	44.4548 	-1.01148 	0
0.0439945 	-150.719 	44.4411 	-1.00483 	0
0.0445658 	-150.135 	44.4275 	-0.998185 	0
0.0451372 	-149.551 	44.4139 	-0.99154 	0
0.0457085 	-148.967 	44.4003 	-0.984895 	0
0.0462799 	-148.4 	44.3871 	-0.978086 	0
0.0468513 	-147.886 	44.3754 	-0.970875 	0
0.0474226 	-147.374 	44.3637 	-0.963913 	0
0.047994 	-146.862 	44.3521 	-0.956952 	0
0.0485653 	-146.349 	44.3404 	-0.949991 	0
0.0491367 	-145.837 	44.3287 	-0.94303 	0
0.049708 	-145.325 	44.3171 	-0.936068 	0
0.0502794 	-144.813 	44.3054 	-0.929107 	0
0.0508508 	-144.301 	44.2937 	-0.922146 	0
0.0514221 	-143.832 	44.2832 	-0.914869 	0
0.0519935 	-143.391 	44.2735 	-0.907555 	0
0.0525648 	-142.951 	44.2638 	-0.900387 	0
0.0531362 	-142.511 	44.254 	-0.89322 	0
0.0537075 	-142.071 	44.2443 	-0.886052 	0
0.0542789 	-141.631 	44.2346 	-0.878885 	0
0.0548503 	-141.191 	44.2249 	-0.871717 	0
0.0554216 	-140.75 	44.2151 	-0.86455 	0
0.055993 	-140.31 	44.2054 	-0.857382 	0
0.0565643 	-139.87 	44.1957 	-0.850215 	0
0.0571357 	-139.487 	44.1875 	-0.842895 	0
0.057707 	-139.126 	44.1799 	-0.835635 	0
0.0582784 	-138.766 	44.1722 	-0.828511 	0
0.0588497 	-138.405 	44.1646 	-0.821388 	0
0.0594211 	-138.044 	44.157 	-0.814265 	0
0.0599925 	-137.684 	44.1494 	-0.807142 	0
0.0605638 	-137.323 	44.1417 	-0.800019 	0
0.0611352 	-136.962 	44.1341 	-0.792896 	0
0.0617065 	-136.602 	44.1265 	-0.785773 	0
0.0622779 	-136.241 	44.1189 	-0.77865 	0
0.0628492 	-135.881 	44.1112 	-0.771527 	0
0.0634206 	-135.544 	44.1043 	-0.7643 	0
0.063992 	-135.244 	44.0983 	-0.756935 	0
0.0645633 	-134.945 	44.0924 	-0.749762 	0
0.0651347 	-134.646 	44.0865 	-0.742589 	0
0.065706 	-134.347 	44.0806 	-0.735416 	0
0.0662774 	-134.047 	44.0747 	-0.728244 	0
0.0668487 	-133.748 	44.0688 	-0.721071 	0
0.0674201 	-133.449 	44.0629 	-0.713898 	0
0.0679915 	-133.15 	44.0569 	-0.706725 	0
0.0685628 	-132.851 	44.051 	-0.699553 	0
0.0691342 	-132.552 	44.0451 	-0.69238 	0
0.0697055 	-132.254 	44.0393 	-0.685189 	0
0.0702769 	-132 	44.0347 	-0.677626 	0
0.0708482 	-131.745 	44.0302 	-0.670249 	0
0.0714196 	-131.49 	44.0257 	-0.662883 	0
0.071991 	-131.235 	44.0211 	-0.655517 	0
0.0725623 	-130.98 	44.0166 	-0.648151 	0
0.0731337 	-130.725 	44.0121 	-0.640786 	0
0.073705 	-130.47 	44.0075 	-0.63342 	0
0.0742764 	-130.215 	44.003 	-0.626054 	0
0.0748477 	-129.96 	43.9984 	-0.618688 	0
0.0754191 	-129.712 	43.9941 	-0.611298 	0
0.0759905 	-129.498 	43.9909 	-0.603809 	0
0.0765618 	-129.283 	43.9877 	-0.596463 	0
0.0771332 	-129.069 	43.9845 	-0.589117 	0
0.0777045 	-128.855 	43.9813 	-0.581772 	0
0.0782759 	-128.64 	43.978 	-0.574426 	0
0.0788472 	-128.426 	43.9748 	-0.56708 	0
0.0794186 	-128.212 	43.9716 	-0.559734 	0
0.0799899 	-127.998 	43.9684 	-0.552388 	0
0.0805613 	-127.801 	43.9658 	-0.544967 	0
0.0811327 	-127.619 	43.9638 	-0.537591 	0
0.081704 	-127.437 	43.9618 	-0.530265 	0
0.0822754 	-127.255 	43.9598 	-0.52294 	0
0.0828467 	-127.073 	43.9578 	-0.515614 	0
0.0834181 	-126.891 	43.9557 	-0.508289 	0
0.0839894 	-126.71 	43.9537 	-0.500963 	0
0.0845608 	-126.528 	43.9517 	-0.493638 	0
0.0851322 	-126.372 	43.9509 	-0.486228 	0
0.0857035 	-126.217 	43.95 	-0.478929 	0
0.0862749 	-126.061 	43.9492 	-0.471631 	0
0.0868462 	-125.905 	43.9484 	-0.464332 	0
0.0874176 	-125.75 	43.9475 	-0.457034 	0
0.0879889 	-125.594 	43.9467 	-0.449735 	0
0.0885603 	-125.448 	43.9464 	-0.442383 	0
0.0891317 	-125.314 	43.9468 	-0.435077 	0
0.089703 	-125.18 	43.9472 	-0.4278 	0
0.0902744 	-125.046 	43.9475 	-0.420524 	0
0.0908457 	-124.912 	43.9479 	-0.413247 	0
0.0914171 	-124.778 	43.9483 	-0.405971 	0
0.0919884 	-124.657 	43.9496 	-0.398633 	0
0.0925598 	-124.541 	43.9513 	-0.391379 	0
0.0931312 	-124.425 	43.9531 	-0.384126 	0
0.0937025 	-124.309 	43.9548 	-0.376872 	0
0.0942739 	-124.193 	43.9565 	-0.369619 	0
0.0948452 	-124.088 	43.9593 	-0.362314 	0
0.0954166 	-123.988 	43.9625 	-0.35508 	0
0.0959879 	-123.887 	43.9657 	-0.347846 	0
0.0965593 	-123.786 	43.969 	-0.340612 	0
0.0971307 	-123.69 	43.9728 	-0.333337 	0
0.097702 	-123.602 	43.9778 	-0.326115 	0
0.0982734 	-123.514 	43.9827 	-0.3189 	0
0.0988447 	-123.427 	43.9877 	-0.311686 	0
0.0994161 	-123.345 	43.9938 	-0.304435 	0
0.0999874 	-123.268 	44.0008 	-0.297239 	0
0.100559 	-123.191 	44.0078 	-0.290044 	0
0.10113 	-123.117 	44.0154 	-0.282821 	0
0.101702 	-123.049 	44.0247 	-0.275633 	0
0.102273 	-122.982 	44.034 	-0.268453 	0
0.102844 	-122.917 	44.0442 	-0.261248 	0
0.103416 	-122.858 	44.0562 	-0.254092 	0
0.103987 	-122.799 	44.0681 	-0.246936 	0
0.104558 	-122.745 	44.0825 	-0.239755 	0
0.10513 	-122.693 	44.0973 	-0.232604 	0
0.105701 	-122.645 	44.1141 	-0.225453 	0
0.106272 	-122.598 	44.132 	-0.218343 	0
0.106844 	-122.556 	44.1522 	-0.211195 	0
0.107415 	-122.515 	44.1736 	-0.204061 	0
0.107986 	-122.479 	44.1981 	-0.19698 	0
0.108558 	-122.445 	44.2246 	-0.189882 	0
0.109129 	-122.413 	44.2537 	-0.182773 	0
0.109701 	-122.384 	44.2824 	-0.175728 	0
0.110272 	-122.359 	44.2386 	-0.168143 	0
0.110843 	-122.332 	43.6453 	-0.152503 	0
0.111415 	-122.317 	41.7905 	-0.118059 	0
0.111986 	-122.312 	38.8665 	-0.0784203 	0
0.112557 	-122.32 	35.4496 	-0.0451477 	0
0.113129 	-122.339 	30.759 	-0.0188505 	0
0.1137 	-122.36 	1.35485e-10 	-4.93913e-15 	0
