0 	-43.238 	0 	0 	0
0.000571357 	-43.4157 	6.83819 	-0.0656447 	0
0.00114271 	-43.7304 	7.76843 	-0.151464 	0
0.00171407 	-44.0421 	8.53273 	-0.238704 	0
0.00228543 	-44.3299 	9.26722 	-0.32567 	0
0.00285678 	-44.5907 	10.004 	-0.411486 	0
0.00342814 	-44.8275 	10.7569 	-0.49611 	0
0.0039995 	-45.0431 	11.5336 	-0.579066 	0
0.00457085 	-45.2406 	12.3406 	-0.660072 	0
0.00514221 	-45.4234 	13.1838 	-0.738656 	0
0.00571357 	-45.596 	14.0702 	-0.814853 	0
0.00628492 	-45.7622 	15.0049 	-0.888056 	0
0.00685628 	-45.9264 	15.9923 	-0.957762 	0
0.00742764 	-46.0935 	17.0364 	-1.02371 	0
0.00799899 	-46.2586 	18.1389 	-1.08538 	0
0.00857035 	-46.3181 	19.355 	-1.14111 	0
0.00914171 	-46.4583 	20.7192 	-1.189 	0
0.00971307 	-46.6696 	22.165 	-1.23194 	0
0.0102844 	-46.921 	23.6411 	-1.27047 	0
0.0108558 	-47.2195 	25.077 	-1.30482 	0
0.0114271 	-47.5324 	26.4404 	-1.33557 	0
0.0119985 	-47.8404 	27.8598 	-1.36251 	0
0.0125698 	-48.1565 	29.369 	-1.38391 	0
0.0131412 	-48.579 	31.1952 	-1.40286 	0
0.0137126 	-49.0035 	33.0599 	-1.41694 	0
0.0142839 	-49.4764 	33.6285 	-1.42873 	0
0.0148553 	-49.9567 	34.1285 	-1.43963 	0
0.0154266 	-50.4438 	34.6005 	-1.44924 	0
0.015998 	-50.9339 	35.0339 	-1.45715 	0
0.0165693 	-51.4293 	35.4345 	-1.46358 	0
0.0171407 	-51.9294 	35.8133 	-1.46897 	0
0.0177121 	-52.4277 	36.1838 	-1.47404 	0
0.0182834 	-52.9341 	36.5559 	-1.479 	0
0.0188548 	-53.4411 	36.9273 	-1.48392 	0
0.0194261 	-53.9497 	37.2888 	-1.4884 	0
0.0199975 	-54.4612 	37.6328 	-1.49208 	0
0.0205688 	-54.9752 	37.9562 	-1.49484 	0
0.0211402 	-55.4911 	38.2611 	-1.49675 	0
0.0217116 	-56.0061 	38.5511 	-1.49807 	0
0.0222829 	-56.5198 	38.8351 	-1.4992 	0
0.0228543 	-57.0364 	39.1159 	-1.50008 	0
0.0234256 	-57.5566 	39.3936 	-1.5007 	0
0.023997 	-58.0721 	39.6607 	-1.50108 	0
0.0245683 	-58.5889 	39.9101 	-1.50071 	0
0.0251397 	-59.11 	40.1508 	-1.49976 	0
0.0257111 	-59.6209 	40.3398 	-1.4972 	0
0.0262824 	-60.1411 	40.5235 	-1.49387 	0
0.0268538 	-60.6487 	40.6531 	-1.48888 	0
0.0274251 	-61.1623 	40.7782 	-1.48322 	0
0.0279965 	-61.6628 	40.8687 	-1.47677 	0
0.0285678 	-62.17 	40.9601 	-1.46972 	0
0.0291392 	-62.6605 	41.0403 	-1.46303 	0
0.0297106 	-63.1606 	41.1213 	-1.45551 	0
0.0302819 	-63.6445 	41.198 	-1.44864 	0
0.0308533 	-64.1319 	41.2753 	-1.44136 	0
0.0314246 	-64.6141 	41.3393 	-1.43362 	0
0.031996 	-65.0873 	41.3872 	-1.42559 	0
0.0325673 	-65.5673 	41.4385 	-1.4169 	0
0.0331387 	-66.0302 	41.4526 	-1.40746 	0
0.0337101 	-66.4919 	41.46 	-1.39757 	0
0.0342814 	-66.9576 	41.4689 	-1.38713 	0
0.0348528 	-67.4017 	41.4685 	-1.37744 	0
0.0354241 	-67.8477 	41.468 	-1.36738 	0
0.0359955 	-68.2967 	41.4674 	-1.35678 	0
0.0365668 	-68.7274 	41.4764 	-1.3473 	0
0.0371382 	-69.1575 	41.4861 	-1.33774 	0
0.0377095 	-69.5904 	41.4958 	-1.32751 	0
0.0382809 	-70.0118 	41.503 	-1.31761 	0
0.0388523 	-70.426 	41.5086 	-1.30793 	0
0.0394236 	-70.842 	41.5143 	-1.29764 	0
0.039995 	-71.2578 	41.5201 	-1.28719 	0
0.0405663 	-71.6558 	41.5264 	-1.27753 	0
0.0411377 	-72.0539 	41.5327 	-1.26785 	0
0.041709 	-72.4529 	41.5387 	-1.25741 	0
0.0422804 	-72.8492 	41.5465 	-1.24716 	0
0.0428518 	-73.2316 	41.5631 	-1.23782 	0
0.0434231 	-73.6139 	41.5797 	-1.22848 	0
0.0439945 	-73.9961 	41.5959 	-1.21844 	0
0.0445658 	-74.3783 	41.6121 	-1.20839 	0
0.0451372 	-74.7459 	41.6334 	-1.19916 	0
0.0457085 	-75.1133 	41.6547 	-1.18995 	0
0.0462799 	-75.4799 	41.6761 	-1.18031 	0
0.0468513 	-75.846 	41.6974 	-1.17046 	0
0.0474226 	-76.2054 	41.7165 	-1.16083 	0
0.047994 	-76.5577 	41.7331 	-1.15145 	0
0.0485653 	-76.9099 	41.7498 	-1.14207 	0
0.0491367 	-77.26 	41.7666 	-1.13213 	0
0.049708 	-77.61 	41.7833 	-1.12216 	0
0.0502794 	-77.9519 	41.798 	-1.11252 	0
0.0508508 	-78.2886 	41.8111 	-1.10309 	0
0.0514221 	-78.6252 	41.8243 	-1.09366 	0
0.0519935 	-78.9592 	41.8375 	-1.08376 	0
0.0525648 	-79.2927 	41.8507 	-1.07378 	0
0.0531362 	-79.6221 	41.864 	-1.06401 	0
0.0537075 	-79.9435 	41.8776 	-1.05464 	0
0.0542789 	-80.265 	41.8912 	-1.04526 	0
0.0548503 	-80.5849 	41.9048 	-1.0357 	0
0.0554216 	-80.9024 	41.9183 	-1.02584 	0
0.055993 	-81.2198 	41.9318 	-1.01597 	0
0.0565643 	-81.5304 	41.9449 	-1.00646 	0
0.0571357 	-81.8372 	41.9579 	-0.997132 	0
0.057707 	-82.144 	41.9708 	-0.987806 	0
0.0582784 	-82.4488 	41.9837 	-0.978281 	0
0.0588497 	-82.751 	41.9966 	-0.968516 	0
0.0594211 	-83.0532 	42.0094 	-0.958752 	0
0.0599925 	-83.3481 	42.0215 	-0.949311 	0
0.0605638 	-83.6358 	42.0329 	-0.940191 	0
0.0611352 	-83.9235 	42.0442 	-0.931071 	0
0.0617065 	-84.211 	42.0556 	-0.921932 	0
0.0622779 	-84.4936 	42.0668 	-0.912435 	0
0.0628492 	-84.7763 	42.0781 	-0.902937 	0
0.0634206 	-85.059 	42.0893 	-0.89344 	0
0.063992 	-85.3355 	42.0998 	-0.884333 	0
0.0645633 	-85.6111 	42.11 	-0.875289 	0
0.0651347 	-85.8867 	42.1203 	-0.866245 	0
0.065706 	-86.16 	42.1305 	-0.857067 	0
0.0662774 	-86.4302 	42.1407 	-0.847698 	0
0.0668487 	-86.7004 	42.1509 	-0.838328 	0
0.0674201 	-86.9706 	42.161 	-0.829013 	0
0.0679915 	-87.2409 	42.1712 	-0.81989 	0
0.0685628 	-87.5112 	42.1814 	-0.810768 	0
0.0691342 	-87.7813 	42.1916 	-0.801637 	0
0.0697055 	-88.0459 	42.2017 	-0.792231 	0
0.0702769 	-88.3105 	42.2117 	-0.782825 	0
0.0708482 	-88.5749 	42.2218 	-0.773448 	0
0.0714196 	-88.8372 	42.2326 	-0.764436 	0
0.071991 	-89.0994 	42.2434 	-0.755424 	0
0.0725623 	-89.361 	42.2542 	-0.746384 	0
0.0731337 	-89.6175 	42.2649 	-0.737132 	0
0.073705 	-89.8739 	42.2755 	-0.727881 	0
0.0742764 	-90.1303 	42.2867 	-0.718762 	0
0.0748477 	-90.3864 	42.2989 	-0.709857 	0
0.0754191 	-90.6426 	42.3112 	-0.700951 	0
0.0759905 	-90.895 	42.3233 	-0.691916 	0
0.0765618 	-91.1453 	42.3353 	-0.682809 	0
0.0771332 	-91.3958 	42.3474 	-0.673739 	0
0.0777045 	-91.6474 	42.3603 	-0.664937 	0
0.0782759 	-91.8991 	42.3731 	-0.656135 	0
0.0788472 	-92.1473 	42.3859 	-0.647235 	0
0.0794186 	-92.3931 	42.3986 	-0.638267 	0
0.0799899 	-92.6395 	42.4113 	-0.629352 	0
0.0805613 	-92.8878 	42.4237 	-0.620604 	0
0.0811327 	-93.1361 	42.4362 	-0.611855 	0
0.081704 	-93.3792 	42.4485 	-0.602984 	0
0.0822754 	-93.6217 	42.4608 	-0.594099 	0
0.0828467 	-93.8667 	42.4731 	-0.585377 	0
0.0834181 	-94.1126 	42.4854 	-0.576716 	0
0.0839894 	-94.3553 	42.4976 	-0.567993 	0
0.0845608 	-94.5954 	42.5098 	-0.559221 	0
0.0851322 	-94.8379 	42.522 	-0.550535 	0
0.0857035 	-95.0821 	42.5342 	-0.541916 	0
0.0862749 	-95.3233 	42.5464 	-0.533251 	0
0.0868462 	-95.5619 	42.5585 	-0.524546 	0
0.0874176 	-95.8037 	42.5707 	-0.515958 	0
0.0879889 	-96.047 	42.5829 	-0.507425 	0
0.0885603 	-96.2856 	42.5951 	-0.498838 	0
0.0891317 	-96.5239 	42.6068 	-0.490249 	0
0.089703 	-96.7666 	42.6159 	-0.481729 	0
0.0902744 	-97.0073 	42.625 	-0.473192 	0
0.0908457 	-97.2446 	42.6342 	-0.464627 	0
0.0914171 	-97.486 	42.6264 	-0.455997 	0
0.0919884 	-97.7273 	42.6145 	-0.447344 	0
0.0925598 	-97.9644 	42.6033 	-0.438663 	0
0.0931312 	-98.2046 	42.5456 	-0.429545 	0
0.0937025 	-98.4447 	42.4711 	-0.420246 	0
0.0942739 	-98.6809 	42.3979 	-0.410893 	0
0.0948452 	-98.9183 	42.2521 	-0.400853 	0
0.0954166 	-99.1533 	42.098 	-0.390654 	0
0.0959879 	-99.386 	41.9406 	-0.380439 	0
0.0965593 	-99.6187 	41.7726 	-0.370367 	0
0.0971307 	-99.8468 	41.6044 	-0.360144 	0
0.097702 	-100.076 	41.4519 	-0.350224 	0
0.0982734 	-100.302 	41.3024 	-0.340285 	0
0.0988447 	-100.528 	41.1495 	-0.33033 	0
0.0994161 	-100.752 	40.9944 	-0.320338 	0
0.0999874 	-100.975 	40.8235 	-0.31033 	0
0.100559 	-101.197 	40.6379 	-0.300315 	0
0.10113 	-101.416 	40.339 	-0.289597 	0
0.101702 	-101.634 	39.9602 	-0.278262 	0
0.102273 	-101.847 	39.0976 	-0.263568 	0
0.102844 	-102.052 	37.992 	-0.246431 	0
0.103416 	-102.24 	36.0055 	-0.222243 	0
0.103987 	-102.41 	33.5486 	-0.190541 	0
0.104558 	-102.569 	30.7618 	-0.152018 	0
0.10513 	-102.732 	27.7137 	-0.0972779 	0
0.105701 	-102.931 	24.7986 	-0.0350635 	0
0.106272 	-103.108 	22.2647 	0.0109135 	0
0.106844 	-103.243 	20.0908 	0.0372046 	0
0.107415 	-103.333 	18.1853 	0.0499904 	0
0.107986 	-103.4 	16.3665 	0.0609173 	0
0.108558 	-103.462 	14.595 	0.0711389 	0
0.109129 	-103.523 	12.9144 	0.0787496 	0
0.109701 	-103.576 	11.3887 	0.0813084 	0
0.110272 	-103.621 	9.9999 	0.0805083 	0
0.110843 	-103.661 	8.78235 	0.0754744 	0
0.111415 	-103.694 	7.75967 	0.0663457 	0
0.111986 	-103.709 	6.87042 	0.0547343 	0
0.112557 	-103.712 	6.05093 	0.0417716 	0
0.113129 	-103.704 	5.24726 	0.027853 	0
0.1137 	-103.688 	4.29969 	0.0134983 	0
