0 	-191.424 	0 	0 	0
0.000571357 	-191.425 	-1.50246e-34 	-7.00994e-34 	0
0.00114271 	-191.428 	1.45644e-49 	-3.66959e-49 	0
0.00171407 	-191.445 	7.36425e-65 	-1.83729e-64 	0
0.00228543 	-191.485 	6.07091e-81 	-2.37961e-80 	0
0.00285678 	-191.54 	2.36802e-97 	-1.51423e-96 	0
0.00342814 	-191.588 	0 	0 	0
0.0039995 	-191.613 	0 	0 	0
0.00457085 	-191.604 	0 	0 	0
0.00514221 	-191.558 	0 	0 	0
0.00571357 	-191.478 	0 	0 	0
0.00628492 	-191.371 	0 	0 	0
0.00685628 	-191.247 	0 	0 	0
0.00742764 	-191.116 	0 	0 	0
0.00799899 	-190.987 	0 	0 	0
0.00857035 	-190.871 	0 	0 	0
0.00914171 	-190.779 	0 	0 	0
0.00971307 	-190.712 	0 	0 	0
0.0102844 	-190.675 	0 	0 	0
0.0108558 	-190.666 	0 	0 	0
0.0114271 	-190.673 	0 	0 	0
0.0119985 	-190.647 	0 	0 	0
0.0125698 	-190.917 	0 	0 	0
0.0131412 	-190.398 	21.9567 	-0.259792 	0
0.0137126 	-189.409 	25.925 	-0.298414 	0
0.0142839 	-188.43 	28.8045 	-0.321739 	0
0.0148553 	-187.44 	31.5608 	-0.337039 	0
0.0154266 	-186.453 	33.9219 	-0.346682 	0
0.015998 	-185.504 	35.3868 	-0.3583 	0
0.0165693 	-184.605 	36.2712 	-0.372305 	0
0.0171407 	-183.755 	36.9559 	-0.385909 	0
0.0177121 	-182.943 	37.5572 	-0.399035 	0
0.0182834 	-182.16 	38.102 	-0.411812 	0
0.0188548 	-181.407 	38.5904 	-0.424071 	0
0.0194261 	-180.677 	39.0357 	-0.43581 	0
0.0199975 	-179.958 	39.462 	-0.44731 	0
0.0205688 	-179.263 	39.8395 	-0.458064 	0
0.0211402 	-178.572 	40.2109 	-0.468704 	0
0.0217116 	-177.9 	40.5435 	-0.478612 	0
0.0222829 	-177.229 	40.8762 	-0.488521 	0
0.0228543 	-176.575 	41.1722 	-0.497563 	0
0.0234256 	-175.922 	41.4657 	-0.506545 	0
0.023997 	-175.276 	41.745 	-0.515145 	0
0.0245683 	-174.64 	42.0042 	-0.523203 	0
0.0251397 	-174.004 	42.2634 	-0.53126 	0
0.0257111 	-173.375 	42.507 	-0.538769 	0
0.0262824 	-172.753 	42.7362 	-0.545778 	0
0.0268538 	-172.131 	42.9654 	-0.552788 	0
0.0274251 	-171.511 	43.1888 	-0.559598 	0
0.0279965 	-170.903 	43.3899 	-0.565661 	0
0.0285678 	-170.295 	43.591 	-0.571724 	0
0.0291392 	-169.687 	43.792 	-0.577786 	0
0.0297106 	-169.083 	43.9714 	-0.583186 	0
0.0302819 	-168.486 	44.1195 	-0.587633 	0
0.0308533 	-167.89 	44.2676 	-0.592079 	0
0.0314246 	-167.293 	44.4158 	-0.596526 	0
0.031996 	-166.697 	44.5582 	-0.600848 	0
0.0325673 	-166.123 	44.6015 	-0.603007 	0
0.0331387 	-165.548 	44.6449 	-0.605166 	0
0.0337101 	-164.973 	44.6883 	-0.607325 	0
0.0342814 	-164.398 	44.7317 	-0.609484 	0
0.0348528 	-163.826 	44.7715 	-0.611548 	0
0.0354241 	-163.29 	44.7562 	-0.612146 	0
0.0359955 	-162.754 	44.7408 	-0.612745 	0
0.0365668 	-162.217 	44.7255 	-0.613343 	0
0.0371382 	-161.681 	44.7101 	-0.613941 	0
0.0377095 	-161.145 	44.6948 	-0.614539 	0
0.0382809 	-160.622 	44.6804 	-0.61485 	0
0.0388523 	-160.125 	44.6682 	-0.614589 	0
0.0394236 	-159.628 	44.6559 	-0.614328 	0
0.039995 	-159.131 	44.6437 	-0.614068 	0
0.0405663 	-158.634 	44.6314 	-0.613807 	0
0.0411377 	-158.136 	44.6192 	-0.613547 	0
0.041709 	-157.639 	44.6069 	-0.613286 	0
0.0422804 	-157.174 	44.5957 	-0.612393 	0
0.0428518 	-156.718 	44.5848 	-0.611314 	0
0.0434231 	-156.263 	44.574 	-0.610234 	0
0.0439945 	-155.807 	44.5631 	-0.609154 	0
0.0445658 	-155.351 	44.5522 	-0.608074 	0
0.0451372 	-154.896 	44.5413 	-0.606994 	0
0.0457085 	-154.44 	44.5304 	-0.605915 	0
0.0462799 	-153.995 	44.5199 	-0.604635 	0
0.0468513 	-153.584 	44.5104 	-0.60274 	0
0.0474226 	-153.173 	44.5009 	-0.600846 	0
0.047994 	-152.762 	44.4914 	-0.598952 	0
0.0485653 	-152.351 	44.4819 	-0.597058 	0
0.0491367 	-151.94 	44.4724 	-0.595164 	0
0.049708 	-151.528 	44.4628 	-0.59327 	0
0.0502794 	-151.117 	44.4533 	-0.591376 	0
0.0508508 	-150.706 	44.4438 	-0.589482 	0
0.0514221 	-150.324 	44.4352 	-0.587136 	0
0.0519935 	-149.96 	44.4271 	-0.584511 	0
0.0525648 	-149.595 	44.419 	-0.581885 	0
0.0531362 	-149.231 	44.4109 	-0.57926 	0
0.0537075 	-148.867 	44.4028 	-0.576634 	0
0.0542789 	-148.502 	44.3946 	-0.574009 	0
0.0548503 	-148.138 	44.3865 	-0.571384 	0
0.0554216 	-147.774 	44.3784 	-0.568758 	0
0.055993 	-147.41 	44.3703 	-0.566133 	0
0.0565643 	-147.045 	44.3622 	-0.563507 	0
0.0571357 	-146.722 	44.3553 	-0.560468 	0
0.057707 	-146.415 	44.3488 	-0.557272 	0
0.0582784 	-146.108 	44.3423 	-0.554076 	0
0.0588497 	-145.8 	44.3358 	-0.55088 	0
0.0594211 	-145.493 	44.3293 	-0.547684 	0
0.0599925 	-145.185 	44.3228 	-0.544488 	0
0.0605638 	-144.878 	44.3163 	-0.541292 	0
0.0611352 	-144.571 	44.3098 	-0.538096 	0
0.0617065 	-144.263 	44.3033 	-0.5349 	0
0.0622779 	-143.956 	44.2968 	-0.531704 	0
0.0628492 	-143.648 	44.2903 	-0.528508 	0
0.0634206 	-143.359 	44.2843 	-0.52512 	0
0.063992 	-143.097 	44.2792 	-0.521425 	0
0.0645633 	-142.835 	44.274 	-0.517731 	0
0.0651347 	-142.573 	44.2689 	-0.514037 	0
0.065706 	-142.311 	44.2638 	-0.510343 	0
0.0662774 	-142.05 	44.2586 	-0.506649 	0
0.0668487 	-141.788 	44.2535 	-0.502954 	0
0.0674201 	-141.526 	44.2484 	-0.49926 	0
0.0679915 	-141.264 	44.2432 	-0.495566 	0
0.0685628 	-141.002 	44.2381 	-0.491872 	0
0.0691342 	-140.741 	44.233 	-0.488177 	0
0.0697055 	-140.48 	44.2279 	-0.484462 	0
0.0702769 	-140.253 	44.2239 	-0.480306 	0
0.0708482 	-140.025 	44.2199 	-0.476149 	0
0.0714196 	-139.797 	44.2159 	-0.471993 	0
0.071991 	-139.57 	44.212 	-0.467837 	0
0.0725623 	-139.342 	44.208 	-0.46368 	0
0.0731337 	-139.114 	44.204 	-0.459524 	0
0.073705 	-138.887 	44.2 	-0.455368 	0
0.0742764 	-138.659 	44.1961 	-0.451211 	0
0.0748477 	-138.432 	44.1921 	-0.447055 	0
0.0754191 	-138.209 	44.1883 	-0.44286 	0
0.0759905 	-138.015 	44.1855 	-0.438457 	0
0.0765618 	-137.821 	44.1827 	-0.434053 	0
0.0771332 	-137.626 	44.1798 	-0.429649 	0
0.0777045 	-137.432 	44.177 	-0.425245 	0
0.0782759 	-137.238 	44.1742 	-0.420841 	0
0.0788472 	-137.044 	44.1714 	-0.416437 	0
0.0794186 	-136.85 	44.1686 	-0.412033 	0
0.0799899 	-136.655 	44.1658 	-0.407629 	0
0.0805613 	-136.476 	44.1635 	-0.403134 	0
0.0811327 	-136.309 	44.1618 	-0.398557 	0
0.081704 	-136.142 	44.1601 	-0.39398 	0
0.0822754 	-135.976 	44.1584 	-0.389403 	0
0.0828467 	-135.809 	44.1566 	-0.384826 	0
0.0834181 	-135.643 	44.1549 	-0.380249 	0
0.0839894 	-135.476 	44.1532 	-0.375672 	0
0.0845608 	-135.31 	44.1515 	-0.371094 	0
0.0851322 	-135.166 	44.1509 	-0.366398 	0
0.0857035 	-135.022 	44.1502 	-0.361701 	0
0.0862749 	-134.879 	44.1496 	-0.357005 	0
0.0868462 	-134.735 	44.149 	-0.352308 	0
0.0874176 	-134.592 	44.1484 	-0.347612 	0
0.0879889 	-134.448 	44.1478 	-0.342915 	0
0.0885603 	-134.313 	44.1476 	-0.338181 	0
0.0891317 	-134.189 	44.1482 	-0.333399 	0
0.089703 	-134.064 	44.1487 	-0.328617 	0
0.0902744 	-133.94 	44.1493 	-0.323835 	0
0.0908457 	-133.816 	44.1498 	-0.319052 	0
0.0914171 	-133.692 	44.1503 	-0.31427 	0
0.0919884 	-133.579 	44.1518 	-0.309445 	0
0.0925598 	-133.471 	44.1536 	-0.304603 	0
0.0931312 	-133.363 	44.1554 	-0.29976 	0
0.0937025 	-133.255 	44.1573 	-0.294918 	0
0.0942739 	-133.148 	44.1591 	-0.290076 	0
0.0948452 	-133.05 	44.162 	-0.285203 	0
0.0954166 	-132.956 	44.1652 	-0.280318 	0
0.0959879 	-132.862 	44.1685 	-0.275433 	0
0.0965593 	-132.768 	44.1718 	-0.270548 	0
0.0971307 	-132.679 	44.1757 	-0.265653 	0
0.097702 	-132.597 	44.1807 	-0.260739 	0
0.0982734 	-132.515 	44.1857 	-0.255825 	0
0.0988447 	-132.433 	44.1907 	-0.250911 	0
0.0994161 	-132.357 	44.1968 	-0.245986 	0
0.0999874 	-132.285 	44.2038 	-0.241053 	0
0.100559 	-132.214 	44.2108 	-0.236121 	0
0.10113 	-132.145 	44.2183 	-0.231185 	0
0.101702 	-132.082 	44.2276 	-0.226241 	0
0.102273 	-132.019 	44.2368 	-0.221297 	0
0.102844 	-131.959 	44.247 	-0.216351 	0
0.103416 	-131.904 	44.2589 	-0.211402 	0
0.103987 	-131.85 	44.2707 	-0.206453 	0
0.104558 	-131.8 	44.2849 	-0.201504 	0
0.10513 	-131.752 	44.2996 	-0.196554 	0
0.105701 	-131.707 	44.3162 	-0.191606 	0
0.106272 	-131.665 	44.334 	-0.186657 	0
0.106844 	-131.626 	44.354 	-0.181716 	0
0.107415 	-131.589 	44.3751 	-0.176777 	0
0.107986 	-131.556 	44.3994 	-0.171836 	0
0.108558 	-131.525 	44.4256 	-0.166903 	0
0.109129 	-131.497 	44.4542 	-0.161988 	0
0.109701 	-131.471 	44.4858 	-0.157068 	0
0.110272 	-131.449 	44.5101 	-0.152151 	0
0.110843 	-131.428 	44.3242 	-0.145107 	0
0.111415 	-131.406 	43.0933 	-0.121704 	0
0.111986 	-131.403 	40.1467 	-0.0803778 	0
0.112557 	-131.411 	36.4567 	-0.0448028 	0
0.113129 	-131.431 	31.5304 	-0.0181111 	0
0.1137 	-131.451 	1.40443e-10 	-4.77105e-15 	0
