0 	-9.7689 	0 	0 	0
0.000571357 	-10.1222 	4.06282 	-0.101948 	0
0.00114271 	-10.6969 	4.84026 	-0.224203 	0
0.00171407 	-11.2367 	5.52181 	-0.348229 	0
0.00228543 	-11.6951 	6.20715 	-0.471421 	0
0.00285678 	-12.0763 	6.92875 	-0.59423 	0
0.00342814 	-12.3868 	7.7031 	-0.715124 	0
0.0039995 	-12.645 	8.54229 	-0.834638 	0
0.00457085 	-12.8643 	9.45325 	-0.951854 	0
0.00514221 	-13.0581 	10.4432 	-1.06648 	0
0.00571357 	-13.2385 	11.5137 	-1.17771 	0
0.00628492 	-13.415 	12.6685 	-1.28593 	0
0.00685628 	-13.5303 	13.9182 	-1.39003 	0
0.00742764 	-13.5819 	15.3007 	-1.48861 	0
0.00799899 	-13.6903 	16.8219 	-1.57841 	0
0.00857035 	-13.8705 	18.4628 	-1.66471 	0
0.00914171 	-14.1141 	20.1632 	-1.74129 	0
0.00971307 	-14.4073 	21.9154 	-1.81446 	0
0.0102844 	-14.7656 	23.6536 	-1.88013 	0
0.0108558 	-15.178 	25.3279 	-1.93791 	0
0.0114271 	-15.6187 	26.9582 	-1.98942 	0
0.0119985 	-16.0798 	28.6233 	-2.03566 	0
0.0125698 	-16.4783 	30.0776 	-2.07048 	0
0.0131412 	-17.1084 	32.3273 	-2.11092 	0
0.0137126 	-17.7351 	34.259 	-2.13615 	0
0.0142839 	-18.4013 	34.9103 	-2.1445 	0
0.0148553 	-19.0682 	35.3402 	-2.14822 	0
0.0154266 	-19.7321 	35.7524 	-2.15043 	0
0.015998 	-20.3964 	36.1457 	-2.15223 	0
0.0165693 	-21.0575 	36.5162 	-2.15253 	0
0.0171407 	-21.7147 	36.8695 	-2.15169 	0
0.0177121 	-22.3669 	37.2086 	-2.14987 	0
0.0182834 	-23.0138 	37.5353 	-2.14709 	0
0.0188548 	-23.6605 	37.845 	-2.14425 	0
0.0194261 	-24.3016 	38.1434 	-2.14067 	0
0.0199975 	-24.9305 	38.4384 	-2.13572 	0
0.0205688 	-25.5683 	38.7117 	-2.1319 	0
0.0211402 	-26.1832 	38.9872 	-2.12562 	0
0.0217116 	-26.8106 	39.2428 	-2.12096 	0
0.0222829 	-27.4127 	39.5024 	-2.11386 	0
0.0228543 	-28.0259 	39.7402 	-2.10812 	0
0.0234256 	-28.6286 	39.9781 	-2.10153 	0
0.023997 	-29.2139 	40.2066 	-2.09353 	0
0.0245683 	-29.8131 	40.4164 	-2.08682 	0
0.0251397 	-30.3889 	40.63 	-2.0784 	0
0.0257111 	-30.9574 	40.8217 	-2.06922 	0
0.0262824 	-31.5371 	40.9906 	-2.06064 	0
0.0268538 	-32.0991 	41.1632 	-2.05095 	0
0.0274251 	-32.6365 	41.3267 	-2.03948 	0
0.0279965 	-33.1908 	41.4333 	-2.02812 	0
0.0285678 	-33.7451 	41.5399 	-2.01676 	0
0.0291392 	-34.2619 	41.6552 	-2.00329 	0
0.0297106 	-34.7724 	41.739 	-1.98885 	0
0.0302819 	-35.2916 	41.7735 	-1.974 	0
0.0308533 	-35.8107 	41.8079 	-1.95915 	0
0.0314246 	-36.2993 	41.8475 	-1.94254 	0
0.031996 	-36.767 	41.8877 	-1.9248 	0
0.0325673 	-37.242 	41.8804 	-1.90838 	0
0.0331387 	-37.717 	41.8731 	-1.89196 	0
0.0337101 	-38.192 	41.8657 	-1.87553 	0
0.0342814 	-38.6238 	41.8593 	-1.85649 	0
0.0348528 	-39.0466 	41.8537 	-1.83714 	0
0.0354241 	-39.4749 	41.8573 	-1.8218 	0
0.0359955 	-39.9032 	41.861 	-1.80646 	0
0.0365668 	-40.3316 	41.8646 	-1.79112 	0
0.0371382 	-40.741 	41.8674 	-1.77472 	0
0.0377095 	-41.1165 	41.8685 	-1.75638 	0
0.0382809 	-41.4944 	41.8737 	-1.73928 	0
0.0388523 	-41.8771 	41.8865 	-1.72464 	0
0.0394236 	-42.2598 	41.8994 	-1.70999 	0
0.039995 	-42.6425 	41.9123 	-1.69535 	0
0.0405663 	-43.0206 	41.9251 	-1.68048 	0
0.0411377 	-43.3504 	41.9365 	-1.66326 	0
0.041709 	-43.6802 	41.948 	-1.64604 	0
0.0422804 	-44.015 	41.9563 	-1.63096 	0
0.0428518 	-44.3513 	41.9636 	-1.61651 	0
0.0434231 	-44.6875 	41.971 	-1.60206 	0
0.0439945 	-45.0238 	41.9784 	-1.58761 	0
0.0445658 	-45.36 	41.9858 	-1.57316 	0
0.0451372 	-45.6499 	41.9922 	-1.5567 	0
0.0457085 	-45.9346 	41.9985 	-1.54002 	0
0.0462799 	-46.2205 	42.0051 	-1.52403 	0
0.0468513 	-46.5098 	42.0125 	-1.51014 	0
0.0474226 	-46.7991 	42.0198 	-1.49625 	0
0.047994 	-47.0884 	42.0271 	-1.48235 	0
0.0485653 	-47.3777 	42.0345 	-1.46846 	0
0.0491367 	-47.667 	42.0418 	-1.45457 	0
0.049708 	-47.924 	42.0484 	-1.43941 	0
0.0502794 	-48.1644 	42.0546 	-1.4236 	0
0.0508508 	-48.4049 	42.0608 	-1.40779 	0
0.0514221 	-48.6473 	42.0672 	-1.39349 	0
0.0519935 	-48.891 	42.0736 	-1.38012 	0
0.0525648 	-49.1348 	42.08 	-1.36675 	0
0.0531362 	-49.3785 	42.0864 	-1.35339 	0
0.0537075 	-49.6222 	42.0928 	-1.34002 	0
0.0542789 	-49.8659 	42.0993 	-1.32665 	0
0.0548503 	-50.0997 	42.1055 	-1.31294 	0
0.0554216 	-50.2983 	42.1108 	-1.29798 	0
0.055993 	-50.4969 	42.1162 	-1.28301 	0
0.0565643 	-50.6955 	42.1216 	-1.26805 	0
0.0571357 	-50.8914 	42.1271 	-1.25494 	0
0.057707 	-51.0863 	42.1326 	-1.24253 	0
0.0582784 	-51.2812 	42.1381 	-1.23011 	0
0.0588497 	-51.4761 	42.1435 	-1.21769 	0
0.0594211 	-51.671 	42.149 	-1.20528 	0
0.0599925 	-51.8659 	42.1545 	-1.19286 	0
0.0605638 	-52.0608 	42.16 	-1.18044 	0
0.0611352 	-52.2404 	42.1652 	-1.16753 	0
0.0617065 	-52.3961 	42.1698 	-1.15384 	0
0.0622779 	-52.5518 	42.1743 	-1.14015 	0
0.0628492 	-52.7076 	42.1789 	-1.12646 	0
0.0634206 	-52.8643 	42.1836 	-1.11348 	0
0.063992 	-53.0229 	42.1886 	-1.10161 	0
0.0645633 	-53.1814 	42.1935 	-1.08975 	0
0.0651347 	-53.3399 	42.1984 	-1.07788 	0
0.065706 	-53.4984 	42.2033 	-1.06601 	0
0.0662774 	-53.6569 	42.2082 	-1.05415 	0
0.0668487 	-53.8155 	42.2131 	-1.04228 	0
0.0674201 	-53.9723 	42.2179 	-1.03036 	0
0.0679915 	-54.0966 	42.2221 	-1.01745 	0
0.0685628 	-54.2209 	42.2262 	-1.00454 	0
0.0691342 	-54.3452 	42.2303 	-0.991622 	0
0.0697055 	-54.4699 	42.2344 	-0.978761 	0
0.0702769 	-54.6034 	42.2391 	-0.966992 	0
0.0708482 	-54.7368 	42.2438 	-0.955222 	0
0.0714196 	-54.8702 	42.2484 	-0.943453 	0
0.071991 	-55.0036 	42.2531 	-0.931684 	0
0.0725623 	-55.137 	42.2578 	-0.919914 	0
0.0731337 	-55.2705 	42.2625 	-0.908145 	0
0.073705 	-55.3842 	42.2667 	-0.895791 	0
0.0742764 	-55.4872 	42.2706 	-0.883118 	0
0.0748477 	-55.5902 	42.2746 	-0.870444 	0
0.0754191 	-55.6944 	42.2787 	-0.857966 	0
0.0759905 	-55.8051 	42.2832 	-0.846556 	0
0.0765618 	-55.9158 	42.2877 	-0.835145 	0
0.0771332 	-56.0265 	42.2922 	-0.823734 	0
0.0777045 	-56.1372 	42.2968 	-0.812323 	0
0.0782759 	-56.2479 	42.3013 	-0.800912 	0
0.0788472 	-56.3435 	42.3055 	-0.789054 	0
0.0794186 	-56.4279 	42.3094 	-0.776862 	0
0.0799899 	-56.5123 	42.3133 	-0.76467 	0
0.0805613 	-56.6014 	42.3176 	-0.75303 	0
0.0811327 	-56.6945 	42.3222 	-0.741884 	0
0.081704 	-56.7877 	42.3268 	-0.730738 	0
0.0822754 	-56.8808 	42.3314 	-0.719592 	0
0.0828467 	-56.974 	42.3359 	-0.708446 	0
0.0834181 	-57.0522 	42.3402 	-0.696842 	0
0.0839894 	-57.1225 	42.3442 	-0.685002 	0
0.0845608 	-57.1929 	42.3483 	-0.673164 	0
0.0851322 	-57.2722 	42.3532 	-0.662234 	0
0.0857035 	-57.3514 	42.3581 	-0.651305 	0
0.0862749 	-57.4307 	42.3629 	-0.640375 	0
0.0868462 	-57.5099 	42.3678 	-0.629445 	0
0.0874176 	-57.5742 	42.3723 	-0.618039 	0
0.0879889 	-57.6336 	42.3767 	-0.606478 	0
0.0885603 	-57.6968 	42.3816 	-0.595264 	0
0.0891317 	-57.7649 	42.387 	-0.584495 	0
0.089703 	-57.833 	42.3924 	-0.573726 	0
0.0902744 	-57.901 	42.3978 	-0.562957 	0
0.0908457 	-57.9564 	42.4028 	-0.551758 	0
0.0914171 	-58.0071 	42.4078 	-0.540404 	0
0.0919884 	-58.0636 	42.4136 	-0.529563 	0
0.0925598 	-58.1225 	42.4198 	-0.518928 	0
0.0931312 	-58.1814 	42.426 	-0.508293 	0
0.0937025 	-58.2329 	42.432 	-0.497393 	0
0.0942739 	-58.2766 	42.4378 	-0.486207 	0
0.0948452 	-58.3257 	42.4446 	-0.475491 	0
0.0954166 	-58.3769 	42.4519 	-0.464959 	0
0.0959879 	-58.4282 	42.4592 	-0.454427 	0
0.0965593 	-58.4673 	42.4661 	-0.443421 	0
0.0971307 	-58.5077 	42.4737 	-0.432587 	0
0.097702 	-58.5526 	42.4824 	-0.422144 	0
0.0982734 	-58.5974 	42.4911 	-0.4117 	0
0.0988447 	-58.6316 	42.4994 	-0.400799 	0
0.0994161 	-58.6682 	42.509 	-0.390174 	0
0.0999874 	-58.7076 	42.5195 	-0.379801 	0
0.100559 	-58.7427 	42.5299 	-0.369222 	0
0.10113 	-58.7731 	42.5407 	-0.358496 	0
0.101702 	-58.8079 	42.5533 	-0.348185 	0
0.102273 	-58.8392 	42.5659 	-0.337691 	0
0.102844 	-58.8666 	42.5793 	-0.327094 	0
0.103416 	-58.8975 	42.5944 	-0.316838 	0
0.103987 	-58.9223 	42.6094 	-0.30624 	0
0.104558 	-58.949 	42.6269 	-0.295941 	0
0.10513 	-58.9734 	42.6448 	-0.285531 	0
0.105701 	-58.9963 	42.6647 	-0.275181 	0
0.106272 	-59.0182 	42.6857 	-0.264837 	0
0.106844 	-59.0391 	42.7094 	-0.254584 	0
0.107415 	-59.0574 	42.7339 	-0.244203 	0
0.107986 	-59.0765 	42.7587 	-0.234201 	0
0.108558 	-59.0917 	42.7248 	-0.223382 	0
0.109129 	-59.1044 	42.5108 	-0.209796 	0
0.109701 	-59.1144 	41.8352 	-0.188604 	0
0.110272 	-59.1251 	40.4394 	-0.156555 	0
0.110843 	-59.1379 	38.5649 	-0.121702 	0
0.111415 	-59.1519 	36.4604 	-0.0888186 	0
0.111986 	-59.1697 	34.1803 	-0.0603754 	0
0.112557 	-59.1922 	31.5092 	-0.0359185 	0
0.113129 	-59.2176 	27.4701 	-0.0149729 	0
0.1137 	-59.2356 	1.15682e-10 	-3.63785e-15 	0
