0 	-192.147 	0 	0 	0
0.000571357 	-192.125 	0.0683228 	0.0641931 	0
0.00114271 	-192.043 	-1.00895 	0.393335 	0
0.00171407 	-192.021 	-1.81745 	0.792665 	0
0.00228543 	-192.097 	-2.21873 	1.11164 	0
0.00285678 	-192.241 	-2.34691 	1.33072 	0
0.00342814 	-192.418 	-2.31304 	1.46942 	0
0.0039995 	-192.593 	-2.19771 	1.55755 	0
0.00457085 	-192.748 	-2.03151 	1.60925 	0
0.00514221 	-192.87 	-1.83713 	1.63555 	0
0.00571357 	-192.956 	-1.62049 	1.64016 	0
0.00628492 	-193.005 	-1.39094 	1.62681 	0
0.00685628 	-193.019 	-1.15344 	1.59694 	0
0.00742764 	-193 	-0.910442 	1.55109 	0
0.00799899 	-192.94 	-0.659444 	1.48694 	0
0.00857035 	-192.836 	-0.392869 	1.40299 	0
0.00914171 	-192.661 	-0.0523735 	1.28616 	0
0.00971307 	-192.418 	0.456597 	1.12436 	0
0.0102844 	-192.124 	1.46667 	0.876827 	0
0.0108558 	-191.788 	3.37351 	0.533561 	0
0.0114271 	-191.388 	6.25298 	0.146987 	0
0.0119985 	-190.897 	10.1165 	-0.226061 	0
0.0125698 	-190.378 	14.0442 	-0.484742 	0
0.0131412 	-189.369 	20.9588 	-0.652083 	0
0.0137126 	-188.678 	26.4835 	-0.612407 	0
0.0142839 	-188.331 	29.5484 	-0.635827 	0
0.0148553 	-187.938 	32.0365 	-0.675877 	0
0.0154266 	-187.477 	34.2903 	-0.70718 	0
0.015998 	-186.955 	35.7306 	-0.732479 	0
0.0165693 	-186.398 	36.5813 	-0.753006 	0
0.0171407 	-185.811 	37.2377 	-0.770417 	0
0.0177121 	-185.198 	37.8199 	-0.785995 	0
0.0182834 	-184.563 	38.3489 	-0.800196 	0
0.0188548 	-183.901 	38.8237 	-0.813026 	0
0.0194261 	-183.224 	39.2575 	-0.824554 	0
0.0199975 	-182.538 	39.673 	-0.835573 	0
0.0205688 	-181.824 	40.0406 	-0.845199 	0
0.0211402 	-181.113 	40.4028 	-0.854568 	0
0.0217116 	-180.379 	40.7268 	-0.86279 	0
0.0222829 	-179.649 	41.051 	-0.870982 	0
0.0228543 	-178.9 	41.3392 	-0.877888 	0
0.0234256 	-178.15 	41.6248 	-0.884709 	0
0.023997 	-177.401 	41.8969 	-0.89102 	0
0.0245683 	-176.641 	42.1489 	-0.896608 	0
0.0251397 	-175.88 	42.401 	-0.902199 	0
0.0257111 	-175.124 	42.638 	-0.907146 	0
0.0262824 	-174.358 	42.8608 	-0.911438 	0
0.0268538 	-173.593 	43.0835 	-0.915729 	0
0.0274251 	-172.836 	43.3004 	-0.919874 	0
0.0279965 	-172.074 	43.494 	-0.923064 	0
0.0285678 	-171.312 	43.6875 	-0.926253 	0
0.0291392 	-170.551 	43.8811 	-0.929459 	0
0.0297106 	-169.8 	44.0519 	-0.93193 	0
0.0302819 	-169.048 	44.1889 	-0.933088 	0
0.0308533 	-168.295 	44.326 	-0.934247 	0
0.0314246 	-167.543 	44.463 	-0.935405 	0
0.031996 	-166.801 	44.5951 	-0.9366 	0
0.0325673 	-166.078 	44.6287 	-0.934796 	0
0.0331387 	-165.355 	44.6623 	-0.932991 	0
0.0337101 	-164.632 	44.6958 	-0.931187 	0
0.0342814 	-163.909 	44.7294 	-0.929382 	0
0.0348528 	-163.198 	44.7604 	-0.927762 	0
0.0354241 	-162.527 	44.7405 	-0.924292 	0
0.0359955 	-161.857 	44.7205 	-0.920822 	0
0.0365668 	-161.186 	44.7005 	-0.917353 	0
0.0371382 	-160.516 	44.6806 	-0.913883 	0
0.0377095 	-159.848 	44.6607 	-0.910531 	0
0.0382809 	-159.203 	44.6428 	-0.907092 	0
0.0388523 	-158.589 	44.6281 	-0.90305 	0
0.0394236 	-157.975 	44.6133 	-0.899009 	0
0.039995 	-157.361 	44.5986 	-0.894967 	0
0.0405663 	-156.748 	44.5839 	-0.890926 	0
0.0411377 	-156.134 	44.5692 	-0.886884 	0
0.041709 	-155.527 	44.5547 	-0.883137 	0
0.0422804 	-154.961 	44.5413 	-0.878734 	0
0.0428518 	-154.408 	44.5283 	-0.874131 	0
0.0434231 	-153.855 	44.5153 	-0.869527 	0
0.0439945 	-153.302 	44.5023 	-0.864923 	0
0.0445658 	-152.748 	44.4893 	-0.860319 	0
0.0451372 	-152.195 	44.4764 	-0.855716 	0
0.0457085 	-151.645 	44.4634 	-0.851281 	0
0.0462799 	-151.112 	44.451 	-0.846769 	0
0.0468513 	-150.622 	44.4398 	-0.841641 	0
0.0474226 	-150.133 	44.4286 	-0.836512 	0
0.047994 	-149.643 	44.4174 	-0.831384 	0
0.0485653 	-149.153 	44.4061 	-0.826256 	0
0.0491367 	-148.663 	44.3949 	-0.821127 	0
0.049708 	-148.174 	44.3837 	-0.815999 	0
0.0502794 	-147.685 	44.3725 	-0.81091 	0
0.0508508 	-147.199 	44.3614 	-0.806047 	0
0.0514221 	-146.751 	44.3514 	-0.800757 	0
0.0519935 	-146.327 	44.3419 	-0.795203 	0
0.0525648 	-145.902 	44.3325 	-0.78965 	0
0.0531362 	-145.477 	44.3231 	-0.784096 	0
0.0537075 	-145.052 	44.3137 	-0.778543 	0
0.0542789 	-144.628 	44.3043 	-0.772989 	0
0.0548503 	-144.203 	44.2949 	-0.767435 	0
0.0554216 	-143.778 	44.2854 	-0.761882 	0
0.055993 	-143.355 	44.2761 	-0.756442 	0
0.0565643 	-142.933 	44.2667 	-0.751125 	0
0.0571357 	-142.563 	44.2588 	-0.745489 	0
0.057707 	-142.212 	44.2513 	-0.739734 	0
0.0582784 	-141.861 	44.2439 	-0.733979 	0
0.0588497 	-141.51 	44.2364 	-0.728223 	0
0.0594211 	-141.159 	44.229 	-0.722468 	0
0.0599925 	-140.808 	44.2216 	-0.716712 	0
0.0605638 	-140.456 	44.2141 	-0.710957 	0
0.0611352 	-140.105 	44.2067 	-0.705202 	0
0.0617065 	-139.754 	44.1992 	-0.699446 	0
0.0622779 	-139.404 	44.1918 	-0.693771 	0
0.0628492 	-139.055 	44.1844 	-0.688219 	0
0.0634206 	-138.728 	44.1776 	-0.6825 	0
0.063992 	-138.434 	44.1718 	-0.676516 	0
0.0645633 	-138.141 	44.166 	-0.670533 	0
0.0651347 	-137.848 	44.1602 	-0.664549 	0
0.065706 	-137.554 	44.1544 	-0.658565 	0
0.0662774 	-137.261 	44.1486 	-0.652582 	0
0.0668487 	-136.967 	44.1428 	-0.646598 	0
0.0674201 	-136.674 	44.137 	-0.640614 	0
0.0679915 	-136.38 	44.1312 	-0.634631 	0
0.0685628 	-136.087 	44.1254 	-0.628657 	0
0.0691342 	-135.795 	44.1196 	-0.622852 	0
0.0697055 	-135.505 	44.1139 	-0.617024 	0
0.0702769 	-135.254 	44.1094 	-0.610738 	0
0.0708482 	-135.002 	44.1049 	-0.604451 	0
0.0714196 	-134.751 	44.1004 	-0.598165 	0
0.071991 	-134.499 	44.096 	-0.591879 	0
0.0725623 	-134.248 	44.0915 	-0.585593 	0
0.0731337 	-133.996 	44.087 	-0.579307 	0
0.073705 	-133.745 	44.0825 	-0.57302 	0
0.0742764 	-133.494 	44.078 	-0.566734 	0
0.0748477 	-133.243 	44.0736 	-0.560596 	0
0.0754191 	-132.999 	44.0693 	-0.554435 	0
0.0759905 	-132.786 	44.0661 	-0.548066 	0
0.0765618 	-132.574 	44.0629 	-0.541698 	0
0.0771332 	-132.362 	44.0598 	-0.535329 	0
0.0777045 	-132.15 	44.0566 	-0.52896 	0
0.0782759 	-131.937 	44.0534 	-0.522592 	0
0.0788472 	-131.725 	44.0502 	-0.516223 	0
0.0794186 	-131.513 	44.047 	-0.509863 	0
0.0799899 	-131.301 	44.0438 	-0.503643 	0
0.0805613 	-131.106 	44.0413 	-0.497316 	0
0.0811327 	-130.925 	44.0392 	-0.490894 	0
0.081704 	-130.745 	44.0372 	-0.484473 	0
0.0822754 	-130.564 	44.0352 	-0.478051 	0
0.0828467 	-130.384 	44.0332 	-0.471629 	0
0.0834181 	-130.203 	44.0312 	-0.465208 	0
0.0839894 	-130.022 	44.0292 	-0.458832 	0
0.0845608 	-129.842 	44.0272 	-0.452549 	0
0.0851322 	-129.687 	44.0264 	-0.446099 	0
0.0857035 	-129.532 	44.0256 	-0.43965 	0
0.0862749 	-129.378 	44.0247 	-0.4332 	0
0.0868462 	-129.223 	44.0239 	-0.426751 	0
0.0874176 	-129.068 	44.023 	-0.420301 	0
0.0879889 	-128.913 	44.0222 	-0.41393 	0
0.0885603 	-128.768 	44.0219 	-0.407546 	0
0.0891317 	-128.634 	44.0222 	-0.401078 	0
0.089703 	-128.501 	44.0226 	-0.394611 	0
0.0902744 	-128.367 	44.023 	-0.388143 	0
0.0908457 	-128.233 	44.0234 	-0.381676 	0
0.0914171 	-128.1 	44.0237 	-0.375299 	0
0.0919884 	-127.979 	44.025 	-0.368861 	0
0.0925598 	-127.864 	44.0267 	-0.362386 	0
0.0931312 	-127.748 	44.0284 	-0.355911 	0
0.0937025 	-127.632 	44.0301 	-0.349436 	0
0.0942739 	-127.517 	44.0318 	-0.343033 	0
0.0948452 	-127.412 	44.0346 	-0.336589 	0
0.0954166 	-127.311 	44.0378 	-0.330111 	0
0.0959879 	-127.211 	44.041 	-0.323632 	0
0.0965593 	-127.11 	44.0442 	-0.317169 	0
0.0971307 	-127.015 	44.048 	-0.310766 	0
0.097702 	-126.927 	44.0529 	-0.304289 	0
0.0982734 	-126.839 	44.0579 	-0.297813 	0
0.0988447 	-126.752 	44.0628 	-0.291363 	0
0.0994161 	-126.67 	44.0689 	-0.284939 	0
0.0999874 	-126.593 	44.0758 	-0.278467 	0
0.100559 	-126.517 	44.0828 	-0.271996 	0
0.10113 	-126.443 	44.0903 	-0.265592 	0
0.101702 	-126.375 	44.0995 	-0.259127 	0
0.102273 	-126.308 	44.1088 	-0.252663 	0
0.102844 	-126.244 	44.119 	-0.246259 	0
0.103416 	-126.185 	44.1309 	-0.239806 	0
0.103987 	-126.126 	44.1427 	-0.233384 	0
0.104558 	-126.072 	44.157 	-0.226952 	0
0.10513 	-126.02 	44.1718 	-0.220507 	0
0.105701 	-125.972 	44.1885 	-0.214116 	0
0.106272 	-125.926 	44.2063 	-0.207702 	0
0.106844 	-125.884 	44.2265 	-0.201295 	0
0.107415 	-125.844 	44.2477 	-0.194888 	0
0.107986 	-125.808 	44.2721 	-0.188521 	0
0.108558 	-125.774 	44.2985 	-0.182132 	0
0.109129 	-125.743 	44.3274 	-0.175744 	0
0.109701 	-125.715 	44.3581 	-0.169448 	0
0.110272 	-125.69 	44.3479 	-0.162827 	0
0.110843 	-125.664 	43.9076 	-0.150534 	0
0.111415 	-125.647 	42.2286 	-0.119169 	0
0.111986 	-125.641 	39.2774 	-0.0787625 	0
0.112557 	-125.649 	35.7749 	-0.044866 	0
0.113129 	-125.669 	31.014 	-0.0185721 	0
0.1137 	-125.689 	1.40435e-10 	-5.00618e-15 	0
