0 	-88.2254 	0 	0 	0
0.000571357 	-88.6143 	-3.21924 	-0.106339 	0
0.00114271 	-89.2364 	-2.59365 	-0.233316 	0
0.00171407 	-89.8105 	-1.94081 	-0.36195 	0
0.00228543 	-90.2971 	-1.24476 	-0.491612 	0
0.00285678 	-90.6944 	-0.49237 	-0.621511 	0
0.00342814 	-91.0131 	0.32959 	-0.752125 	0
0.0039995 	-91.2674 	1.22887 	-0.883002 	0
0.00457085 	-91.47 	2.21362 	-1.01433 	0
0.00514221 	-91.6316 	3.29205 	-1.14628 	0
0.00571357 	-91.7614 	4.4688 	-1.27879 	0
0.00628492 	-91.7942 	5.75747 	-1.41122 	0
0.00685628 	-91.717 	7.21087 	-1.54395 	0
0.00742764 	-91.6605 	8.84599 	-1.67633 	0
0.00799899 	-91.6476 	10.6348 	-1.8066 	0
0.00857035 	-91.6437 	12.5339 	-1.93471 	0
0.00914171 	-91.6563 	14.5373 	-2.05925 	0
0.00971307 	-91.6854 	16.6094 	-2.18084 	0
0.0102844 	-91.7578 	18.7099 	-2.29801 	0
0.0108558 	-91.8646 	20.7852 	-2.41003 	0
0.0114271 	-91.956 	22.8241 	-2.51631 	0
0.0119985 	-92.0045 	24.8853 	-2.61626 	0
0.0125698 	-92.0137 	26.6666 	-2.69449 	0
0.0131412 	-92.0191 	29.4208 	-2.79611 	0
0.0137126 	-92.0678 	32.0386 	-2.87267 	0
0.0142839 	-92.1752 	34.5386 	-2.9294 	0
0.0148553 	-92.25 	35.4122 	-2.92664 	0
0.0154266 	-92.3138 	35.9721 	-2.92262 	0
0.015998 	-92.3769 	36.4763 	-2.91385 	0
0.0165693 	-92.4235 	36.906 	-2.90002 	0
0.0171407 	-92.4671 	37.3205 	-2.88584 	0
0.0177121 	-92.5076 	37.7153 	-2.87073 	0
0.0182834 	-92.5205 	38.0908 	-2.85439 	0
0.0188548 	-92.5392 	38.4413 	-2.83708 	0
0.0194261 	-92.5729 	38.7719 	-2.81912 	0
0.0199975 	-92.5566 	39.0948 	-2.80053 	0
0.0205688 	-92.5799 	39.3935 	-2.78155 	0
0.0211402 	-92.559 	39.6896 	-2.76223 	0
0.0217116 	-92.573 	39.9639 	-2.74272 	0
0.0222829 	-92.5329 	40.2387 	-2.72286 	0
0.0228543 	-92.5543 	40.4917 	-2.70315 	0
0.0234256 	-92.5038 	40.7435 	-2.68297 	0
0.023997 	-92.4792 	40.9857 	-2.66296 	0
0.0245683 	-92.4669 	41.2143 	-2.64307 	0
0.0251397 	-92.4055 	41.4431 	-2.62289 	0
0.0257111 	-92.3755 	41.6564 	-2.60272 	0
0.0262824 	-92.3537 	41.856 	-2.58247 	0
0.0268538 	-92.2813 	42.0561 	-2.562 	0
0.0274251 	-92.2211 	42.2458 	-2.54132 	0
0.0279965 	-92.2067 	42.3958 	-2.51991 	0
0.0285678 	-92.1389 	42.5474 	-2.49835 	0
0.0291392 	-92.0572 	42.6995 	-2.47677 	0
0.0297106 	-91.9978 	42.8185 	-2.45393 	0
0.0302819 	-91.9703 	42.89 	-2.42929 	0
0.0308533 	-91.8934 	42.9635 	-2.40459 	0
0.0314246 	-91.8031 	43.0374 	-2.37987 	0
0.031996 	-91.7157 	43.1072 	-2.35502 	0
0.0325673 	-91.6787 	43.1048 	-2.32805 	0
0.0331387 	-91.6307 	43.1026 	-2.30105 	0
0.0337101 	-91.5367 	43.1007 	-2.27394 	0
0.0342814 	-91.4428 	43.0989 	-2.24683 	0
0.0348528 	-91.3518 	43.0964 	-2.21983 	0
0.0354241 	-91.3082 	43.0852 	-2.19437 	0
0.0359955 	-91.2645 	43.074 	-2.16892 	0
0.0365668 	-91.1743 	43.0616 	-2.14331 	0
0.0371382 	-91.0804 	43.0491 	-2.11769 	0
0.0377095 	-90.9864 	43.0366 	-2.09206 	0
0.0382809 	-90.9073 	43.0288 	-2.0673 	0
0.0388523 	-90.8576 	43.0303 	-2.04423 	0
0.0394236 	-90.8079 	43.0318 	-2.02116 	0
0.039995 	-90.7191 	43.0322 	-1.99798 	0
0.0405663 	-90.6254 	43.0325 	-1.97479 	0
0.0411377 	-90.5317 	43.0328 	-1.9516 	0
0.041709 	-90.438 	43.0331 	-1.92841 	0
0.0422804 	-90.376 	43.0324 	-1.90661 	0
0.0428518 	-90.3235 	43.0313 	-1.88524 	0
0.0434231 	-90.2709 	43.0303 	-1.86386 	0
0.0439945 	-90.1818 	43.0284 	-1.84242 	0
0.0445658 	-90.0914 	43.0265 	-1.82097 	0
0.0451372 	-90.001 	43.0247 	-1.79953 	0
0.0457085 	-89.9106 	43.0228 	-1.77808 	0
0.0462799 	-89.8292 	43.0212 	-1.75709 	0
0.0468513 	-89.7755 	43.0206 	-1.73749 	0
0.0474226 	-89.7218 	43.0199 	-1.71789 	0
0.047994 	-89.6671 	43.0193 	-1.69829 	0
0.0485653 	-89.5815 	43.0179 	-1.67865 	0
0.0491367 	-89.4958 	43.0166 	-1.65902 	0
0.049708 	-89.4101 	43.0152 	-1.63938 	0
0.0502794 	-89.3245 	43.0138 	-1.61974 	0
0.0508508 	-89.2388 	43.0125 	-1.60011 	0
0.0514221 	-89.1737 	43.0117 	-1.58155 	0
0.0519935 	-89.1214 	43.0113 	-1.56366 	0
0.0525648 	-89.0691 	43.0108 	-1.54577 	0
0.0531362 	-89.0167 	43.0104 	-1.52787 	0
0.0537075 	-88.9398 	43.0094 	-1.50998 	0
0.0542789 	-88.8611 	43.0084 	-1.49208 	0
0.0548503 	-88.7824 	43.0074 	-1.47418 	0
0.0554216 	-88.7037 	43.0063 	-1.45628 	0
0.055993 	-88.6249 	43.0053 	-1.43838 	0
0.0565643 	-88.5462 	43.0042 	-1.42048 	0
0.0571357 	-88.4901 	43.0039 	-1.40402 	0
0.057707 	-88.4425 	43.0037 	-1.38811 	0
0.0582784 	-88.3948 	43.0036 	-1.37219 	0
0.0588497 	-88.3472 	43.0035 	-1.35628 	0
0.0594211 	-88.2892 	43.0031 	-1.34037 	0
0.0599925 	-88.2208 	43.0025 	-1.32446 	0
0.0605638 	-88.1524 	43.0019 	-1.30856 	0
0.0611352 	-88.084 	43.0013 	-1.29265 	0
0.0617065 	-88.0155 	43.0007 	-1.27675 	0
0.0622779 	-87.9471 	43 	-1.26084 	0
0.0628492 	-87.8787 	42.9994 	-1.24494 	0
0.0634206 	-87.8201 	42.9991 	-1.22953 	0
0.063992 	-87.7771 	42.9993 	-1.21491 	0
0.0645633 	-87.734 	42.9996 	-1.2003 	0
0.0651347 	-87.691 	42.9998 	-1.18569 	0
0.065706 	-87.6454 	42.9999 	-1.17107 	0
0.0662774 	-87.5856 	42.9998 	-1.15648 	0
0.0668487 	-87.5259 	42.9996 	-1.14189 	0
0.0674201 	-87.4662 	42.9994 	-1.1273 	0
0.0679915 	-87.4065 	42.9992 	-1.1127 	0
0.0685628 	-87.3468 	42.9991 	-1.09811 	0
0.0691342 	-87.2871 	42.9989 	-1.08352 	0
0.0697055 	-87.2284 	42.9988 	-1.06895 	0
0.0702769 	-87.1894 	42.9994 	-1.05496 	0
0.0708482 	-87.1504 	43 	-1.04097 	0
0.0714196 	-87.1115 	43.0007 	-1.02697 	0
0.071991 	-87.0676 	43.0012 	-1.01299 	0
0.0725623 	-87.0148 	43.0015 	-0.999025 	0
0.0731337 	-86.962 	43.0018 	-0.985061 	0
0.073705 	-86.9092 	43.0021 	-0.971098 	0
0.0742764 	-86.8564 	43.0025 	-0.957134 	0
0.0748477 	-86.8036 	43.0028 	-0.94317 	0
0.0754191 	-86.7537 	43.0032 	-0.929316 	0
0.0759905 	-86.7194 	43.0043 	-0.916059 	0
0.0765618 	-86.6852 	43.0054 	-0.902802 	0
0.0771332 	-86.6509 	43.0065 	-0.889545 	0
0.0777045 	-86.606 	43.0074 	-0.87632 	0
0.0782759 	-86.5603 	43.0083 	-0.863097 	0
0.0788472 	-86.5146 	43.0091 	-0.849874 	0
0.0794186 	-86.469 	43.0099 	-0.836651 	0
0.0799899 	-86.4233 	43.0108 	-0.823428 	0
0.0805613 	-86.3859 	43.0121 	-0.810464 	0
0.0811327 	-86.356 	43.0137 	-0.797732 	0
0.081704 	-86.326 	43.0154 	-0.784999 	0
0.0822754 	-86.2891 	43.0169 	-0.772293 	0
0.0828467 	-86.2496 	43.0184 	-0.759597 	0
0.0834181 	-86.2101 	43.0198 	-0.746901 	0
0.0839894 	-86.1706 	43.0212 	-0.734205 	0
0.0845608 	-86.1312 	43.0227 	-0.721509 	0
0.0851322 	-86.1049 	43.025 	-0.709176 	0
0.0857035 	-86.0786 	43.0274 	-0.696842 	0
0.0862749 	-86.0478 	43.0296 	-0.68453 	0
0.0868462 	-86.0134 	43.0317 	-0.672233 	0
0.0874176 	-85.979 	43.0339 	-0.659937 	0
0.0879889 	-85.9446 	43.036 	-0.647641 	0
0.0885603 	-85.9152 	43.0386 	-0.635457 	0
0.0891317 	-85.8922 	43.0418 	-0.623415 	0
0.089703 	-85.8671 	43.0449 	-0.611386 	0
0.0902744 	-85.8371 	43.0479 	-0.599383 	0
0.0908457 	-85.8072 	43.0509 	-0.587379 	0
0.0914171 	-85.7773 	43.0539 	-0.575376 	0
0.0919884 	-85.7542 	43.0577 	-0.563509 	0
0.0925598 	-85.734 	43.0619 	-0.551697 	0
0.0931312 	-85.7087 	43.0659 	-0.539917 	0
0.0937025 	-85.6825 	43.07 	-0.528143 	0
0.0942739 	-85.6563 	43.074 	-0.516369 	0
0.0948452 	-85.6361 	43.0791 	-0.504692 	0
0.0954166 	-85.6178 	43.0845 	-0.493057 	0
0.0959879 	-85.5949 	43.0898 	-0.481457 	0
0.0965593 	-85.5719 	43.0952 	-0.469857 	0
0.0971307 	-85.5516 	43.1011 	-0.458294 	0
0.097702 	-85.5359 	43.1081 	-0.446795 	0
0.0982734 	-85.5159 	43.1151 	-0.435332 	0
0.0988447 	-85.4957 	43.122 	-0.423872 	0
0.0994161 	-85.4791 	43.13 	-0.412452 	0
0.0999874 	-85.4639 	43.1389 	-0.401075 	0
0.100559 	-85.4461 	43.1477 	-0.389724 	0
0.10113 	-85.4296 	43.1571 	-0.378387 	0
0.101702 	-85.4168 	43.1683 	-0.367099 	0
0.102273 	-85.401 	43.1793 	-0.355841 	0
0.102844 	-85.387 	43.1913 	-0.344596 	0
0.103416 	-85.3748 	43.205 	-0.333389 	0
0.103987 	-85.3608 	43.2187 	-0.322203 	0
0.104558 	-85.3503 	43.2348 	-0.31104 	0
0.10513 	-85.3378 	43.2513 	-0.29992 	0
0.105701 	-85.3278 	43.2698 	-0.288819 	0
0.106272 	-85.3169 	43.2894 	-0.277759 	0
0.106844 	-85.3079 	43.3114 	-0.266684 	0
0.107415 	-85.2979 	43.3345 	-0.255639 	0
0.107986 	-85.29 	43.3612 	-0.244704 	0
0.108558 	-85.2824 	43.3871 	-0.233786 	0
0.109129 	-85.274 	43.3744 	-0.22251 	0
0.109701 	-85.2641 	43.1695 	-0.208698 	0
0.110272 	-85.254 	42.3112 	-0.184113 	0
0.110843 	-85.2496 	40.5755 	-0.146766 	0
0.111415 	-85.2493 	38.3334 	-0.108269 	0
0.111986 	-85.2576 	35.8074 	-0.0737377 	0
0.112557 	-85.2742 	32.9066 	-0.0441485 	0
0.113129 	-85.2997 	28.6453 	-0.0187307 	0
0.1137 	-85.3216 	1.2204e-10 	-4.56019e-15 	0
