0.0131412 	-163.705 	20.4876 	-0.010347 	0
0.0137126 	-163.693 	24.8893 	-0.0215929 	0
0.0142839 	-163.656 	28.2798 	-0.021771 	0
0.0148553 	-163.605 	31.3599 	-0.0121471 	0
0.0154266 	-163.548 	33.5722 	-0.00597122 	0
0.015998 	-163.489 	34.7434 	-0.0126001 	0
0.0165693 	-163.422 	35.5826 	-0.0215906 	0
0.0171407 	-163.346 	36.2966 	-0.0304882 	0
0.0177121 	-163.26 	36.9287 	-0.0393011 	0
0.0182834 	-163.168 	37.5017 	-0.0480103 	0
0.0188548 	-163.068 	38.0158 	-0.0564573 	0
0.0194261 	-162.956 	38.4846 	-0.0648596 	0
0.0199975 	-162.842 	38.9335 	-0.0731065 	0
0.0205688 	-162.715 	39.3312 	-0.0811625 	0
0.0211402 	-162.585 	39.7226 	-0.0891623 	0
0.0217116 	-162.443 	40.0733 	-0.0968807 	0
0.0222829 	-162.303 	40.424 	-0.104547 	0
0.0228543 	-162.144 	40.7362 	-0.112004 	0
0.0234256 	-161.988 	41.0459 	-0.11931 	0
0.023997 	-161.82 	41.3405 	-0.12658 	0
0.0245683 	-161.649 	41.6142 	-0.133489 	0
0.0251397 	-161.477 	41.8879 	-0.140397 	0
0.0257111 	-161.29 	42.1448 	-0.147174 	0
0.0262824 	-161.101 	42.3869 	-0.153596 	0
0.0268538 	-160.913 	42.629 	-0.160017 	0
0.0274251 	-160.716 	42.865 	-0.166398 	0
0.0279965 	-160.508 	43.0786 	-0.172388 	0
0.0285678 	-160.303 	43.2924 	-0.178323 	0
0.0291392 	-160.098 	43.5062 	-0.184258 	0
0.0297106 	-159.878 	43.6991 	-0.189954 	0
0.0302819 	-159.655 	43.8628 	-0.195112 	0
0.0308533 	-159.434 	44.0265 	-0.20026 	0
0.0314246 	-159.212 	44.1902 	-0.205408 	0
0.031996 	-158.989 	44.3481 	-0.210503 	0
0.0325673 	-158.747 	44.4053 	-0.21463 	0
0.0331387 	-158.514 	44.4628 	-0.21871 	0
0.0337101 	-158.281 	44.5204 	-0.222791 	0
0.0342814 	-158.048 	44.5779 	-0.226872 	0
0.0348528 	-157.814 	44.6315 	-0.230901 	0
0.0354241 	-157.567 	44.6243 	-0.234116 	0
0.0359955 	-157.331 	44.6174 	-0.237321 	0
0.0365668 	-157.094 	44.6104 	-0.240526 	0
0.0371382 	-156.858 	44.6035 	-0.243731 	0
0.0377095 	-156.622 	44.5966 	-0.246936 	0
0.0382809 	-156.38 	44.5897 	-0.249902 	0
0.0388523 	-156.138 	44.5831 	-0.252417 	0
0.0394236 	-155.902 	44.5766 	-0.254944 	0
0.039995 	-155.666 	44.5701 	-0.25747 	0
0.0405663 	-155.43 	44.5636 	-0.259997 	0
0.0411377 	-155.194 	44.5571 	-0.262523 	0
0.041709 	-154.958 	44.5506 	-0.26505 	0
0.0422804 	-154.713 	44.5443 	-0.266997 	0
0.0428518 	-154.48 	44.5384 	-0.268845 	0
0.0434231 	-154.248 	44.5325 	-0.270694 	0
0.0439945 	-154.016 	44.5266 	-0.272544 	0
0.0445658 	-153.784 	44.5206 	-0.274393 	0
0.0451372 	-153.552 	44.5147 	-0.276242 	0
0.0457085 	-153.319 	44.5088 	-0.278092 	0
0.0462799 	-153.086 	44.5029 	-0.279739 	0
0.0468513 	-152.853 	44.4974 	-0.280805 	0
0.0474226 	-152.629 	44.492 	-0.281943 	0
0.047994 	-152.406 	44.4867 	-0.283081 	0
0.0485653 	-152.182 	44.4814 	-0.284219 	0
0.0491367 	-151.958 	44.476 	-0.285357 	0
0.049708 	-151.734 	44.4707 	-0.286494 	0
0.0502794 	-151.511 	44.4653 	-0.287632 	0
0.0508508 	-151.287 	44.46 	-0.28877 	0
0.0514221 	-151.064 	44.4549 	-0.28939 	0
0.0519935 	-150.848 	44.45 	-0.289769 	0
0.0525648 	-150.637 	44.4453 	-0.290205 	0
0.0531362 	-150.426 	44.4406 	-0.290642 	0
0.0537075 	-150.215 	44.4359 	-0.291078 	0
0.0542789 	-150.005 	44.4312 	-0.291515 	0
0.0548503 	-149.794 	44.4265 	-0.291951 	0
0.0554216 	-149.583 	44.4218 	-0.292388 	0
0.055993 	-149.372 	44.4171 	-0.292824 	0
0.0565643 	-149.161 	44.4124 	-0.29326 	0
0.0571357 	-148.96 	44.4082 	-0.2931 	0
0.057707 	-148.767 	44.4042 	-0.292797 	0
0.0582784 	-148.579 	44.4004 	-0.292566 	0
0.0588497 	-148.391 	44.3965 	-0.292334 	0
0.0594211 	-148.203 	44.3927 	-0.292102 	0
0.0599925 	-148.015 	44.3888 	-0.29187 	0
0.0605638 	-147.826 	44.3849 	-0.291639 	0
0.0611352 	-147.638 	44.3811 	-0.291407 	0
0.0617065 	-147.45 	44.3772 	-0.291175 	0
0.0622779 	-147.262 	44.3734 	-0.290944 	0
0.0628492 	-147.074 	44.3695 	-0.290712 	0
0.0634206 	-146.89 	44.3659 	-0.290197 	0
0.063992 	-146.716 	44.3627 	-0.289265 	0
0.0645633 	-146.548 	44.3597 	-0.288466 	0
0.0651347 	-146.38 	44.3566 	-0.287666 	0
0.065706 	-146.212 	44.3535 	-0.286867 	0
0.0662774 	-146.044 	44.3505 	-0.286068 	0
0.0668487 	-145.876 	44.3474 	-0.285268 	0
0.0674201 	-145.709 	44.3444 	-0.284469 	0
0.0679915 	-145.541 	44.3413 	-0.28367 	0
0.0685628 	-145.373 	44.3383 	-0.28287 	0
0.0691342 	-145.205 	44.3352 	-0.282071 	0
0.0697055 	-145.037 	44.3322 	-0.281241 	0
0.0702769 	-144.88 	44.3298 	-0.279794 	0
0.0708482 	-144.728 	44.3275 	-0.278521 	0
0.0714196 	-144.577 	44.3252 	-0.277248 	0
0.071991 	-144.426 	44.3229 	-0.275975 	0
0.0725623 	-144.275 	44.3206 	-0.274702 	0
0.0731337 	-144.123 	44.3183 	-0.27343 	0
0.073705 	-143.972 	44.316 	-0.272157 	0
0.0742764 	-143.821 	44.3137 	-0.270884 	0
0.0748477 	-143.669 	44.3114 	-0.269611 	0
0.0754191 	-143.52 	44.3093 	-0.268259 	0
0.0759905 	-143.384 	44.3077 	-0.266521 	0
0.0765618 	-143.252 	44.3062 	-0.264918 	0
0.0771332 	-143.119 	44.3048 	-0.263315 	0
0.0777045 	-142.987 	44.3033 	-0.261711 	0
0.0782759 	-142.855 	44.3019 	-0.260108 	0
0.0788472 	-142.723 	44.3004 	-0.258505 	0
0.0794186 	-142.59 	44.299 	-0.256902 	0
0.0799899 	-142.458 	44.2975 	-0.255298 	0
0.0805613 	-142.332 	44.2964 	-0.253472 	0
0.0811327 	-142.215 	44.2958 	-0.251581 	0
0.081704 	-142.1 	44.2952 	-0.249737 	0
0.0822754 	-141.985 	44.2946 	-0.247893 	0
0.0828467 	-141.869 	44.294 	-0.246049 	0
0.0834181 	-141.754 	44.2934 	-0.244205 	0
0.0839894 	-141.638 	44.2928 	-0.24236 	0
0.0845608 	-141.523 	44.2922 	-0.240516 	0
0.0851322 	-141.419 	44.2924 	-0.23837 	0
0.0857035 	-141.319 	44.2927 	-0.236348 	0
0.0862749 	-141.218 	44.293 	-0.234326 	0
0.0868462 	-141.117 	44.2933 	-0.232304 	0
0.0874176 	-141.017 	44.2936 	-0.230283 	0
0.0879889 	-140.916 	44.2939 	-0.228261 	0
0.0885603 	-140.82 	44.2947 	-0.226102 	0
0.0891317 	-140.731 	44.296 	-0.22392 	0
0.089703 	-140.644 	44.2973 	-0.221768 	0
0.0902744 	-140.556 	44.2986 	-0.219615 	0
0.0908457 	-140.468 	44.2999 	-0.217462 	0
0.0914171 	-140.38 	44.3012 	-0.215309 	0
0.0919884 	-140.299 	44.3033 	-0.212992 	0
0.0925598 	-140.223 	44.3058 	-0.210742 	0
0.0931312 	-140.146 	44.3082 	-0.208492 	0
0.0937025 	-140.07 	44.3107 	-0.206242 	0
0.0942739 	-139.993 	44.3132 	-0.203991 	0
0.0948452 	-139.923 	44.3166 	-0.201607 	0
0.0954166 	-139.856 	44.3204 	-0.199285 	0
0.0959879 	-139.79 	44.3242 	-0.196963 	0
0.0965593 	-139.723 	44.328 	-0.194641 	0
0.0971307 	-139.659 	44.3324 	-0.192234 	0
0.097702 	-139.601 	44.3379 	-0.189852 	0
0.0982734 	-139.543 	44.3433 	-0.187477 	0
0.0988447 	-139.485 	44.3487 	-0.185103 	0
0.0994161 	-139.43 	44.3552 	-0.182644 	0
0.0999874 	-139.38 	44.3625 	-0.180231 	0
0.100559 	-139.329 	44.3698 	-0.177818 	0
0.10113 	-139.28 	44.3777 	-0.175353 	0
0.101702 	-139.236 	44.3872 	-0.172904 	0
0.102273 	-139.192 	44.3967 	-0.170465 	0
0.102844 	-139.149 	44.4071 	-0.167971 	0
0.103416 	-139.111 	44.4191 	-0.165514 	0
0.103987 	-139.073 	44.4311 	-0.163056 	0
0.104558 	-139.038 	44.4454 	-0.160548 	0
0.10513 	-139.005 	44.4602 	-0.15808 	0
0.105701 	-138.974 	44.4769 	-0.155571 	0
0.106272 	-138.945 	44.4947 	-0.153096 	0
0.106844 	-138.919 	44.5147 	-0.150589 	0
0.107415 	-138.893 	44.5358 	-0.148104 	0
0.107986 	-138.871 	44.5599 	-0.14561 	0
0.108558 	-138.851 	44.586 	-0.14311 	0
0.109129 	-138.832 	44.6144 	-0.140618 	0
0.109701 	-138.816 	44.6456 	-0.138138 	0
0.110272 	-138.802 	44.6801 	-0.135644 	0
0.110843 	-138.79 	44.7016 	-0.133296 	0
0.111415 	-138.777 	44.375 	-0.126625 	0
0.111986 	-138.775 	41.9838 	-0.0905496 	0
0.112557 	-138.787 	37.9208 	-0.0484984 	0
0.113129 	-138.811 	32.5481 	-0.0182439 	0
0.1137 	-138.832 	1.4679e-10 	-4.63516e-15 	0
