0 	9.73991 	0 	0 	0
0.000571357 	9.67931 	13.8217 	-0.0257143 	0
0.00114271 	9.54414 	15.0158 	-0.0649523 	0
0.00171407 	9.40031 	15.7585 	-0.106015 	0
0.00228543 	9.26492 	16.3855 	-0.1474 	0
0.00285678 	9.14278 	16.9777 	-0.188481 	0
0.00342814 	9.03464 	17.5664 	-0.228852 	0
0.0039995 	8.93867 	18.1681 	-0.26824 	0
0.00457085 	8.85271 	18.7925 	-0.306348 	0
0.00514221 	8.77419 	19.447 	-0.342946 	0
0.00571357 	8.70068 	20.1356 	-0.377744 	0
0.00628492 	8.62982 	20.8611 	-0.410548 	0
0.00685628 	8.55965 	21.6252 	-0.441139 	0
0.00742764 	8.48863 	22.4285 	-0.469287 	0
0.00799899 	8.41409 	23.2747 	-0.494666 	0
0.00857035 	8.33692 	24.1576 	-0.517449 	0
0.00914171 	8.26952 	25.0918 	-0.536561 	0
0.00971307 	8.20937 	26.0949 	-0.551937 	0
0.0102844 	8.13336 	27.1817 	-0.562662 	0
0.0108558 	8.03155 	28.3102 	-0.569352 	0
0.0114271 	7.90941 	29.4308 	-0.573354 	0
0.0119985 	7.77714 	30.5223 	-0.575255 	0
0.0125698 	7.66828 	31.4176 	-0.575174 	0
0.0131412 	7.51441 	32.7343 	-0.570893 	0
0.0137126 	7.37162 	33.9504 	-0.56208 	0
0.0142839 	7.21763 	35.2806 	-0.546824 	0
0.0148553 	7.03176 	36.1934 	-0.539282 	0
0.0154266 	6.8284 	36.569 	-0.543432 	0
0.015998 	6.62054 	36.8788 	-0.548442 	0
0.0165693 	6.40974 	37.1757 	-0.553305 	0
0.0171407 	6.19608 	37.4612 	-0.557923 	0
0.0177121 	5.97975 	37.7371 	-0.562338 	0
0.0182834 	5.76107 	38.0051 	-0.566588 	0
0.0188548 	5.54041 	38.2633 	-0.570605 	0
0.0194261 	5.3164 	38.5118 	-0.574407 	0
0.0199975 	5.09113 	38.7558 	-0.578108 	0
0.0205688 	4.86333 	38.9863 	-0.5815 	0
0.0211402 	4.63394 	39.2144 	-0.584848 	0
0.0217116 	4.40236 	39.4274 	-0.587859 	0
0.0222829 	4.17078 	39.6404 	-0.59087 	0
0.0228543 	3.93455 	39.8299 	-0.593392 	0
0.0234256 	3.69934 	40.0177 	-0.595875 	0
0.023997 	3.46139 	40.1902 	-0.598073 	0
0.0245683 	3.22305 	40.3407 	-0.59986 	0
0.0251397 	2.98471 	40.4912 	-0.601646 	0
0.0257111 	2.74385 	40.6146 	-0.602902 	0
0.0262824 	2.50385 	40.7128 	-0.603673 	0
0.0268538 	2.26384 	40.8111 	-0.604444 	0
0.0274251 	2.02215 	40.8968 	-0.604973 	0
0.0279965 	1.78301 	40.9344 	-0.604619 	0
0.0285678 	1.54386 	40.972 	-0.604265 	0
0.0291392 	1.30471 	41.0096 	-0.603911 	0
0.0297106 	1.06529 	41.0286 	-0.603126 	0
0.0302819 	0.830557 	41.0204 	-0.601761 	0
0.0308533 	0.595827 	41.0121 	-0.600397 	0
0.0314246 	0.361096 	41.0038 	-0.599032 	0
0.031996 	0.124469 	40.9954 	-0.59762 	0
0.0325673 	-0.102892 	40.9808 	-0.595942 	0
0.0331387 	-0.330254 	40.9663 	-0.594264 	0
0.0337101 	-0.557615 	40.9517 	-0.592587 	0
0.0342814 	-0.784977 	40.9371 	-0.590909 	0
0.0348528 	-1.01439 	40.9238 	-0.589202 	0
0.0354241 	-1.23466 	40.9299 	-0.587701 	0
0.0359955 	-1.45494 	40.9359 	-0.586199 	0
0.0365668 	-1.67521 	40.9419 	-0.584697 	0
0.0371382 	-1.89549 	40.9479 	-0.583195 	0
0.0377095 	-2.11577 	40.9539 	-0.581693 	0
0.0382809 	-2.33618 	40.9608 	-0.580015 	0
0.0388523 	-2.54897 	40.9693 	-0.578118 	0
0.0394236 	-2.76176 	40.9779 	-0.576221 	0
0.039995 	-2.97454 	40.9864 	-0.574324 	0
0.0405663 	-3.18733 	40.995 	-0.572426 	0
0.0411377 	-3.40012 	41.0035 	-0.570529 	0
0.041709 	-3.61291 	41.0121 	-0.568632 	0
0.0422804 	-3.82044 	41.0166 	-0.56638 	0
0.0428518 	-4.02277 	41.0198 	-0.56409 	0
0.0434231 	-4.2251 	41.023 	-0.5618 	0
0.0439945 	-4.42743 	41.0261 	-0.55951 	0
0.0445658 	-4.62975 	41.0293 	-0.55722 	0
0.0451372 	-4.83208 	41.0325 	-0.554931 	0
0.0457085 	-5.03441 	41.0357 	-0.552641 	0
0.0462799 	-5.2367 	41.0394 	-0.550223 	0
0.0468513 	-5.42692 	41.0444 	-0.547673 	0
0.0474226 	-5.61715 	41.0494 	-0.545123 	0
0.047994 	-5.80737 	41.0543 	-0.542573 	0
0.0485653 	-5.9976 	41.0593 	-0.540023 	0
0.0491367 	-6.18783 	41.0643 	-0.537473 	0
0.049708 	-6.37805 	41.0693 	-0.534923 	0
0.0502794 	-6.56828 	41.0742 	-0.532373 	0
0.0508508 	-6.7585 	41.0792 	-0.529823 	0
0.0514221 	-6.94284 	41.084 	-0.526958 	0
0.0519935 	-7.11868 	41.0886 	-0.524017 	0
0.0525648 	-7.29453 	41.0932 	-0.521077 	0
0.0531362 	-7.47038 	41.0978 	-0.518136 	0
0.0537075 	-7.64623 	41.1024 	-0.515196 	0
0.0542789 	-7.82207 	41.107 	-0.512255 	0
0.0548503 	-7.99792 	41.1117 	-0.509315 	0
0.0554216 	-8.17377 	41.1163 	-0.506374 	0
0.055993 	-8.34962 	41.1209 	-0.503434 	0
0.0565643 	-8.52546 	41.1255 	-0.500494 	0
0.0571357 	-8.68869 	41.13 	-0.497312 	0
0.057707 	-8.84304 	41.1344 	-0.49416 	0
0.0582784 	-8.99739 	41.1388 	-0.491008 	0
0.0588497 	-9.15174 	41.1432 	-0.487857 	0
0.0594211 	-9.30609 	41.1476 	-0.484705 	0
0.0599925 	-9.46044 	41.152 	-0.481553 	0
0.0605638 	-9.61479 	41.1564 	-0.478401 	0
0.0611352 	-9.76914 	41.1608 	-0.47525 	0
0.0617065 	-9.92349 	41.1652 	-0.472098 	0
0.0622779 	-10.0778 	41.1696 	-0.468946 	0
0.0628492 	-10.2322 	41.174 	-0.465794 	0
0.0634206 	-10.3827 	41.1784 	-0.46243 	0
0.063992 	-10.5197 	41.1827 	-0.458983 	0
0.0645633 	-10.6568 	41.187 	-0.455536 	0
0.0651347 	-10.7938 	41.1913 	-0.45209 	0
0.065706 	-10.9309 	41.1956 	-0.448643 	0
0.0662774 	-11.0679 	41.1999 	-0.445197 	0
0.0668487 	-11.205 	41.2043 	-0.44175 	0
0.0674201 	-11.3421 	41.2086 	-0.438304 	0
0.0679915 	-11.4791 	41.2129 	-0.434857 	0
0.0685628 	-11.6162 	41.2172 	-0.431411 	0
0.0691342 	-11.7532 	41.2215 	-0.427964 	0
0.0697055 	-11.892 	41.2258 	-0.424403 	0
0.0702769 	-12.016 	41.2302 	-0.420623 	0
0.0708482 	-12.1399 	41.2346 	-0.416843 	0
0.0714196 	-12.2638 	41.239 	-0.413063 	0
0.071991 	-12.3878 	41.2434 	-0.409282 	0
0.0725623 	-12.5117 	41.2478 	-0.405502 	0
0.0731337 	-12.6357 	41.2522 	-0.401722 	0
0.073705 	-12.7596 	41.2566 	-0.397942 	0
0.0742764 	-12.8836 	41.261 	-0.394161 	0
0.0748477 	-13.0075 	41.2654 	-0.390381 	0
0.0754191 	-13.1309 	41.2698 	-0.386486 	0
0.0759905 	-13.2397 	41.2743 	-0.382539 	0
0.0765618 	-13.3485 	41.2788 	-0.378592 	0
0.0771332 	-13.4574 	41.2833 	-0.374645 	0
0.0777045 	-13.5662 	41.2877 	-0.370698 	0
0.0782759 	-13.6751 	41.2922 	-0.366751 	0
0.0788472 	-13.7839 	41.2967 	-0.362804 	0
0.0794186 	-13.8927 	41.3011 	-0.358857 	0
0.0799899 	-14.0016 	41.3056 	-0.35491 	0
0.0805613 	-14.1048 	41.3102 	-0.350816 	0
0.0811327 	-14.2005 	41.3149 	-0.346737 	0
0.081704 	-14.2962 	41.3196 	-0.342657 	0
0.0822754 	-14.3919 	41.3243 	-0.338577 	0
0.0828467 	-14.4876 	41.329 	-0.334498 	0
0.0834181 	-14.5833 	41.3337 	-0.330418 	0
0.0839894 	-14.679 	41.3383 	-0.326339 	0
0.0845608 	-14.7756 	41.3431 	-0.322192 	0
0.0851322 	-14.8599 	41.3481 	-0.318026 	0
0.0857035 	-14.9441 	41.3532 	-0.31386 	0
0.0862749 	-15.0284 	41.3583 	-0.309693 	0
0.0868462 	-15.1127 	41.3634 	-0.305527 	0
0.0874176 	-15.1969 	41.3684 	-0.30136 	0
0.0879889 	-15.2812 	41.3735 	-0.297194 	0
0.0885603 	-15.3618 	41.3789 	-0.292938 	0
0.0891317 	-15.4362 	41.3846 	-0.288699 	0
0.089703 	-15.5105 	41.3903 	-0.28446 	0
0.0902744 	-15.5849 	41.3959 	-0.280222 	0
0.0908457 	-15.6592 	41.4016 	-0.275983 	0
0.0914171 	-15.7336 	41.4073 	-0.271744 	0
0.0919884 	-15.8023 	41.4136 	-0.267423 	0
0.0925598 	-15.868 	41.4202 	-0.26314 	0
0.0931312 	-15.9338 	41.4267 	-0.258856 	0
0.0937025 	-15.9995 	41.4333 	-0.254572 	0
0.0942739 	-16.0652 	41.4399 	-0.250289 	0
0.0948452 	-16.1259 	41.4473 	-0.245935 	0
0.0954166 	-16.1842 	41.455 	-0.241614 	0
0.0959879 	-16.2424 	41.4628 	-0.237293 	0
0.0965593 	-16.3007 	41.4705 	-0.232973 	0
0.0971307 	-16.3568 	41.4788 	-0.228607 	0
0.097702 	-16.4086 	41.4881 	-0.224265 	0
0.0982734 	-16.4603 	41.4974 	-0.219923 	0
0.0988447 	-16.512 	41.5066 	-0.215582 	0
0.0994161 	-16.5608 	41.517 	-0.211199 	0
0.0999874 	-16.6068 	41.5282 	-0.206841 	0
0.100559 	-16.6529 	41.5394 	-0.202484 	0
0.10113 	-16.6979 	41.5512 	-0.198096 	0
0.101702 	-16.7391 	41.5646 	-0.193731 	0
0.102273 	-16.7802 	41.5781 	-0.189367 	0
0.102844 	-16.82 	41.5926 	-0.184978 	0
0.103416 	-16.8569 	41.6088 	-0.180616 	0
0.103987 	-16.8937 	41.6249 	-0.176253 	0
0.104558 	-16.9276 	41.6437 	-0.171866 	0
0.10513 	-16.9607 	41.663 	-0.1675 	0
0.105701 	-16.9918 	41.6844 	-0.163135 	0
0.106272 	-17.0216 	41.7069 	-0.158799 	0
0.106844 	-17.0493 	41.7049 	-0.154457 	0
0.107415 	-17.0758 	41.6799 	-0.149916 	0
0.107986 	-17.0978 	41.3807 	-0.141243 	0
0.108558 	-17.1186 	40.7462 	-0.12724 	0
0.109129 	-17.1387 	39.7381 	-0.108241 	0
0.109701 	-17.1588 	38.3914 	-0.0867581 	0
0.110272 	-17.1778 	36.8743 	-0.0668075 	0
0.110843 	-17.1962 	35.2657 	-0.0490767 	0
0.111415 	-17.214 	33.5939 	-0.0340567 	0
0.111986 	-17.2306 	31.7635 	-0.0220368 	0
0.112557 	-17.2452 	29.488 	-0.0123665 	0
0.113129 	-17.2567 	25.8706 	-0.00490758 	0
0.1137 	-17.2623 	1.10557e-10 	-1.37519e-15 	0
