0 	-192.309 	0 	0 	0
0.000571357 	-192.287 	0.0645851 	0.0648848 	0
0.00114271 	-192.204 	-1.01639 	0.395016 	0
0.00171407 	-192.183 	-1.8236 	0.793915 	0
0.00228543 	-192.26 	-2.22202 	1.11165 	0
0.00285678 	-192.404 	-2.34803 	1.3296 	0
0.00342814 	-192.581 	-2.3129 	1.46757 	0
0.0039995 	-192.756 	-2.19685 	1.55533 	0
0.00457085 	-192.911 	-2.03025 	1.6069 	0
0.00514221 	-193.032 	-1.83563 	1.6332 	0
0.00571357 	-193.118 	-1.61883 	1.63791 	0
0.00628492 	-193.168 	-1.38919 	1.62472 	0
0.00685628 	-193.182 	-1.15164 	1.59503 	0
0.00742764 	-193.163 	-0.908619 	1.54941 	0
0.00799899 	-193.103 	-0.657617 	1.48551 	0
0.00857035 	-193 	-0.391061 	1.40182 	0
0.00914171 	-192.825 	-0.050689 	1.2853 	0
0.00971307 	-192.583 	0.457925 	1.12385 	0
0.0102844 	-192.29 	1.46728 	0.876676 	0
0.0108558 	-191.954 	3.37344 	0.533676 	0
0.0114271 	-191.553 	6.25264 	0.14724 	0
0.0119985 	-191.062 	10.1161 	-0.225743 	0
0.0125698 	-190.544 	14.044 	-0.484424 	0
0.0131412 	-189.536 	20.9587 	-0.651827 	0
0.0137126 	-188.845 	26.4832 	-0.612187 	0
0.0142839 	-188.497 	29.548 	-0.635609 	0
0.0148553 	-188.104 	32.036 	-0.67565 	0
0.0154266 	-187.643 	34.2897 	-0.706939 	0
0.015998 	-187.121 	35.7303 	-0.732228 	0
0.0165693 	-186.564 	36.5811 	-0.752752 	0
0.0171407 	-185.977 	37.2375 	-0.770161 	0
0.0177121 	-185.364 	37.8197 	-0.785738 	0
0.0182834 	-184.729 	38.3487 	-0.799939 	0
0.0188548 	-184.067 	38.8235 	-0.812768 	0
0.0194261 	-183.39 	39.2573 	-0.824297 	0
0.0199975 	-182.704 	39.6728 	-0.835316 	0
0.0205688 	-181.99 	40.0404 	-0.844943 	0
0.0211402 	-181.279 	40.4027 	-0.854312 	0
0.0217116 	-180.545 	40.7266 	-0.862536 	0
0.0222829 	-179.816 	41.0509 	-0.870729 	0
0.0228543 	-179.067 	41.3391 	-0.877636 	0
0.0234256 	-178.317 	41.6247 	-0.884459 	0
0.023997 	-177.568 	41.8968 	-0.890772 	0
0.0245683 	-176.808 	42.1488 	-0.896362 	0
0.0251397 	-176.048 	42.4009 	-0.901955 	0
0.0257111 	-175.291 	42.6379 	-0.906904 	0
0.0262824 	-174.526 	42.8607 	-0.911197 	0
0.0268538 	-173.761 	43.0834 	-0.91549 	0
0.0274251 	-173.004 	43.3003 	-0.919638 	0
0.0279965 	-172.242 	43.4939 	-0.922829 	0
0.0285678 	-171.481 	43.6874 	-0.926021 	0
0.0291392 	-170.72 	43.8811 	-0.929229 	0
0.0297106 	-169.969 	44.0518 	-0.931702 	0
0.0302819 	-169.217 	44.1889 	-0.932863 	0
0.0308533 	-168.465 	44.3259 	-0.934024 	0
0.0314246 	-167.713 	44.463 	-0.935185 	0
0.031996 	-166.971 	44.5951 	-0.936383 	0
0.0325673 	-166.248 	44.6287 	-0.934581 	0
0.0331387 	-165.525 	44.6623 	-0.93278 	0
0.0337101 	-164.802 	44.6958 	-0.930978 	0
0.0342814 	-164.079 	44.7294 	-0.929176 	0
0.0348528 	-163.368 	44.7604 	-0.927559 	0
0.0354241 	-162.698 	44.7405 	-0.924092 	0
0.0359955 	-162.028 	44.7205 	-0.920626 	0
0.0365668 	-161.357 	44.7006 	-0.917159 	0
0.0371382 	-160.687 	44.6806 	-0.913692 	0
0.0377095 	-160.02 	44.6608 	-0.910343 	0
0.0382809 	-159.374 	44.6428 	-0.906907 	0
0.0388523 	-158.76 	44.6281 	-0.902868 	0
0.0394236 	-158.147 	44.6134 	-0.89883 	0
0.039995 	-157.533 	44.5987 	-0.894791 	0
0.0405663 	-156.92 	44.584 	-0.890752 	0
0.0411377 	-156.306 	44.5693 	-0.886714 	0
0.041709 	-155.699 	44.5547 	-0.882969 	0
0.0422804 	-155.134 	44.5414 	-0.878569 	0
0.0428518 	-154.58 	44.5284 	-0.873968 	0
0.0434231 	-154.027 	44.5154 	-0.869367 	0
0.0439945 	-153.474 	44.5024 	-0.864766 	0
0.0445658 	-152.921 	44.4894 	-0.860165 	0
0.0451372 	-152.368 	44.4764 	-0.855564 	0
0.0457085 	-151.818 	44.4635 	-0.851132 	0
0.0462799 	-151.285 	44.451 	-0.846622 	0
0.0468513 	-150.795 	44.4398 	-0.841496 	0
0.0474226 	-150.306 	44.4286 	-0.83637 	0
0.047994 	-149.816 	44.4174 	-0.831244 	0
0.0485653 	-149.326 	44.4062 	-0.826118 	0
0.0491367 	-148.837 	44.395 	-0.820992 	0
0.049708 	-148.347 	44.3838 	-0.815866 	0
0.0502794 	-147.858 	44.3726 	-0.81078 	0
0.0508508 	-147.373 	44.3615 	-0.805919 	0
0.0514221 	-146.925 	44.3514 	-0.800632 	0
0.0519935 	-146.5 	44.342 	-0.79508 	0
0.0525648 	-146.075 	44.3326 	-0.789529 	0
0.0531362 	-145.651 	44.3232 	-0.783977 	0
0.0537075 	-145.226 	44.3138 	-0.778426 	0
0.0542789 	-144.801 	44.3044 	-0.772874 	0
0.0548503 	-144.377 	44.2949 	-0.767323 	0
0.0554216 	-143.952 	44.2855 	-0.761771 	0
0.055993 	-143.529 	44.2761 	-0.756333 	0
0.0565643 	-143.107 	44.2668 	-0.751019 	0
0.0571357 	-142.737 	44.2588 	-0.745385 	0
0.057707 	-142.386 	44.2514 	-0.739631 	0
0.0582784 	-142.035 	44.244 	-0.733878 	0
0.0588497 	-141.684 	44.2365 	-0.728124 	0
0.0594211 	-141.333 	44.2291 	-0.722371 	0
0.0599925 	-140.982 	44.2216 	-0.716617 	0
0.0605638 	-140.631 	44.2142 	-0.710864 	0
0.0611352 	-140.28 	44.2068 	-0.70511 	0
0.0617065 	-139.929 	44.1993 	-0.699357 	0
0.0622779 	-139.579 	44.1919 	-0.693684 	0
0.0628492 	-139.23 	44.1845 	-0.688133 	0
0.0634206 	-138.902 	44.1777 	-0.682416 	0
0.063992 	-138.609 	44.1719 	-0.676434 	0
0.0645633 	-138.316 	44.1661 	-0.670452 	0
0.0651347 	-138.022 	44.1603 	-0.664469 	0
0.065706 	-137.729 	44.1545 	-0.658487 	0
0.0662774 	-137.435 	44.1487 	-0.652505 	0
0.0668487 	-137.142 	44.1429 	-0.646523 	0
0.0674201 	-136.849 	44.1371 	-0.640541 	0
0.0679915 	-136.555 	44.1313 	-0.634559 	0
0.0685628 	-136.262 	44.1255 	-0.628587 	0
0.0691342 	-135.97 	44.1197 	-0.622783 	0
0.0697055 	-135.68 	44.114 	-0.616957 	0
0.0702769 	-135.428 	44.1095 	-0.610672 	0
0.0708482 	-135.177 	44.105 	-0.604387 	0
0.0714196 	-134.926 	44.1005 	-0.598102 	0
0.071991 	-134.674 	44.096 	-0.591818 	0
0.0725623 	-134.423 	44.0916 	-0.585533 	0
0.0731337 	-134.171 	44.0871 	-0.579248 	0
0.073705 	-133.92 	44.0826 	-0.572963 	0
0.0742764 	-133.669 	44.0781 	-0.566678 	0
0.0748477 	-133.418 	44.0737 	-0.560542 	0
0.0754191 	-133.174 	44.0694 	-0.554382 	0
0.0759905 	-132.961 	44.0662 	-0.548014 	0
0.0765618 	-132.749 	44.063 	-0.541647 	0
0.0771332 	-132.537 	44.0598 	-0.535279 	0
0.0777045 	-132.325 	44.0566 	-0.528912 	0
0.0782759 	-132.112 	44.0535 	-0.522545 	0
0.0788472 	-131.9 	44.0503 	-0.516177 	0
0.0794186 	-131.688 	44.0471 	-0.509818 	0
0.0799899 	-131.476 	44.0439 	-0.503599 	0
0.0805613 	-131.281 	44.0413 	-0.497274 	0
0.0811327 	-131.101 	44.0393 	-0.490853 	0
0.081704 	-130.92 	44.0373 	-0.484433 	0
0.0822754 	-130.739 	44.0353 	-0.478012 	0
0.0828467 	-130.559 	44.0333 	-0.471592 	0
0.0834181 	-130.378 	44.0313 	-0.465171 	0
0.0839894 	-130.198 	44.0293 	-0.458797 	0
0.0845608 	-130.018 	44.0273 	-0.452514 	0
0.0851322 	-129.863 	44.0265 	-0.446066 	0
0.0857035 	-129.708 	44.0256 	-0.439617 	0
0.0862749 	-129.553 	44.0248 	-0.433169 	0
0.0868462 	-129.398 	44.024 	-0.42672 	0
0.0874176 	-129.243 	44.0231 	-0.420272 	0
0.0879889 	-129.088 	44.0223 	-0.413902 	0
0.0885603 	-128.943 	44.022 	-0.407519 	0
0.0891317 	-128.809 	44.0223 	-0.401052 	0
0.089703 	-128.676 	44.0227 	-0.394585 	0
0.0902744 	-128.542 	44.0231 	-0.388119 	0
0.0908457 	-128.409 	44.0234 	-0.381652 	0
0.0914171 	-128.275 	44.0238 	-0.375276 	0
0.0919884 	-128.155 	44.0251 	-0.368839 	0
0.0925598 	-128.039 	44.0268 	-0.362365 	0
0.0931312 	-127.923 	44.0285 	-0.355891 	0
0.0937025 	-127.808 	44.0302 	-0.349417 	0
0.0942739 	-127.692 	44.0319 	-0.343015 	0
0.0948452 	-127.587 	44.0347 	-0.336572 	0
0.0954166 	-127.487 	44.0379 	-0.330094 	0
0.0959879 	-127.386 	44.0411 	-0.323617 	0
0.0965593 	-127.286 	44.0443 	-0.317155 	0
0.0971307 	-127.19 	44.0481 	-0.310752 	0
0.097702 	-127.102 	44.053 	-0.304276 	0
0.0982734 	-127.015 	44.058 	-0.297801 	0
0.0988447 	-126.927 	44.0629 	-0.291352 	0
0.0994161 	-126.845 	44.069 	-0.284929 	0
0.0999874 	-126.769 	44.0759 	-0.278458 	0
0.100559 	-126.692 	44.0828 	-0.271987 	0
0.10113 	-126.618 	44.0904 	-0.265584 	0
0.101702 	-126.551 	44.0996 	-0.259121 	0
0.102273 	-126.483 	44.1089 	-0.252657 	0
0.102844 	-126.419 	44.1191 	-0.246254 	0
0.103416 	-126.36 	44.131 	-0.239802 	0
0.103987 	-126.301 	44.1428 	-0.233381 	0
0.104558 	-126.248 	44.1571 	-0.226951 	0
0.10513 	-126.196 	44.1718 	-0.220507 	0
0.105701 	-126.148 	44.1886 	-0.214116 	0
0.106272 	-126.102 	44.2064 	-0.207703 	0
0.106844 	-126.059 	44.2266 	-0.201298 	0
0.107415 	-126.019 	44.2478 	-0.194892 	0
0.107986 	-125.983 	44.2722 	-0.188526 	0
0.108558 	-125.949 	44.2986 	-0.182138 	0
0.109129 	-125.918 	44.3275 	-0.175752 	0
0.109701 	-125.89 	44.3582 	-0.169457 	0
0.110272 	-125.865 	44.3479 	-0.162838 	0
0.110843 	-125.839 	43.9076 	-0.150544 	0
0.111415 	-125.822 	42.2286 	-0.119177 	0
0.111986 	-125.817 	39.2775 	-0.0787688 	0
0.112557 	-125.824 	35.7751 	-0.0448702 	0
0.113129 	-125.844 	31.0141 	-0.018574 	0
0.1137 	-125.865 	1.40436e-10 	-5.00671e-15 	0
