0 	9.59159 	0 	0 	0
0.000571357 	9.53099 	13.8202 	-0.0257275 	0
0.00114271 	9.39578 	15.015 	-0.0650007 	0
0.00171407 	9.25189 	15.7578 	-0.106105 	0
0.00228543 	9.11642 	16.3848 	-0.147531 	0
0.00285678 	8.99421 	16.977 	-0.188653 	0
0.00342814 	8.88599 	17.5657 	-0.229062 	0
0.0039995 	8.78994 	18.1674 	-0.268487 	0
0.00457085 	8.7039 	18.7919 	-0.306628 	0
0.00514221 	8.62529 	19.4465 	-0.343257 	0
0.00571357 	8.55168 	20.1353 	-0.378083 	0
0.00628492 	8.48071 	20.861 	-0.410912 	0
0.00685628 	8.41043 	21.6255 	-0.441526 	0
0.00742764 	8.33928 	22.4292 	-0.469695 	0
0.00799899 	8.26459 	23.2758 	-0.495093 	0
0.00857035 	8.18729 	24.1592 	-0.517893 	0
0.00914171 	8.1198 	25.0941 	-0.537016 	0
0.00971307 	8.05951 	26.098 	-0.5524 	0
0.0102844 	7.98324 	27.1859 	-0.563132 	0
0.0108558 	7.88104 	28.3157 	-0.569843 	0
0.0114271 	7.7585 	29.4379 	-0.573885 	0
0.0119985 	7.62592 	30.5317 	-0.575843 	0
0.0125698 	7.51689 	31.4299 	-0.575812 	0
0.0131412 	7.36216 	32.7517 	-0.571576 	0
0.0137126 	7.21898 	33.9716 	-0.562743 	0
0.0142839 	7.06435 	35.3045 	-0.54749 	0
0.0148553 	6.87778 	36.1998 	-0.540468 	0
0.0154266 	6.67438 	36.57 	-0.544753 	0
0.015998 	6.46657 	36.8796 	-0.54977 	0
0.0165693 	6.25585 	37.1765 	-0.554634 	0
0.0171407 	6.04226 	37.4619 	-0.559255 	0
0.0177121 	5.826 	37.7377 	-0.563673 	0
0.0182834 	5.6074 	38.0057 	-0.567923 	0
0.0188548 	5.38682 	38.2639 	-0.571942 	0
0.0194261 	5.1629 	38.5123 	-0.575745 	0
0.0199975 	4.93771 	38.7563 	-0.579446 	0
0.0205688 	4.71 	38.9867 	-0.582838 	0
0.0211402 	4.4807 	39.2149 	-0.586185 	0
0.0217116 	4.24921 	39.4278 	-0.589195 	0
0.0222829 	4.01773 	39.6408 	-0.592205 	0
0.0228543 	3.78159 	39.8302 	-0.594726 	0
0.0234256 	3.54647 	40.0179 	-0.597206 	0
0.023997 	3.30863 	40.1904 	-0.599402 	0
0.0245683 	3.07038 	40.3408 	-0.601185 	0
0.0251397 	2.83214 	40.4913 	-0.602968 	0
0.0257111 	2.59139 	40.6146 	-0.604219 	0
0.0262824 	2.35149 	40.7127 	-0.604984 	0
0.0268538 	2.11159 	40.8109 	-0.605749 	0
0.0274251 	1.87001 	40.8966 	-0.606272 	0
0.0279965 	1.63098 	40.9342 	-0.60591 	0
0.0285678 	1.39194 	40.9717 	-0.605547 	0
0.0291392 	1.1529 	41.0092 	-0.605185 	0
0.0297106 	0.913586 	41.0282 	-0.604392 	0
0.0302819 	0.678968 	41.0199 	-0.603018 	0
0.0308533 	0.444349 	41.0116 	-0.601644 	0
0.0314246 	0.20973 	41.0033 	-0.60027 	0
0.031996 	-0.0267853 	40.9948 	-0.598848 	0
0.0325673 	-0.254037 	40.9803 	-0.597162 	0
0.0331387 	-0.481289 	40.9657 	-0.595475 	0
0.0337101 	-0.708541 	40.9511 	-0.593789 	0
0.0342814 	-0.935793 	40.9366 	-0.592102 	0
0.0348528 	-1.16509 	40.9233 	-0.590386 	0
0.0354241 	-1.38526 	40.9293 	-0.588876 	0
0.0359955 	-1.60543 	40.9353 	-0.587366 	0
0.0365668 	-1.8256 	40.9413 	-0.585856 	0
0.0371382 	-2.04577 	40.9474 	-0.584345 	0
0.0377095 	-2.26594 	40.9534 	-0.582835 	0
0.0382809 	-2.48625 	40.9603 	-0.581149 	0
0.0388523 	-2.69893 	40.9688 	-0.579243 	0
0.0394236 	-2.91161 	40.9773 	-0.577338 	0
0.039995 	-3.1243 	40.9859 	-0.575432 	0
0.0405663 	-3.33698 	40.9944 	-0.573526 	0
0.0411377 	-3.54966 	41.0029 	-0.57162 	0
0.041709 	-3.76234 	41.0115 	-0.569715 	0
0.0422804 	-3.96977 	41.016 	-0.567455 	0
0.0428518 	-4.172 	41.0192 	-0.565156 	0
0.0434231 	-4.37423 	41.0224 	-0.562858 	0
0.0439945 	-4.57646 	41.0255 	-0.560559 	0
0.0445658 	-4.77868 	41.0287 	-0.558261 	0
0.0451372 	-4.98091 	41.0319 	-0.555962 	0
0.0457085 	-5.18314 	41.0351 	-0.553664 	0
0.0462799 	-5.38532 	41.0388 	-0.551238 	0
0.0468513 	-5.57545 	41.0438 	-0.54868 	0
0.0474226 	-5.76558 	41.0488 	-0.546121 	0
0.047994 	-5.95571 	41.0537 	-0.543563 	0
0.0485653 	-6.14584 	41.0587 	-0.541004 	0
0.0491367 	-6.33596 	41.0636 	-0.538445 	0
0.049708 	-6.52609 	41.0686 	-0.535887 	0
0.0502794 	-6.71622 	41.0736 	-0.533328 	0
0.0508508 	-6.90635 	41.0785 	-0.53077 	0
0.0514221 	-7.09059 	41.0834 	-0.527896 	0
0.0519935 	-7.26635 	41.088 	-0.524947 	0
0.0525648 	-7.4421 	41.0926 	-0.521998 	0
0.0531362 	-7.61786 	41.0972 	-0.519049 	0
0.0537075 	-7.79361 	41.1018 	-0.5161 	0
0.0542789 	-7.96937 	41.1064 	-0.513151 	0
0.0548503 	-8.14512 	41.111 	-0.510202 	0
0.0554216 	-8.32088 	41.1156 	-0.507253 	0
0.055993 	-8.49664 	41.1202 	-0.504304 	0
0.0565643 	-8.67239 	41.1248 	-0.501356 	0
0.0571357 	-8.83553 	41.1293 	-0.498166 	0
0.057707 	-8.9898 	41.1337 	-0.495006 	0
0.0582784 	-9.14406 	41.1381 	-0.491846 	0
0.0588497 	-9.29833 	41.1425 	-0.488686 	0
0.0594211 	-9.4526 	41.1469 	-0.485526 	0
0.0599925 	-9.60687 	41.1513 	-0.482366 	0
0.0605638 	-9.76113 	41.1557 	-0.479206 	0
0.0611352 	-9.9154 	41.1601 	-0.476046 	0
0.0617065 	-10.0697 	41.1645 	-0.472886 	0
0.0622779 	-10.2239 	41.1689 	-0.469726 	0
0.0628492 	-10.3782 	41.1733 	-0.466566 	0
0.0634206 	-10.5286 	41.1777 	-0.463194 	0
0.063992 	-10.6656 	41.182 	-0.459739 	0
0.0645633 	-10.8026 	41.1863 	-0.456284 	0
0.0651347 	-10.9396 	41.1906 	-0.45283 	0
0.065706 	-11.0765 	41.1949 	-0.449375 	0
0.0662774 	-11.2135 	41.1992 	-0.44592 	0
0.0668487 	-11.3505 	41.2035 	-0.442466 	0
0.0674201 	-11.4875 	41.2078 	-0.439011 	0
0.0679915 	-11.6245 	41.2121 	-0.435557 	0
0.0685628 	-11.7614 	41.2164 	-0.432102 	0
0.0691342 	-11.8984 	41.2207 	-0.428647 	0
0.0697055 	-12.0371 	41.2251 	-0.425078 	0
0.0702769 	-12.161 	41.2295 	-0.42129 	0
0.0708482 	-12.2849 	41.2339 	-0.417501 	0
0.0714196 	-12.4088 	41.2382 	-0.413713 	0
0.071991 	-12.5326 	41.2426 	-0.409924 	0
0.0725623 	-12.6565 	41.247 	-0.406136 	0
0.0731337 	-12.7804 	41.2514 	-0.402347 	0
0.073705 	-12.9043 	41.2558 	-0.398559 	0
0.0742764 	-13.0281 	41.2602 	-0.39477 	0
0.0748477 	-13.152 	41.2646 	-0.390982 	0
0.0754191 	-13.2753 	41.269 	-0.387079 	0
0.0759905 	-13.3841 	41.2735 	-0.383124 	0
0.0765618 	-13.4929 	41.278 	-0.379168 	0
0.0771332 	-13.6016 	41.2824 	-0.375213 	0
0.0777045 	-13.7104 	41.2869 	-0.371258 	0
0.0782759 	-13.8192 	41.2914 	-0.367303 	0
0.0788472 	-13.928 	41.2959 	-0.363347 	0
0.0794186 	-14.0367 	41.3003 	-0.359392 	0
0.0799899 	-14.1455 	41.3048 	-0.355437 	0
0.0805613 	-14.2487 	41.3094 	-0.351335 	0
0.0811327 	-14.3443 	41.3141 	-0.347247 	0
0.081704 	-14.4399 	41.3188 	-0.343159 	0
0.0822754 	-14.5356 	41.3235 	-0.339072 	0
0.0828467 	-14.6312 	41.3281 	-0.334984 	0
0.0834181 	-14.7269 	41.3328 	-0.330896 	0
0.0839894 	-14.8225 	41.3375 	-0.326808 	0
0.0845608 	-14.9191 	41.3422 	-0.322654 	0
0.0851322 	-15.0033 	41.3473 	-0.318479 	0
0.0857035 	-15.0875 	41.3524 	-0.314305 	0
0.0862749 	-15.1717 	41.3574 	-0.31013 	0
0.0868462 	-15.256 	41.3625 	-0.305956 	0
0.0874176 	-15.3402 	41.3676 	-0.301781 	0
0.0879889 	-15.4244 	41.3727 	-0.297607 	0
0.0885603 	-15.505 	41.378 	-0.293343 	0
0.0891317 	-15.5793 	41.3837 	-0.289096 	0
0.089703 	-15.6536 	41.3894 	-0.284849 	0
0.0902744 	-15.7279 	41.3951 	-0.280602 	0
0.0908457 	-15.8022 	41.4008 	-0.276355 	0
0.0914171 	-15.8765 	41.4065 	-0.272108 	0
0.0919884 	-15.9452 	41.4128 	-0.267779 	0
0.0925598 	-16.0109 	41.4193 	-0.263488 	0
0.0931312 	-16.0766 	41.4259 	-0.259196 	0
0.0937025 	-16.1423 	41.4324 	-0.254905 	0
0.0942739 	-16.2079 	41.439 	-0.250613 	0
0.0948452 	-16.2686 	41.4464 	-0.246251 	0
0.0954166 	-16.3268 	41.4541 	-0.241923 	0
0.0959879 	-16.3851 	41.4619 	-0.237594 	0
0.0965593 	-16.4433 	41.4696 	-0.233265 	0
0.0971307 	-16.4994 	41.4779 	-0.228891 	0
0.097702 	-16.5511 	41.4872 	-0.224541 	0
0.0982734 	-16.6028 	41.4965 	-0.220192 	0
0.0988447 	-16.6545 	41.5058 	-0.215842 	0
0.0994161 	-16.7032 	41.5161 	-0.211451 	0
0.0999874 	-16.7493 	41.5273 	-0.207085 	0
0.100559 	-16.7953 	41.5385 	-0.20272 	0
0.10113 	-16.8403 	41.5503 	-0.198324 	0
0.101702 	-16.8814 	41.5638 	-0.193952 	0
0.102273 	-16.9225 	41.5773 	-0.189579 	0
0.102844 	-16.9623 	41.5917 	-0.185182 	0
0.103416 	-16.9991 	41.6079 	-0.180812 	0
0.103987 	-17.036 	41.624 	-0.176441 	0
0.104558 	-17.0698 	41.6428 	-0.172047 	0
0.10513 	-17.1029 	41.6621 	-0.167673 	0
0.105701 	-17.134 	41.6835 	-0.163299 	0
0.106272 	-17.1637 	41.7061 	-0.158955 	0
0.106844 	-17.1914 	41.704 	-0.154606 	0
0.107415 	-17.2179 	41.6789 	-0.150055 	0
0.107986 	-17.2399 	41.3796 	-0.141371 	0
0.108558 	-17.2607 	40.7449 	-0.127355 	0
0.109129 	-17.2807 	39.7367 	-0.108342 	0
0.109701 	-17.3008 	38.3898 	-0.0868463 	0
0.110272 	-17.3198 	36.8728 	-0.066883 	0
0.110843 	-17.3383 	35.2641 	-0.0491392 	0
0.111415 	-17.356 	33.5922 	-0.0341062 	0
0.111986 	-17.3726 	31.7618 	-0.022073 	0
0.112557 	-17.3873 	29.4863 	-0.0123895 	0
0.113129 	-17.3987 	25.8689 	-0.00491772 	0
0.1137 	-17.4043 	1.10546e-10 	-1.37752e-15 	0
