0.0131412 	-154.172 	20.0738 	-0.00505936 	0
0.0137126 	-154.155 	24.9628 	-0.00381064 	0
0.0142839 	-154.128 	28.9392 	0.0144504 	0
0.0148553 	-154.099 	31.9542 	0.0353995 	0
0.0154266 	-154.08 	33.5236 	0.0379418 	0
0.015998 	-154.059 	34.5046 	0.0346095 	0
0.0165693 	-154.035 	35.3268 	0.0310463 	0
0.0171407 	-154.008 	36.04 	0.0273912 	0
0.0177121 	-153.978 	36.6728 	0.023681 	0
0.0182834 	-153.946 	37.2473 	0.0199453 	0
0.0188548 	-153.91 	37.7633 	0.0161181 	0
0.0194261 	-153.871 	38.2345 	0.0123518 	0
0.0199975 	-153.832 	38.6859 	0.0086166 	0
0.0205688 	-153.786 	39.0865 	0.00479137 	0
0.0211402 	-153.741 	39.4808 	0.00109408 	0
0.0217116 	-153.69 	39.8346 	-0.00268727 	0
0.0222829 	-153.641 	40.1884 	-0.006352 	0
0.0228543 	-153.584 	40.504 	-0.0100521 	0
0.0234256 	-153.527 	40.8169 	-0.0137632 	0
0.023997 	-153.469 	41.115 	-0.0172959 	0
0.0245683 	-153.405 	41.3921 	-0.0209205 	0
0.0251397 	-153.342 	41.6692 	-0.024499 	0
0.0257111 	-153.276 	41.9298 	-0.0279483 	0
0.0262824 	-153.205 	42.1753 	-0.0314474 	0
0.0268538 	-153.133 	42.4208 	-0.0349464 	0
0.0274251 	-153.064 	42.6606 	-0.0382538 	0
0.0279965 	-152.985 	42.8783 	-0.0416236 	0
0.0285678 	-152.905 	43.096 	-0.0449934 	0
0.0291392 	-152.827 	43.3137 	-0.0483046 	0
0.0297106 	-152.748 	43.5116 	-0.0514548 	0
0.0302819 	-152.66 	43.6807 	-0.0545688 	0
0.0308533 	-152.572 	43.8498 	-0.0576829 	0
0.0314246 	-152.484 	44.019 	-0.0607846 	0
0.031996 	-152.402 	44.1826 	-0.0637239 	0
0.0325673 	-152.306 	44.2454 	-0.0664911 	0
0.0331387 	-152.211 	44.3082 	-0.0692584 	0
0.0337101 	-152.115 	44.371 	-0.0720256 	0
0.0342814 	-152.021 	44.4339 	-0.0747649 	0
0.0348528 	-151.932 	44.493 	-0.0774004 	0
0.0354241 	-151.832 	44.4897 	-0.0798689 	0
0.0359955 	-151.731 	44.4864 	-0.0823374 	0
0.0365668 	-151.63 	44.4831 	-0.084806 	0
0.0371382 	-151.529 	44.4798 	-0.0872745 	0
0.0377095 	-151.434 	44.4767 	-0.0896856 	0
0.0382809 	-151.338 	44.4735 	-0.0920055 	0
0.0388523 	-151.233 	44.4699 	-0.0941985 	0
0.0394236 	-151.128 	44.4664 	-0.0963915 	0
0.039995 	-151.024 	44.4628 	-0.0985845 	0
0.0405663 	-150.919 	44.4593 	-0.100777 	0
0.0411377 	-150.817 	44.4558 	-0.102952 	0
0.041709 	-150.721 	44.4524 	-0.105087 	0
0.0422804 	-150.616 	44.4493 	-0.107038 	0
0.0428518 	-150.508 	44.4461 	-0.108935 	0
0.0434231 	-150.401 	44.443 	-0.110831 	0
0.0439945 	-150.293 	44.4399 	-0.112728 	0
0.0445658 	-150.186 	44.4367 	-0.114625 	0
0.0451372 	-150.078 	44.4336 	-0.116521 	0
0.0457085 	-149.979 	44.4307 	-0.118387 	0
0.0462799 	-149.878 	44.4278 	-0.120175 	0
0.0468513 	-149.77 	44.425 	-0.121728 	0
0.0474226 	-149.661 	44.4223 	-0.123281 	0
0.047994 	-149.553 	44.4195 	-0.124834 	0
0.0485653 	-149.444 	44.4167 	-0.126387 	0
0.0491367 	-149.336 	44.414 	-0.127939 	0
0.049708 	-149.227 	44.4112 	-0.129492 	0
0.0502794 	-149.124 	44.4086 	-0.131044 	0
0.0508508 	-149.024 	44.406 	-0.132596 	0
0.0514221 	-148.92 	44.4035 	-0.133916 	0
0.0519935 	-148.813 	44.4012 	-0.135094 	0
0.0525648 	-148.706 	44.3988 	-0.136272 	0
0.0531362 	-148.599 	44.3964 	-0.13745 	0
0.0537075 	-148.492 	44.394 	-0.138628 	0
0.0542789 	-148.385 	44.3917 	-0.139805 	0
0.0548503 	-148.278 	44.3893 	-0.140983 	0
0.0554216 	-148.171 	44.3869 	-0.142162 	0
0.055993 	-148.072 	44.3847 	-0.143369 	0
0.0565643 	-147.973 	44.3825 	-0.144575 	0
0.0571357 	-147.873 	44.3806 	-0.14546 	0
0.057707 	-147.774 	44.3787 	-0.146225 	0
0.0582784 	-147.674 	44.3768 	-0.14699 	0
0.0588497 	-147.574 	44.3749 	-0.147754 	0
0.0594211 	-147.474 	44.373 	-0.148519 	0
0.0599925 	-147.374 	44.3712 	-0.149284 	0
0.0605638 	-147.274 	44.3693 	-0.150049 	0
0.0611352 	-147.174 	44.3674 	-0.150813 	0
0.0617065 	-147.074 	44.3655 	-0.151581 	0
0.0622779 	-146.982 	44.3638 	-0.152401 	0
0.0628492 	-146.889 	44.3621 	-0.153221 	0
0.0634206 	-146.796 	44.3605 	-0.153881 	0
0.063992 	-146.704 	44.3591 	-0.154284 	0
0.0645633 	-146.611 	44.3578 	-0.154688 	0
0.0651347 	-146.519 	44.3564 	-0.155091 	0
0.065706 	-146.426 	44.355 	-0.155495 	0
0.0662774 	-146.333 	44.3536 	-0.155898 	0
0.0668487 	-146.241 	44.3523 	-0.156302 	0
0.0674201 	-146.148 	44.3509 	-0.156705 	0
0.0679915 	-146.055 	44.3495 	-0.157109 	0
0.0685628 	-145.967 	44.3483 	-0.157568 	0
0.0691342 	-145.881 	44.347 	-0.158051 	0
0.0697055 	-145.795 	44.3458 	-0.158516 	0
0.0702769 	-145.709 	44.345 	-0.158621 	0
0.0708482 	-145.623 	44.3442 	-0.158727 	0
0.0714196 	-145.537 	44.3433 	-0.158832 	0
0.071991 	-145.451 	44.3425 	-0.158938 	0
0.0725623 	-145.366 	44.3417 	-0.159043 	0
0.0731337 	-145.28 	44.3408 	-0.159148 	0
0.073705 	-145.194 	44.34 	-0.159254 	0
0.0742764 	-145.111 	44.3392 	-0.159406 	0
0.0748477 	-145.031 	44.3385 	-0.159611 	0
0.0754191 	-144.951 	44.3379 	-0.159764 	0
0.0759905 	-144.874 	44.3377 	-0.159631 	0
0.0765618 	-144.798 	44.3375 	-0.159497 	0
0.0771332 	-144.721 	44.3373 	-0.159364 	0
0.0777045 	-144.645 	44.337 	-0.159231 	0
0.0782759 	-144.568 	44.3368 	-0.159097 	0
0.0788472 	-144.492 	44.3366 	-0.158964 	0
0.0794186 	-144.418 	44.3365 	-0.158893 	0
0.0799899 	-144.346 	44.3364 	-0.158872 	0
0.0805613 	-144.277 	44.3365 	-0.158697 	0
0.0811327 	-144.209 	44.337 	-0.158384 	0
0.081704 	-144.142 	44.3375 	-0.158071 	0
0.0822754 	-144.074 	44.3379 	-0.157757 	0
0.0828467 	-144.007 	44.3384 	-0.157444 	0
0.0834181 	-143.939 	44.3388 	-0.157131 	0
0.0839894 	-143.875 	44.3393 	-0.156911 	0
0.0845608 	-143.812 	44.3399 	-0.156719 	0
0.0851322 	-143.752 	44.3411 	-0.156268 	0
0.0857035 	-143.693 	44.3423 	-0.155818 	0
0.0862749 	-143.634 	44.3435 	-0.155367 	0
0.0868462 	-143.574 	44.3447 	-0.154916 	0
0.0874176 	-143.515 	44.3459 	-0.154466 	0
0.0879889 	-143.459 	44.3472 	-0.154141 	0
0.0885603 	-143.406 	44.3489 	-0.153717 	0
0.0891317 	-143.354 	44.351 	-0.153163 	0
0.089703 	-143.302 	44.3531 	-0.152608 	0
0.0902744 	-143.25 	44.3551 	-0.152054 	0
0.0908457 	-143.198 	44.3572 	-0.151507 	0
0.0914171 	-143.15 	44.3594 	-0.151086 	0
0.0919884 	-143.104 	44.3622 	-0.150514 	0
0.0925598 	-143.059 	44.3654 	-0.149881 	0
0.0931312 	-143.014 	44.3685 	-0.149248 	0
0.0937025 	-142.969 	44.3716 	-0.148615 	0
0.0942739 	-142.927 	44.3748 	-0.148104 	0
0.0948452 	-142.887 	44.3789 	-0.147466 	0
0.0954166 	-142.848 	44.3833 	-0.146774 	0
0.0959879 	-142.809 	44.3877 	-0.146082 	0
0.0965593 	-142.771 	44.3921 	-0.145444 	0
0.0971307 	-142.736 	44.3971 	-0.144825 	0
0.097702 	-142.702 	44.403 	-0.144089 	0
0.0982734 	-142.668 	44.4089 	-0.143353 	0
0.0988447 	-142.636 	44.4148 	-0.142681 	0
0.0994161 	-142.606 	44.4217 	-0.141988 	0
0.0999874 	-142.577 	44.4294 	-0.14122 	0
0.100559 	-142.548 	44.4372 	-0.140456 	0
0.10113 	-142.522 	44.4454 	-0.139789 	0
0.101702 	-142.497 	44.4552 	-0.138998 	0
0.102273 	-142.473 	44.4651 	-0.138213 	0
0.102844 	-142.45 	44.4758 	-0.137509 	0
0.103416 	-142.429 	44.488 	-0.136702 	0
0.103987 	-142.409 	44.5003 	-0.135958 	0
0.104558 	-142.391 	44.5148 	-0.135167 	0
0.10513 	-142.373 	44.5297 	-0.134374 	0
0.105701 	-142.357 	44.5465 	-0.133607 	0
0.106272 	-142.342 	44.5644 	-0.132811 	0
0.106844 	-142.33 	44.5845 	-0.132029 	0
0.107415 	-142.317 	44.6055 	-0.131263 	0
0.107986 	-142.307 	44.6296 	-0.130441 	0
0.108558 	-142.298 	44.6556 	-0.12967 	0
0.109129 	-142.29 	44.6839 	-0.128895 	0
0.109701 	-142.284 	44.7149 	-0.128118 	0
0.110272 	-142.278 	44.7491 	-0.127337 	0
0.110843 	-142.275 	44.7868 	-0.126574 	0
0.111415 	-142.272 	44.8106 	-0.12592 	0
0.111986 	-142.269 	43.8767 	-0.112284 	0
0.112557 	-142.285 	39.8015 	-0.0619136 	0
0.113129 	-142.315 	33.7282 	-0.0212916 	0
0.1137 	-142.341 	1.57347e-10 	-5.24822e-15 	0
