0 	-111.289 	0 	0 	0
0.000571357 	-111.628 	-4.53506 	-0.0935703 	0
0.00114271 	-112.179 	-3.94393 	-0.207318 	0
0.00171407 	-112.692 	-3.30503 	-0.323046 	0
0.00228543 	-113.132 	-2.6183 	-0.440314 	0
0.00285678 	-113.496 	-1.87451 	-0.558369 	0
0.00342814 	-113.792 	-1.06165 	-0.677893 	0
0.0039995 	-114.03 	-0.17255 	-0.798632 	0
0.00457085 	-114.22 	0.80061 	-0.920699 	0
0.00514221 	-114.369 	1.86722 	-1.04486 	0
0.00571357 	-114.483 	3.03199 	-1.17081 	0
0.00628492 	-114.509 	4.3086 	-1.29839 	0
0.00685628 	-114.424 	5.75057 	-1.42839 	0
0.00742764 	-114.331 	7.38552 	-1.56061 	0
0.00799899 	-114.262 	9.19061 	-1.69294 	0
0.00857035 	-114.189 	11.1154 	-1.82413 	0
0.00914171 	-114.114 	13.154 	-1.95271 	0
0.00971307 	-114.047 	15.2652 	-2.07859 	0
0.0102844 	-114.014 	17.4109 	-2.20069 	0
0.0108558 	-114.006 	19.5402 	-2.31894 	0
0.0114271 	-113.972 	21.639 	-2.4324 	0
0.0119985 	-113.861 	23.768 	-2.54032 	0
0.0125698 	-113.714 	25.6114 	-2.62553 	0
0.0131412 	-113.459 	28.4683 	-2.73782 	0
0.0137126 	-113.245 	31.1935 	-2.82488 	0
0.0142839 	-113.069 	34.0842 	-2.90005 	0
0.0148553 	-112.866 	35.5265 	-2.91614 	0
0.0154266 	-112.653 	36.0221 	-2.90322 	0
0.015998 	-112.432 	36.5898 	-2.89771 	0
0.0165693 	-112.2 	37.062 	-2.88524 	0
0.0171407 	-111.967 	37.4889 	-2.87019 	0
0.0177121 	-111.732 	37.894 	-2.85428 	0
0.0182834 	-111.478 	38.2804 	-2.83741 	0
0.0188548 	-111.223 	38.6407 	-2.8194 	0
0.0194261 	-110.986 	38.9784 	-2.80058 	0
0.0199975 	-110.711 	39.3071 	-2.78139 	0
0.0205688 	-110.47 	39.6097 	-2.76146 	0
0.0211402 	-110.197 	39.9092 	-2.74145 	0
0.0217116 	-109.951 	40.1857 	-2.72103 	0
0.0222829 	-109.665 	40.4624 	-2.70058 	0
0.0228543 	-109.433 	40.7162 	-2.6799 	0
0.0234256 	-109.144 	40.9686 	-2.65916 	0
0.023997 	-108.887 	41.2112 	-2.63848 	0
0.0245683 	-108.628 	41.4402 	-2.61785 	0
0.0251397 	-108.338 	41.6691 	-2.59722 	0
0.0257111 	-108.086 	41.8836 	-2.57653 	0
0.0262824 	-107.826 	42.0852 	-2.5558 	0
0.0268538 	-107.537 	42.2871 	-2.5351 	0
0.0274251 	-107.262 	42.4792 	-2.51421 	0
0.0279965 	-107.034 	42.6351 	-2.49263 	0
0.0285678 	-106.747 	42.7924 	-2.4712 	0
0.0291392 	-106.46 	42.9497 	-2.44977 	0
0.0297106 	-106.202 	43.0747 	-2.42705 	0
0.0302819 	-105.973 	43.1535 	-2.40255 	0
0.0308533 	-105.692 	43.2341 	-2.37824 	0
0.0314246 	-105.411 	43.3148 	-2.35393 	0
0.031996 	-105.134 	43.3909 	-2.32948 	0
0.0325673 	-104.925 	43.39 	-2.30245 	0
0.0331387 	-104.679 	43.3894 	-2.27555 	0
0.0337101 	-104.413 	43.389 	-2.24873 	0
0.0342814 	-104.147 	43.3885 	-2.2219 	0
0.0348528 	-103.886 	43.3872 	-2.19515 	0
0.0354241 	-103.691 	43.3723 	-2.16949 	0
0.0359955 	-103.474 	43.3569 	-2.14388 	0
0.0365668 	-103.229 	43.3409 	-2.11835 	0
0.0371382 	-102.984 	43.3249 	-2.09282 	0
0.0377095 	-102.739 	43.3088 	-2.06728 	0
0.0382809 	-102.516 	43.2975 	-2.04253 	0
0.0388523 	-102.334 	43.2955 	-2.01935 	0
0.0394236 	-102.132 	43.2929 	-1.99622 	0
0.039995 	-101.907 	43.2898 	-1.97316 	0
0.0405663 	-101.682 	43.2866 	-1.9501 	0
0.0411377 	-101.458 	43.2835 	-1.92703 	0
0.041709 	-101.233 	43.2803 	-1.90397 	0
0.0422804 	-101.054 	43.2768 	-1.88221 	0
0.0428518 	-100.888 	43.2732 	-1.86084 	0
0.0434231 	-100.699 	43.2691 	-1.83956 	0
0.0439945 	-100.497 	43.2646 	-1.81832 	0
0.0445658 	-100.294 	43.2602 	-1.79708 	0
0.0451372 	-100.092 	43.2557 	-1.77584 	0
0.0457085 	-99.8897 	43.2513 	-1.75461 	0
0.0462799 	-99.7006 	43.2472 	-1.73379 	0
0.0468513 	-99.5518 	43.2444 	-1.71425 	0
0.0474226 	-99.4029 	43.2415 	-1.69472 	0
0.047994 	-99.2294 	43.2381 	-1.67529 	0
0.0485653 	-99.05 	43.2345 	-1.65588 	0
0.0491367 	-98.8705 	43.2309 	-1.63647 	0
0.049708 	-98.6911 	43.2274 	-1.61707 	0
0.0502794 	-98.5117 	43.2238 	-1.59766 	0
0.0508508 	-98.3323 	43.2202 	-1.57826 	0
0.0514221 	-98.183 	43.2175 	-1.55986 	0
0.0519935 	-98.0523 	43.2152 	-1.54208 	0
0.0525648 	-97.9216 	43.2129 	-1.52431 	0
0.0531362 	-97.7703 	43.2102 	-1.50663 	0
0.0537075 	-97.6145 	43.2074 	-1.48898 	0
0.0542789 	-97.4587 	43.2045 	-1.47133 	0
0.0548503 	-97.303 	43.2017 	-1.45368 	0
0.0554216 	-97.1472 	43.1988 	-1.43603 	0
0.055993 	-96.9914 	43.196 	-1.41837 	0
0.0565643 	-96.8356 	43.1931 	-1.40072 	0
0.0571357 	-96.7137 	43.1912 	-1.38443 	0
0.057707 	-96.6045 	43.1896 	-1.36866 	0
0.0582784 	-96.4952 	43.1881 	-1.35288 	0
0.0588497 	-96.3758 	43.1863 	-1.33716 	0
0.0594211 	-96.2469 	43.1842 	-1.32149 	0
0.0599925 	-96.1181 	43.1822 	-1.30583 	0
0.0605638 	-95.9892 	43.1802 	-1.29016 	0
0.0611352 	-95.8604 	43.1781 	-1.2745 	0
0.0617065 	-95.7315 	43.1761 	-1.25883 	0
0.0622779 	-95.6026 	43.174 	-1.24317 	0
0.0628492 	-95.4738 	43.172 	-1.2275 	0
0.0634206 	-95.359 	43.1704 	-1.2123 	0
0.063992 	-95.2667 	43.1695 	-1.19784 	0
0.0645633 	-95.1744 	43.1685 	-1.18337 	0
0.0651347 	-95.0792 	43.1675 	-1.16893 	0
0.065706 	-94.9713 	43.1662 	-1.15457 	0
0.0662774 	-94.8633 	43.1649 	-1.14021 	0
0.0668487 	-94.7553 	43.1636 	-1.12585 	0
0.0674201 	-94.6474 	43.1623 	-1.11149 	0
0.0679915 	-94.5394 	43.161 	-1.09712 	0
0.0685628 	-94.4314 	43.1596 	-1.08276 	0
0.0691342 	-94.3235 	43.1583 	-1.0684 	0
0.0697055 	-94.2168 	43.1571 	-1.05407 	0
0.0702769 	-94.137 	43.1567 	-1.04023 	0
0.0708482 	-94.0572 	43.1564 	-1.0264 	0
0.0714196 	-93.9742 	43.156 	-1.01259 	0
0.071991 	-93.8815 	43.1554 	-0.998856 	0
0.0725623 	-93.7888 	43.1548 	-0.985121 	0
0.0731337 	-93.6961 	43.1541 	-0.971386 	0
0.073705 	-93.6034 	43.1535 	-0.957651 	0
0.0742764 	-93.5107 	43.1529 	-0.943916 	0
0.0748477 	-93.418 	43.1523 	-0.93018 	0
0.0754191 	-93.3292 	43.1518 	-0.916544 	0
0.0759905 	-93.2613 	43.1521 	-0.903449 	0
0.0765618 	-93.1935 	43.1524 	-0.890354 	0
0.0771332 	-93.118 	43.1525 	-0.877324 	0
0.0777045 	-93.0395 	43.1526 	-0.864319 	0
0.0782759 	-92.9611 	43.1527 	-0.851315 	0
0.0788472 	-92.8826 	43.1528 	-0.838311 	0
0.0794186 	-92.8042 	43.1528 	-0.825307 	0
0.0799899 	-92.7257 	43.1529 	-0.812303 	0
0.0805613 	-92.658 	43.1534 	-0.799527 	0
0.0811327 	-92.6 	43.1544 	-0.786955 	0
0.081704 	-92.5384 	43.1554 	-0.774418 	0
0.0822754 	-92.4715 	43.1562 	-0.761933 	0
0.0828467 	-92.4046 	43.1569 	-0.749447 	0
0.0834181 	-92.3377 	43.1577 	-0.736962 	0
0.0839894 	-92.2707 	43.1585 	-0.724477 	0
0.0845608 	-92.2039 	43.1593 	-0.711992 	0
0.0851322 	-92.1538 	43.1611 	-0.699817 	0
0.0857035 	-92.1027 	43.1628 	-0.687654 	0
0.0862749 	-92.0451 	43.1644 	-0.675562 	0
0.0868462 	-91.9875 	43.166 	-0.663469 	0
0.0874176 	-91.93 	43.1676 	-0.651376 	0
0.0879889 	-91.8724 	43.1692 	-0.639284 	0
0.0885603 	-91.8211 	43.1712 	-0.627282 	0
0.0891317 	-91.7778 	43.1739 	-0.615398 	0
0.089703 	-91.7292 	43.1764 	-0.603579 	0
0.0902744 	-91.6795 	43.1789 	-0.591774 	0
0.0908457 	-91.6297 	43.1814 	-0.579969 	0
0.0914171 	-91.58 	43.1839 	-0.568164 	0
0.0919884 	-91.5388 	43.1873 	-0.556463 	0
0.0925598 	-91.4994 	43.191 	-0.544829 	0
0.0931312 	-91.4561 	43.1946 	-0.533248 	0
0.0937025 	-91.4129 	43.1982 	-0.521667 	0
0.0942739 	-91.3696 	43.2019 	-0.510086 	0
0.0948452 	-91.3338 	43.2065 	-0.498573 	0
0.0954166 	-91.2985 	43.2115 	-0.487124 	0
0.0959879 	-91.2607 	43.2165 	-0.475714 	0
0.0965593 	-91.223 	43.2214 	-0.464304 	0
0.0971307 	-91.1885 	43.227 	-0.452916 	0
0.097702 	-91.1583 	43.2336 	-0.441589 	0
0.0982734 	-91.1252 	43.2402 	-0.430315 	0
0.0988447 	-91.0922 	43.2467 	-0.41904 	0
0.0994161 	-91.0634 	43.2544 	-0.407785 	0
0.0999874 	-91.0356 	43.263 	-0.396592 	0
0.100559 	-91.0065 	43.2714 	-0.385425 	0
0.10113 	-90.9791 	43.2805 	-0.374263 	0
0.101702 	-90.9552 	43.2913 	-0.363147 	0
0.102273 	-90.9296 	43.3021 	-0.352071 	0
0.102844 	-90.9059 	43.3138 	-0.340994 	0
0.103416 	-90.8842 	43.3272 	-0.329962 	0
0.103987 	-90.8614 	43.3405 	-0.318954 	0
0.104558 	-90.8423 	43.3563 	-0.307961 	0
0.10513 	-90.8221 	43.3726 	-0.297023 	0
0.105701 	-90.8045 	43.3908 	-0.28608 	0
0.106272 	-90.7865 	43.4101 	-0.27519 	0
0.106844 	-90.7707 	43.4318 	-0.264285 	0
0.107415 	-90.7546 	43.4546 	-0.253425 	0
0.107986 	-90.7409 	43.4809 	-0.242661 	0
0.108558 	-90.7278 	43.5083 	-0.231851 	0
0.109129 	-90.7147 	43.5121 	-0.220918 	0
0.109701 	-90.7012 	43.3707 	-0.208336 	0
0.110272 	-90.6865 	42.6475 	-0.1862 	0
0.110843 	-90.6765 	40.9967 	-0.149835 	0
0.111415 	-90.6729 	38.7421 	-0.110722 	0
0.111986 	-90.6786 	36.1627 	-0.0753316 	0
0.112557 	-90.6937 	33.2104 	-0.0450744 	0
0.113129 	-90.7185 	28.9029 	-0.0191613 	0
0.1137 	-90.7407 	1.23608e-10 	-4.70757e-15 	0
