0 	-66.9315 	0 	0 	0
0.000571357 	-67.3477 	-1.77376 	-0.113422 	0
0.00114271 	-68.0087 	-1.11581 	-0.24777 	0
0.00171407 	-68.6165 	-0.452542 	-0.383638 	0
0.00228543 	-69.1285 	0.247937 	-0.520075 	0
0.00285678 	-69.5447 	1.00269 	-0.65646 	0
0.00342814 	-69.8765 	1.82579 	-0.792806 	0
0.0039995 	-70.1413 	2.72579 	-0.928817 	0
0.00457085 	-70.3535 	3.71081 	-1.06442 	0
0.00514221 	-70.5263 	4.78823 	-1.19955 	0
0.00571357 	-70.672 	5.96245 	-1.33409 	0
0.00628492 	-70.7287 	7.24488 	-1.46736 	0
0.00685628 	-70.6724 	8.68402 	-1.59916 	0
0.00742764 	-70.6479 	10.297 	-1.72875 	0
0.00799899 	-70.6852 	12.056 	-1.8548 	0
0.00857035 	-70.7448 	13.9201 	-1.97799 	0
0.00914171 	-70.8309 	15.8823 	-2.09683 	0
0.00971307 	-70.9451 	17.9075 	-2.21212 	0
0.0102844 	-71.1121 	19.9512 	-2.32183 	0
0.0108558 	-71.3196 	21.9591 	-2.42511 	0
0.0114271 	-71.5255 	23.9228 	-2.52135 	0
0.0119985 	-71.7153 	25.9075 	-2.61044 	0
0.0125698 	-71.865 	27.6229 	-2.67922 	0
0.0131412 	-72.109 	30.2647 	-2.7664 	0
0.0137126 	-72.3939 	32.7561 	-2.82988 	0
0.0142839 	-72.727 	34.728 	-2.86549 	0
0.0148553 	-73.0333 	35.3558 	-2.86256 	0
0.0154266 	-73.331 	35.924 	-2.86178 	0
0.015998 	-73.6259 	36.3443 	-2.84969 	0
0.0165693 	-73.9065 	36.7622 	-2.83827 	0
0.0171407 	-74.1829 	37.1688 	-2.82641 	0
0.0177121 	-74.4554 	37.551 	-2.81317 	0
0.0182834 	-74.7039 	37.9146 	-2.79879 	0
0.0188548 	-74.9518 	38.2561 	-2.78343 	0
0.0194261 	-75.2087 	38.5801 	-2.7676 	0
0.0199975 	-75.4269 	38.8972 	-2.75101 	0
0.0205688 	-75.6685 	39.1919 	-2.73418 	0
0.0211402 	-75.8774 	39.4842 	-2.71687 	0
0.0217116 	-76.1044 	39.7561 	-2.69941 	0
0.0222829 	-76.2914 	40.0285 	-2.68145 	0
0.0228543 	-76.5182 	40.2802 	-2.66378 	0
0.0234256 	-76.6887 	40.5308 	-2.64541 	0
0.023997 	-76.8792 	40.7718 	-2.62727 	0
0.0245683 	-77.0669 	40.9993 	-2.6091 	0
0.0251397 	-77.22 	41.227 	-2.59054 	0
0.0257111 	-77.3964 	41.4381 	-2.57197 	0
0.0262824 	-77.5657 	41.6345 	-2.55313 	0
0.0268538 	-77.6997 	41.8316 	-2.53394 	0
0.0274251 	-77.8424 	42.0174 	-2.51453 	0
0.0279965 	-78.0179 	42.1603 	-2.49424 	0
0.0285678 	-78.1342 	42.3057 	-2.4735 	0
0.0291392 	-78.2489 	42.4511 	-2.45274 	0
0.0297106 	-78.3784 	42.5632 	-2.43076 	0
0.0302819 	-78.5294 	42.6272 	-2.40702 	0
0.0308533 	-78.6234 	42.6938 	-2.38289 	0
0.0314246 	-78.7171 	42.7605 	-2.35875 	0
0.031996 	-78.8124 	42.8233 	-2.33452 	0
0.0325673 	-78.9382 	42.8198 	-2.30858 	0
0.0331387 	-79.0413 	42.8165 	-2.28245 	0
0.0337101 	-79.1145 	42.8133 	-2.25606 	0
0.0342814 	-79.1877 	42.8102 	-2.22968 	0
0.0348528 	-79.2627 	42.8068 	-2.20341 	0
0.0354241 	-79.3639 	42.7994 	-2.17904 	0
0.0359955 	-79.4559 	42.7917 	-2.15458 	0
0.0365668 	-79.5101 	42.783 	-2.12976 	0
0.0371382 	-79.5644 	42.7743 	-2.10494 	0
0.0377095 	-79.6187 	42.7656 	-2.08011 	0
0.0382809 	-79.681 	42.7614 	-2.05616 	0
0.0388523 	-79.7592 	42.7663 	-2.03394 	0
0.0394236 	-79.8292 	42.7709 	-2.01165 	0
0.039995 	-79.8657 	42.7746 	-1.98907 	0
0.0405663 	-79.9023 	42.7784 	-1.96648 	0
0.0411377 	-79.9388 	42.7821 	-1.9439 	0
0.041709 	-79.9754 	42.7859 	-1.92132 	0
0.0422804 	-80.0288 	42.7878 	-1.90014 	0
0.0428518 	-80.0872 	42.7893 	-1.87937 	0
0.0434231 	-80.1338 	42.7905 	-1.85852 	0
0.0439945 	-80.1559 	42.7911 	-1.83749 	0
0.0445658 	-80.178 	42.7918 	-1.81645 	0
0.0451372 	-80.2 	42.7924 	-1.79541 	0
0.0457085 	-80.2221 	42.7931 	-1.77438 	0
0.0462799 	-80.2488 	42.7939 	-1.75381 	0
0.0468513 	-80.2895 	42.7955 	-1.73465 	0
0.0474226 	-80.3302 	42.7971 	-1.7155 	0
0.047994 	-80.3573 	42.7984 	-1.69626 	0
0.0485653 	-80.3669 	42.7992 	-1.6769 	0
0.0491367 	-80.3765 	42.8001 	-1.65755 	0
0.049708 	-80.3861 	42.801 	-1.63819 	0
0.0502794 	-80.3957 	42.8018 	-1.61883 	0
0.0508508 	-80.4053 	42.8027 	-1.59947 	0
0.0514221 	-80.4253 	42.8039 	-1.58121 	0
0.0519935 	-80.4517 	42.8053 	-1.56361 	0
0.0525648 	-80.4781 	42.8067 	-1.54602 	0
0.0531362 	-80.4941 	42.8079 	-1.52837 	0
0.0537075 	-80.4944 	42.8087 	-1.51063 	0
0.0542789 	-80.4948 	42.8095 	-1.49289 	0
0.0548503 	-80.4951 	42.8103 	-1.47515 	0
0.0554216 	-80.4954 	42.8111 	-1.45741 	0
0.055993 	-80.4957 	42.8119 	-1.43967 	0
0.0565643 	-80.4961 	42.8128 	-1.42193 	0
0.0571357 	-80.507 	42.814 	-1.40566 	0
0.057707 	-80.522 	42.8153 	-1.38992 	0
0.0582784 	-80.5369 	42.8166 	-1.37419 	0
0.0588497 	-80.5511 	42.8179 	-1.35846 	0
0.0594211 	-80.5452 	42.8188 	-1.34263 	0
0.0599925 	-80.5394 	42.8196 	-1.3268 	0
0.0605638 	-80.5335 	42.8205 	-1.31097 	0
0.0611352 	-80.5276 	42.8213 	-1.29514 	0
0.0617065 	-80.5218 	42.8222 	-1.27931 	0
0.0622779 	-80.5159 	42.823 	-1.26349 	0
0.0628492 	-80.51 	42.8239 	-1.24766 	0
0.0634206 	-80.5093 	42.8249 	-1.23234 	0
0.063992 	-80.5168 	42.8263 	-1.21783 	0
0.0645633 	-80.5242 	42.8277 	-1.20332 	0
0.0651347 	-80.5317 	42.8291 	-1.18882 	0
0.065706 	-80.5274 	42.8303 	-1.17426 	0
0.0662774 	-80.518 	42.8313 	-1.15969 	0
0.0668487 	-80.5086 	42.8323 	-1.14512 	0
0.0674201 	-80.4992 	42.8333 	-1.13055 	0
0.0679915 	-80.4898 	42.8343 	-1.11597 	0
0.0685628 	-80.4805 	42.8353 	-1.1014 	0
0.0691342 	-80.4711 	42.8363 	-1.08683 	0
0.0697055 	-80.4622 	42.8373 	-1.07229 	0
0.0702769 	-80.4654 	42.8389 	-1.05835 	0
0.0708482 	-80.4685 	42.8406 	-1.04441 	0
0.0714196 	-80.4716 	42.8422 	-1.03048 	0
0.071991 	-80.463 	42.8436 	-1.0165 	0
0.0725623 	-80.452 	42.8449 	-1.00252 	0
0.0731337 	-80.4411 	42.8462 	-0.98854 	0
0.073705 	-80.4301 	42.8474 	-0.974559 	0
0.0742764 	-80.4191 	42.8487 	-0.960578 	0
0.0748477 	-80.4081 	42.85 	-0.946597 	0
0.0754191 	-80.3989 	42.8514 	-0.932732 	0
0.0759905 	-80.3994 	42.8534 	-0.919499 	0
0.0765618 	-80.4 	42.8553 	-0.906266 	0
0.0771332 	-80.3964 	42.8572 	-0.893023 	0
0.0777045 	-80.3853 	42.8588 	-0.87976 	0
0.0782759 	-80.3741 	42.8605 	-0.866497 	0
0.0788472 	-80.363 	42.8621 	-0.853234 	0
0.0794186 	-80.3518 	42.8638 	-0.839971 	0
0.0799899 	-80.3407 	42.8655 	-0.826708 	0
0.0805613 	-80.335 	42.8675 	-0.813726 	0
0.0811327 	-80.3342 	42.8698 	-0.800997 	0
0.081704 	-80.3326 	42.8722 	-0.788266 	0
0.0822754 	-80.322 	42.8743 	-0.775515 	0
0.0828467 	-80.3113 	42.8765 	-0.762765 	0
0.0834181 	-80.3007 	42.8786 	-0.750015 	0
0.0839894 	-80.2901 	42.8807 	-0.737265 	0
0.0845608 	-80.2795 	42.8829 	-0.724516 	0
0.0851322 	-80.278 	42.8858 	-0.712171 	0
0.0857035 	-80.2765 	42.8887 	-0.699826 	0
0.0862749 	-80.2677 	42.8915 	-0.687469 	0
0.0868462 	-80.2578 	42.8942 	-0.675111 	0
0.0874176 	-80.248 	42.8969 	-0.662752 	0
0.0879889 	-80.2381 	42.8997 	-0.650393 	0
0.0885603 	-80.2317 	42.9028 	-0.638164 	0
0.0891317 	-80.2299 	42.9065 	-0.626102 	0
0.089703 	-80.224 	42.9101 	-0.614035 	0
0.0902744 	-80.215 	42.9136 	-0.601963 	0
0.0908457 	-80.206 	42.9171 	-0.589891 	0
0.0914171 	-80.1971 	42.9206 	-0.577819 	0
0.0919884 	-80.1931 	42.9249 	-0.565913 	0
0.0925598 	-80.1906 	42.9295 	-0.554074 	0
0.0931312 	-80.1825 	42.934 	-0.542228 	0
0.0937025 	-80.1744 	42.9385 	-0.530381 	0
0.0942739 	-80.1663 	42.943 	-0.518535 	0
0.0948452 	-80.1626 	42.9485 	-0.506816 	0
0.0954166 	-80.1591 	42.9543 	-0.495144 	0
0.0959879 	-80.1518 	42.96 	-0.483469 	0
0.0965593 	-80.1446 	42.9658 	-0.471794 	0
0.0971307 	-80.1393 	42.9721 	-0.46017 	0
0.097702 	-80.1369 	42.9795 	-0.448636 	0
0.0982734 	-80.1304 	42.9868 	-0.4371 	0
0.0988447 	-80.1239 	42.994 	-0.425564 	0
0.0994161 	-80.1201 	43.0024 	-0.41409 	0
0.0999874 	-80.1164 	43.0117 	-0.402662 	0
0.100559 	-80.1106 	43.0208 	-0.391234 	0
0.10113 	-80.1058 	43.0306 	-0.379829 	0
0.101702 	-80.1031 	43.042 	-0.368494 	0
0.102273 	-80.098 	43.0534 	-0.357158 	0
0.102844 	-80.0941 	43.0657 	-0.34585 	0
0.103416 	-80.091 	43.0797 	-0.334588 	0
0.103987 	-80.0864 	43.0937 	-0.323327 	0
0.104558 	-80.0842 	43.1101 	-0.312113 	0
0.10513 	-80.08 	43.1269 	-0.30091 	0
0.105701 	-80.0778 	43.1457 	-0.289754 	0
0.106272 	-80.0742 	43.1656 	-0.278624 	0
0.106844 	-80.072 	43.188 	-0.2675 	0
0.107415 	-80.0687 	43.2114 	-0.256379 	0
0.107986 	-80.0665 	43.2385 	-0.245354 	0
0.108558 	-80.0644 	43.2612 	-0.234424 	0
0.109129 	-80.0612 	43.224 	-0.222795 	0
0.109701 	-80.0554 	42.9415 	-0.207547 	0
0.110272 	-80.0506 	41.9502 	-0.180591 	0
0.110843 	-80.052 	40.1505 	-0.142855 	0
0.111415 	-80.0556 	37.9284 	-0.105256 	0
0.111986 	-80.0663 	35.4555 	-0.0717293 	0
0.112557 	-80.0846 	32.6044 	-0.0429438 	0
0.113129 	-80.1105 	28.3895 	-0.0181587 	0
0.1137 	-80.1319 	1.25898e-10 	-4.57427e-15 	0
