0 	-46.37 	0 	0 	0
0.000571357 	-46.7903 	-0.100852 	-0.115078 	0
0.00114271 	-47.4576 	0.591541 	-0.251242 	0
0.00171407 	-48.0718 	1.26273 	-0.388814 	0
0.00228543 	-48.5883 	1.96284 	-0.526421 	0
0.00285678 	-49.0094 	2.71359 	-0.663855 	0
0.00342814 	-49.3458 	3.5293 	-0.800463 	0
0.0039995 	-49.6165 	4.41994 	-0.9363 	0
0.00457085 	-49.8367 	5.39417 	-1.07126 	0
0.00514221 	-50.0214 	6.45658 	-1.20445 	0
0.00571357 	-50.185 	7.61313 	-1.33623 	0
0.00628492 	-50.2858 	8.87029 	-1.46593 	0
0.00685628 	-50.265 	10.2699 	-1.59283 	0
0.00742764 	-50.2649 	11.8413 	-1.71667 	0
0.00799899 	-50.3454 	13.5498 	-1.83442 	0
0.00857035 	-50.4603 	15.3645 	-1.94927 	0
0.00914171 	-50.6185 	17.2645 	-2.05773 	0
0.00971307 	-50.809 	19.2265 	-2.16301 	0
0.0102844 	-51.069 	21.1853 	-2.26011 	0
0.0108558 	-51.3789 	23.0952 	-2.34972 	0
0.0114271 	-51.695 	24.9627 	-2.43253 	0
0.0119985 	-52.015 	26.8539 	-2.50782 	0
0.0125698 	-52.2883 	28.4919 	-2.56516 	0
0.0131412 	-52.7366 	31.009 	-2.63608 	0
0.0137126 	-53.209 	33.3632 	-2.68722 	0
0.0142839 	-53.7205 	34.7905 	-2.70896 	0
0.0148553 	-54.2166 	35.3457 	-2.70981 	0
0.0154266 	-54.7062 	35.8236 	-2.70605 	0
0.015998 	-55.1955 	36.2319 	-2.69824 	0
0.0165693 	-55.667 	36.6459 	-2.69094 	0
0.0171407 	-56.137 	37.0369 	-2.68229 	0
0.0177121 	-56.6061 	37.404 	-2.67245 	0
0.0182834 	-57.0384 	37.7571 	-2.6611 	0
0.0188548 	-57.4726 	38.0898 	-2.64896 	0
0.0194261 	-57.933 	38.4058 	-2.63711 	0
0.0199975 	-58.3227 	38.7177 	-2.62327 	0
0.0205688 	-58.7676 	39.0067 	-2.61038 	0
0.0211402 	-59.1522 	39.295 	-2.59595 	0
0.0217116 	-59.5804 	39.5629 	-2.58233 	0
0.0222829 	-59.9305 	39.8328 	-2.56681 	0
0.0228543 	-60.3741 	40.081 	-2.55341 	0
0.0234256 	-60.7045 	40.3301 	-2.53737 	0
0.023997 	-61.0857 	40.5682 	-2.52244 	0
0.0245683 	-61.4627 	40.7924 	-2.50744 	0
0.0251397 	-61.7716 	41.0184 	-2.49099 	0
0.0257111 	-62.1428 	41.2241 	-2.47545 	0
0.0262824 	-62.4981 	41.4144 	-2.45938 	0
0.0268538 	-62.7831 	41.6077 	-2.44197 	0
0.0274251 	-63.092 	41.7877 	-2.42464 	0
0.0279965 	-63.4843 	41.9176 	-2.40747 	0
0.0285678 	-63.7436 	42.0563 	-2.38809 	0
0.0291392 	-64.0029 	42.1949 	-2.36872 	0
0.0297106 	-64.3049 	42.2981 	-2.34878 	0
0.0302819 	-64.6581 	42.3507 	-2.32787 	0
0.0308533 	-64.8881 	42.4107 	-2.30494 	0
0.0314246 	-65.1181 	42.4707 	-2.28202 	0
0.031996 	-65.3532 	42.5272 	-2.2591 	0
0.0325673 	-65.6758 	42.5221 	-2.23637 	0
0.0331387 	-65.9332 	42.5175 	-2.21243 	0
0.0337101 	-66.1314 	42.5134 	-2.18738 	0
0.0342814 	-66.3297 	42.5092 	-2.16232 	0
0.0348528 	-66.533 	42.5052 	-2.1375 	0
0.0354241 	-66.8137 	42.5031 	-2.11622 	0
0.0359955 	-67.0594 	42.4999 	-2.09426 	0
0.0365668 	-67.2258 	42.4943 	-2.07075 	0
0.0371382 	-67.3923 	42.4887 	-2.04725 	0
0.0377095 	-67.5587 	42.4832 	-2.02375 	0
0.0382809 	-67.7501 	42.4825 	-2.00152 	0
0.0388523 	-67.9907 	42.4916 	-1.98183 	0
0.0394236 	-68.1975 	42.4998 	-1.96154 	0
0.039995 	-68.3339 	42.5062 	-1.94002 	0
0.0405663 	-68.4704 	42.5125 	-1.91849 	0
0.0411377 	-68.6069 	42.5189 	-1.89697 	0
0.041709 	-68.7433 	42.5253 	-1.87545 	0
0.0422804 	-68.9307 	42.5303 	-1.85606 	0
0.0428518 	-69.1332 	42.5349 	-1.83731 	0
0.0434231 	-69.2923 	42.5385 	-1.81787 	0
0.0439945 	-69.4017 	42.5411 	-1.79765 	0
0.0445658 	-69.5111 	42.5437 	-1.77742 	0
0.0451372 	-69.6204 	42.5463 	-1.7572 	0
0.0457085 	-69.7298 	42.5489 	-1.73698 	0
0.0462799 	-69.8532 	42.5519 	-1.71741 	0
0.0468513 	-70.0195 	42.5564 	-1.69987 	0
0.0474226 	-70.1857 	42.5609 	-1.68233 	0
0.047994 	-70.3028 	42.5643 	-1.66407 	0
0.0485653 	-70.3874 	42.5669 	-1.64534 	0
0.0491367 	-70.4721 	42.5695 	-1.62661 	0
0.049708 	-70.5567 	42.5721 	-1.60788 	0
0.0502794 	-70.6413 	42.5747 	-1.58916 	0
0.0508508 	-70.7259 	42.5773 	-1.57043 	0
0.0514221 	-70.8407 	42.5807 	-1.55316 	0
0.0519935 	-70.9739 	42.5846 	-1.53681 	0
0.0525648 	-71.1072 	42.5885 	-1.52045 	0
0.0531362 	-71.1994 	42.5914 	-1.50355 	0
0.0537075 	-71.2628 	42.5937 	-1.48627 	0
0.0542789 	-71.3261 	42.5959 	-1.46899 	0
0.0548503 	-71.3894 	42.5982 	-1.45171 	0
0.0554216 	-71.4528 	42.6005 	-1.43443 	0
0.055993 	-71.5161 	42.6028 	-1.41715 	0
0.0565643 	-71.5795 	42.605 	-1.39987 	0
0.0571357 	-71.6704 	42.6081 	-1.38441 	0
0.057707 	-71.7717 	42.6114 	-1.36964 	0
0.0582784 	-71.8731 	42.6148 	-1.35487 	0
0.0588497 	-71.9602 	42.6178 	-1.33992 	0
0.0594211 	-72.0055 	42.6198 	-1.32444 	0
0.0599925 	-72.0507 	42.6218 	-1.30895 	0
0.0605638 	-72.096 	42.6239 	-1.29347 	0
0.0611352 	-72.1412 	42.6259 	-1.27799 	0
0.0617065 	-72.1864 	42.628 	-1.26251 	0
0.0622779 	-72.2317 	42.63 	-1.24702 	0
0.0628492 	-72.2769 	42.632 	-1.23154 	0
0.0634206 	-72.335 	42.6345 	-1.21672 	0
0.063992 	-72.4135 	42.6375 	-1.20294 	0
0.0645633 	-72.4919 	42.6405 	-1.18916 	0
0.0651347 	-72.5704 	42.6436 	-1.17538 	0
0.065706 	-72.6078 	42.6457 	-1.16111 	0
0.0662774 	-72.6413 	42.6477 	-1.14679 	0
0.0668487 	-72.6748 	42.6497 	-1.13247 	0
0.0674201 	-72.7082 	42.6517 	-1.11814 	0
0.0679915 	-72.7417 	42.6537 	-1.10382 	0
0.0685628 	-72.7752 	42.6557 	-1.0895 	0
0.0691342 	-72.8086 	42.6577 	-1.07518 	0
0.0697055 	-72.8435 	42.6598 	-1.0609 	0
0.0702769 	-72.9068 	42.6628 	-1.0475 	0
0.0708482 	-72.9701 	42.6658 	-1.0341 	0
0.0714196 	-73.0328 	42.6689 	-1.0207 	0
0.071991 	-73.0585 	42.671 	-1.00688 	0
0.0725623 	-73.0842 	42.6732 	-0.99307 	0
0.0731337 	-73.1099 	42.6753 	-0.979256 	0
0.073705 	-73.1356 	42.6775 	-0.965442 	0
0.0742764 	-73.1613 	42.6797 	-0.951628 	0
0.0748477 	-73.187 	42.6818 	-0.937814 	0
0.0754191 	-73.2166 	42.6841 	-0.924156 	0
0.0759905 	-73.2674 	42.6872 	-0.911354 	0
0.0765618 	-73.3182 	42.6904 	-0.898552 	0
0.0771332 	-73.3529 	42.6931 	-0.885577 	0
0.0777045 	-73.3722 	42.6955 	-0.872437 	0
0.0782759 	-73.3916 	42.6979 	-0.859296 	0
0.0788472 	-73.4109 	42.7002 	-0.846156 	0
0.0794186 	-73.4303 	42.7026 	-0.833015 	0
0.0799899 	-73.4497 	42.705 	-0.819875 	0
0.0805613 	-73.4808 	42.7079 	-0.80714 	0
0.0811327 	-73.5224 	42.7113 	-0.794769 	0
0.081704 	-73.5582 	42.7145 	-0.782334 	0
0.0822754 	-73.5733 	42.7173 	-0.769677 	0
0.0828467 	-73.5884 	42.72 	-0.75702 	0
0.0834181 	-73.6034 	42.7227 	-0.744363 	0
0.0839894 	-73.6185 	42.7255 	-0.731706 	0
0.0845608 	-73.6337 	42.7282 	-0.71905 	0
0.0851322 	-73.6684 	42.732 	-0.707014 	0
0.0857035 	-73.7031 	42.7358 	-0.694978 	0
0.0862749 	-73.7153 	42.7391 	-0.682695 	0
0.0868462 	-73.7274 	42.7424 	-0.670409 	0
0.0874176 	-73.7394 	42.7456 	-0.658124 	0
0.0879889 	-73.7514 	42.7489 	-0.645839 	0
0.0885603 	-73.7711 	42.7526 	-0.633771 	0
0.0891317 	-73.8004 	42.7571 	-0.621982 	0
0.089703 	-73.8164 	42.7612 	-0.610041 	0
0.0902744 	-73.8262 	42.7652 	-0.598028 	0
0.0908457 	-73.8361 	42.7691 	-0.586016 	0
0.0914171 	-73.8459 	42.7731 	-0.574004 	0
0.0919884 	-73.8666 	42.778 	-0.562292 	0
0.0925598 	-73.8885 	42.7833 	-0.550664 	0
0.0931312 	-73.8967 	42.7882 	-0.538868 	0
0.0937025 	-73.9049 	42.793 	-0.527072 	0
0.0942739 	-73.913 	42.7979 	-0.515276 	0
0.0948452 	-73.9308 	42.804 	-0.503736 	0
0.0954166 	-73.9467 	42.8103 	-0.492221 	0
0.0959879 	-73.9536 	42.8164 	-0.480589 	0
0.0965593 	-73.9605 	42.8225 	-0.468957 	0
0.0971307 	-73.9717 	42.8293 	-0.457439 	0
0.097702 	-73.9878 	42.8372 	-0.446086 	0
0.0982734 	-73.9937 	42.8448 	-0.434588 	0
0.0988447 	-73.9995 	42.8524 	-0.42309 	0
0.0994161 	-74.0113 	42.8612 	-0.411749 	0
0.0999874 	-74.0214 	42.8708 	-0.400433 	0
0.100559 	-74.0265 	42.8803 	-0.389039 	0
0.10113 	-74.0338 	42.8904 	-0.37771 	0
0.101702 	-74.0445 	42.9023 	-0.366512 	0
0.102273 	-74.0489 	42.914 	-0.355207 	0
0.102844 	-74.0562 	42.9267 	-0.343988 	0
0.103416 	-74.0636 	42.941 	-0.332824 	0
0.103987 	-74.0675 	42.9552 	-0.321593 	0
0.104558 	-74.0761 	42.9721 	-0.310515 	0
0.10513 	-74.0794 	42.9891 	-0.299337 	0
0.105701 	-74.0866 	43.0083 	-0.288298 	0
0.106272 	-74.0895 	43.0285 	-0.277193 	0
0.106844 	-74.0954 	43.0513 	-0.266188 	0
0.107415 	-74.0983 	43.0749 	-0.255117 	0
0.107986 	-74.1026 	43.1024 	-0.2442 	0
0.108558 	-74.1062 	43.1157 	-0.233332 	0
0.109129 	-74.1078 	43.0285 	-0.220941 	0
0.109701 	-74.1062 	42.646 	-0.203848 	0
0.110272 	-74.1063 	41.5279 	-0.174924 	0
0.110843 	-74.1121 	39.6908 	-0.13757 	0
0.111415 	-74.1194 	37.4961 	-0.101152 	0
0.111986 	-74.1323 	35.0799 	-0.0689569 	0
0.112557 	-74.1522 	32.2823 	-0.0412727 	0
0.113129 	-74.1782 	28.1175 	-0.0173923 	0
0.1137 	-74.1988 	1.19055e-10 	-4.1765e-15 	0
