0 	-189.841 	0 	0 	0
0.000571357 	-189.825 	-7.14205 	0.0250546 	0
0.00114271 	-189.837 	-6.75904 	0.0337399 	0
0.00171407 	-189.881 	-6.2535 	0.036913 	0
0.00228543 	-189.955 	-5.69374 	0.0342122 	0
0.00285678 	-190.049 	-5.09097 	0.0269676 	0
0.00342814 	-190.159 	-4.44002 	0.0127718 	0
0.0039995 	-190.278 	-3.74044 	-0.00776494 	0
0.00457085 	-190.397 	-2.98615 	-0.0361423 	0
0.00514221 	-190.509 	-2.16654 	-0.0744127 	0
0.00571357 	-190.6 	-1.27486 	-0.123183 	0
0.00628492 	-190.659 	-0.302192 	-0.183337 	0
0.00685628 	-190.664 	0.765001 	-0.255835 	0
0.00742764 	-190.597 	1.96327 	-0.342793 	0
0.00799899 	-190.423 	3.41994 	-0.451646 	0
0.00857035 	-190.153 	5.13432 	-0.578733 	0
0.00914171 	-189.821 	7.12257 	-0.721335 	0
0.00971307 	-189.504 	9.25442 	-0.872417 	0
0.0102844 	-189.232 	11.4592 	-1.03022 	0
0.0108558 	-188.875 	13.6936 	-1.1889 	0
0.0114271 	-188.274 	16.0395 	-1.34257 	0
0.0119985 	-187.485 	18.5941 	-1.48358 	0
0.0125698 	-186.766 	20.867 	-1.58658 	0
0.0131412 	-185.659 	24.3716 	-1.70581 	0
0.0137126 	-184.646 	27.6022 	-1.78256 	0
0.0142839 	-183.571 	30.9696 	-1.84007 	0
0.0148553 	-182.45 	34.0844 	-1.89532 	0
0.0154266 	-181.269 	35.9723 	-1.94146 	0
0.015998 	-180.061 	36.7625 	-1.95585 	0
0.0165693 	-178.854 	37.3342 	-1.96184 	0
0.0171407 	-177.65 	37.8676 	-1.96605 	0
0.0177121 	-176.453 	38.3544 	-1.96788 	0
0.0182834 	-175.257 	38.7999 	-1.96816 	0
0.0188548 	-174.074 	39.2071 	-1.96646 	0
0.0194261 	-172.909 	39.5821 	-1.96297 	0
0.0199975 	-171.74 	39.9446 	-1.95976 	0
0.0205688 	-170.602 	40.269 	-1.95407 	0
0.0211402 	-169.46 	40.5898 	-1.94898 	0
0.0217116 	-168.351 	40.8795 	-1.94198 	0
0.0222829 	-167.231 	41.1701 	-1.93593 	0
0.0228543 	-166.158 	41.4306 	-1.92754 	0
0.0234256 	-165.071 	41.69 	-1.9203 	0
0.023997 	-164.008 	41.9376 	-1.91221 	0
0.0245683 	-162.971 	42.1688 	-1.90336 	0
0.0251397 	-161.924 	42.4004 	-1.8953 	0
0.0257111 	-160.908 	42.6185 	-1.88624 	0
0.0262824 	-159.915 	42.8243 	-1.87663 	0
0.0268538 	-158.911 	43.0304 	-1.86779 	0
0.0274251 	-157.921 	43.2296 	-1.85858 	0
0.0279965 	-156.982 	43.4024 	-1.84798 	0
0.0285678 	-156.031 	43.5761 	-1.83824 	0
0.0291392 	-155.076 	43.7499 	-1.82869 	0
0.0297106 	-154.15 	43.8961 	-1.8177 	0
0.0302819 	-153.265 	44.0027 	-1.80465 	0
0.0308533 	-152.368 	44.1108 	-1.79244 	0
0.0314246 	-151.467 	44.2191 	-1.78042 	0
0.031996 	-150.572 	44.3221 	-1.76816 	0
0.0325673 	-149.76 	44.3329 	-1.75183 	0
0.0331387 	-148.945 	44.3439 	-1.73572 	0
0.0337101 	-148.118 	44.3558 	-1.72037 	0
0.0342814 	-147.292 	44.3677 	-1.70501 	0
0.0348528 	-146.472 	44.3773 	-1.68956 	0
0.0354241 	-145.749 	44.3523 	-1.67272 	0
0.0359955 	-145.027 	44.3273 	-1.65589 	0
0.0365668 	-144.292 	44.3021 	-1.63987 	0
0.0371382 	-143.556 	44.277 	-1.62388 	0
0.0377095 	-142.82 	44.2518 	-1.60788 	0
0.0382809 	-142.117 	44.2304 	-1.59198 	0
0.0388523 	-141.48 	44.2161 	-1.57626 	0
0.0394236 	-140.842 	44.2019 	-1.56054 	0
0.039995 	-140.194 	44.1873 	-1.54549 	0
0.0405663 	-139.544 	44.1727 	-1.53048 	0
0.0411377 	-138.894 	44.1581 	-1.51546 	0
0.041709 	-138.245 	44.1434 	-1.50045 	0
0.0422804 	-137.669 	44.1303 	-1.48557 	0
0.0428518 	-137.114 	44.1176 	-1.47074 	0
0.0434231 	-136.559 	44.1049 	-1.45591 	0
0.0439945 	-135.994 	44.0919 	-1.44167 	0
0.0445658 	-135.428 	44.079 	-1.42743 	0
0.0451372 	-134.863 	44.066 	-1.41319 	0
0.0457085 	-134.297 	44.053 	-1.39895 	0
0.0462799 	-133.754 	44.0406 	-1.38478 	0
0.0468513 	-133.279 	44.03 	-1.3708 	0
0.0474226 	-132.805 	44.0194 	-1.35683 	0
0.047994 	-132.329 	44.0088 	-1.3429 	0
0.0485653 	-131.844 	43.998 	-1.32943 	0
0.0491367 	-131.36 	43.9872 	-1.31595 	0
0.049708 	-130.875 	43.9763 	-1.30248 	0
0.0502794 	-130.391 	43.9655 	-1.289 	0
0.0508508 	-129.906 	43.9546 	-1.27553 	0
0.0514221 	-129.475 	43.9452 	-1.26229 	0
0.0519935 	-129.076 	43.9366 	-1.2492 	0
0.0525648 	-128.677 	43.9279 	-1.23611 	0
0.0531362 	-128.277 	43.9193 	-1.22303 	0
0.0537075 	-127.87 	43.9105 	-1.21036 	0
0.0542789 	-127.462 	43.9017 	-1.19768 	0
0.0548503 	-127.055 	43.8928 	-1.18501 	0
0.0554216 	-126.647 	43.884 	-1.17233 	0
0.055993 	-126.239 	43.8752 	-1.15966 	0
0.0565643 	-125.832 	43.8664 	-1.14699 	0
0.0571357 	-125.487 	43.8592 	-1.13483 	0
0.057707 	-125.167 	43.8526 	-1.12287 	0
0.0582784 	-124.846 	43.846 	-1.11091 	0
0.0588497 	-124.526 	43.8394 	-1.09895 	0
0.0594211 	-124.201 	43.8327 	-1.08719 	0
0.0599925 	-123.874 	43.826 	-1.07556 	0
0.0605638 	-123.546 	43.8192 	-1.06393 	0
0.0611352 	-123.219 	43.8125 	-1.05231 	0
0.0617065 	-122.891 	43.8057 	-1.04068 	0
0.0622779 	-122.563 	43.799 	-1.02905 	0
0.0628492 	-122.236 	43.7922 	-1.01743 	0
0.0634206 	-121.934 	43.7862 	-1.00595 	0
0.063992 	-121.672 	43.7812 	-0.994697 	0
0.0645633 	-121.41 	43.7762 	-0.983447 	0
0.0651347 	-121.148 	43.7713 	-0.972197 	0
0.065706 	-120.885 	43.7663 	-0.961015 	0
0.0662774 	-120.618 	43.7612 	-0.950042 	0
0.0668487 	-120.35 	43.7561 	-0.939069 	0
0.0674201 	-120.083 	43.751 	-0.928095 	0
0.0679915 	-119.815 	43.7459 	-0.917122 	0
0.0685628 	-119.547 	43.7408 	-0.906149 	0
0.0691342 	-119.28 	43.7357 	-0.895175 	0
0.0697055 	-119.014 	43.7307 	-0.884202 	0
0.0702769 	-118.794 	43.727 	-0.873222 	0
0.0708482 	-118.574 	43.7233 	-0.862242 	0
0.0714196 	-118.353 	43.7197 	-0.851262 	0
0.071991 	-118.131 	43.716 	-0.840388 	0
0.0725623 	-117.905 	43.7122 	-0.829651 	0
0.0731337 	-117.68 	43.7084 	-0.818914 	0
0.073705 	-117.455 	43.7046 	-0.808176 	0
0.0742764 	-117.229 	43.7008 	-0.797439 	0
0.0748477 	-117.004 	43.697 	-0.786701 	0
0.0754191 	-116.785 	43.6935 	-0.775992 	0
0.0759905 	-116.601 	43.691 	-0.765434 	0
0.0765618 	-116.418 	43.6886 	-0.754877 	0
0.0771332 	-116.234 	43.6861 	-0.744321 	0
0.0777045 	-116.046 	43.6836 	-0.733977 	0
0.0782759 	-115.858 	43.681 	-0.723633 	0
0.0788472 	-115.67 	43.6785 	-0.713289 	0
0.0794186 	-115.482 	43.676 	-0.702945 	0
0.0799899 	-115.294 	43.6734 	-0.692601 	0
0.0805613 	-115.124 	43.6715 	-0.682304 	0
0.0811327 	-114.969 	43.6702 	-0.672049 	0
0.081704 	-114.814 	43.6689 	-0.661794 	0
0.0822754 	-114.656 	43.6675 	-0.65169 	0
0.0828467 	-114.497 	43.666 	-0.641628 	0
0.0834181 	-114.339 	43.6646 	-0.631567 	0
0.0839894 	-114.18 	43.6632 	-0.621505 	0
0.0845608 	-114.022 	43.6618 	-0.611444 	0
0.0851322 	-113.889 	43.6616 	-0.601423 	0
0.0857035 	-113.757 	43.6614 	-0.591401 	0
0.0862749 	-113.623 	43.6611 	-0.581489 	0
0.0868462 	-113.488 	43.6608 	-0.571647 	0
0.0874176 	-113.353 	43.6605 	-0.561804 	0
0.0879889 	-113.218 	43.6602 	-0.551962 	0
0.0885603 	-113.092 	43.6604 	-0.542117 	0
0.0891317 	-112.979 	43.6613 	-0.532268 	0
0.089703 	-112.864 	43.6623 	-0.522477 	0
0.0902744 	-112.748 	43.6631 	-0.512797 	0
0.0908457 	-112.632 	43.664 	-0.503116 	0
0.0914171 	-112.516 	43.6649 	-0.493435 	0
0.0919884 	-112.413 	43.6667 	-0.483731 	0
0.0925598 	-112.315 	43.6689 	-0.474018 	0
0.0931312 	-112.214 	43.6711 	-0.464448 	0
0.0937025 	-112.114 	43.6732 	-0.454896 	0
0.0942739 	-112.014 	43.6754 	-0.445344 	0
0.0948452 	-111.924 	43.6786 	-0.435751 	0
0.0954166 	-111.839 	43.6823 	-0.426163 	0
0.0959879 	-111.752 	43.686 	-0.41671 	0
0.0965593 	-111.664 	43.6896 	-0.407257 	0
0.0971307 	-111.582 	43.6939 	-0.397778 	0
0.097702 	-111.508 	43.6993 	-0.388253 	0
0.0982734 	-111.431 	43.7047 	-0.378875 	0
0.0988447 	-111.355 	43.71 	-0.3695 	0
0.0994161 	-111.286 	43.7166 	-0.360081 	0
0.0999874 	-111.22 	43.724 	-0.350681 	0
0.100559 	-111.153 	43.7314 	-0.341374 	0
0.10113 	-111.089 	43.7393 	-0.332044 	0
0.101702 	-111.032 	43.7491 	-0.322672 	0
0.102273 	-110.973 	43.7588 	-0.313415 	0
0.102844 	-110.917 	43.7694 	-0.304126 	0
0.103416 	-110.866 	43.7818 	-0.294843 	0
0.103987 	-110.815 	43.7941 	-0.285639 	0
0.104558 	-110.769 	43.8089 	-0.276353 	0
0.10513 	-110.723 	43.8241 	-0.267184 	0
0.105701 	-110.682 	43.8414 	-0.257946 	0
0.106272 	-110.641 	43.8597 	-0.2488 	0
0.106844 	-110.604 	43.8805 	-0.239622 	0
0.107415 	-110.569 	43.9022 	-0.230535 	0
0.107986 	-110.537 	43.9272 	-0.221346 	0
0.108558 	-110.507 	43.9544 	-0.21225 	0
0.109129 	-110.479 	43.9828 	-0.203229 	0
0.109701 	-110.453 	43.9854 	-0.193965 	0
0.110272 	-110.427 	43.7432 	-0.181688 	0
0.110843 	-110.405 	42.6284 	-0.15548 	0
0.111415 	-110.392 	40.4586 	-0.115945 	0
0.111986 	-110.389 	37.6696 	-0.0780144 	0
0.112557 	-110.398 	34.4772 	-0.0460626 	0
0.113129 	-110.419 	29.9684 	-0.0195453 	0
0.1137 	-110.442 	1.30444e-10 	-5.00166e-15 	0
