0 	-196.301 	0 	0 	0
0.000571357 	-196.24 	-4.00088 	0.259824 	0
0.00114271 	-196.223 	-4.17549 	0.453286 	0
0.00171407 	-196.279 	-4.0277 	0.605442 	0
0.00228543 	-196.378 	-3.78682 	0.732753 	0
0.00285678 	-196.503 	-3.50046 	0.841167 	0
0.00342814 	-196.641 	-3.18342 	0.932576 	0
0.0039995 	-196.78 	-2.84286 	1.00842 	0
0.00457085 	-196.914 	-2.48381 	1.06904 	0
0.00514221 	-197.037 	-2.10567 	1.11414 	0
0.00571357 	-197.146 	-1.71213 	1.1431 	0
0.00628492 	-197.239 	-1.30057 	1.15473 	0
0.00685628 	-197.309 	-0.865427 	1.14674 	0
0.00742764 	-197.343 	-0.396647 	1.11567 	0
0.00799899 	-197.308 	0.154208 	1.05196 	0
0.00857035 	-197.187 	0.824055 	0.951621 	0
0.00914171 	-196.942 	1.72062 	0.799143 	0
0.00971307 	-196.585 	2.93254 	0.596595 	0
0.0102844 	-196.125 	4.65101 	0.344867 	0
0.0108558 	-195.61 	6.93347 	0.0660291 	0
0.0114271 	-195.057 	9.7607 	-0.21137 	0
0.0119985 	-194.457 	13.1366 	-0.464175 	0
0.0125698 	-193.902 	16.3189 	-0.639385 	0
0.0131412 	-192.963 	21.5135 	-0.792017 	0
0.0137126 	-192.119 	26.2294 	-0.818625 	0
0.0142839 	-191.413 	29.9238 	-0.821948 	0
0.0148553 	-190.766 	32.4844 	-0.862465 	0
0.0154266 	-190.052 	34.6563 	-0.90457 	0
0.015998 	-189.282 	36.0154 	-0.936406 	0
0.0165693 	-188.487 	36.8118 	-0.960378 	0
0.0171407 	-187.675 	37.4376 	-0.980379 	0
0.0177121 	-186.848 	37.9982 	-0.998119 	0
0.0182834 	-186.009 	38.5085 	-1.01405 	0
0.0188548 	-185.165 	38.9685 	-1.02805 	0
0.0194261 	-184.305 	39.3887 	-1.04044 	0
0.0199975 	-183.446 	39.7917 	-1.05215 	0
0.0205688 	-182.575 	40.1493 	-1.06186 	0
0.0211402 	-181.704 	40.5014 	-1.07132 	0
0.0217116 	-180.829 	40.8173 	-1.07917 	0
0.0222829 	-179.957 	41.1333 	-1.08705 	0
0.0228543 	-179.076 	41.4145 	-1.09312 	0
0.0234256 	-178.202 	41.6936 	-1.09917 	0
0.023997 	-177.322 	41.9591 	-1.10444 	0
0.0245683 	-176.451 	42.2059 	-1.10891 	0
0.0251397 	-175.58 	42.4527 	-1.11337 	0
0.0257111 	-174.706 	42.6843 	-1.11686 	0
0.0262824 	-173.843 	42.9027 	-1.11973 	0
0.0268538 	-172.98 	43.1211 	-1.1226 	0
0.0274251 	-172.117 	43.3332 	-1.12511 	0
0.0279965 	-171.265 	43.5219 	-1.12656 	0
0.0285678 	-170.417 	43.7108 	-1.1281 	0
0.0291392 	-169.569 	43.8998 	-1.12964 	0
0.0297106 	-168.724 	44.0643 	-1.13001 	0
0.0302819 	-167.896 	44.1948 	-1.12913 	0
0.0308533 	-167.069 	44.3255 	-1.12828 	0
0.0314246 	-166.242 	44.4561 	-1.12742 	0
0.031996 	-165.416 	44.5811 	-1.12636 	0
0.0325673 	-164.625 	44.6089 	-1.12193 	0
0.0331387 	-163.839 	44.6372 	-1.11775 	0
0.0337101 	-163.054 	44.6655 	-1.11356 	0
0.0342814 	-162.268 	44.6938 	-1.10937 	0
0.0348528 	-161.485 	44.719 	-1.10506 	0
0.0354241 	-160.759 	44.6968 	-1.0989 	0
0.0359955 	-160.038 	44.6748 	-1.09303 	0
0.0365668 	-159.317 	44.6529 	-1.08715 	0
0.0371382 	-158.596 	44.6309 	-1.08128 	0
0.0377095 	-157.874 	44.6089 	-1.0754 	0
0.0382809 	-157.174 	44.5891 	-1.06925 	0
0.0388523 	-156.517 	44.5736 	-1.06281 	0
0.0394236 	-155.863 	44.5581 	-1.05654 	0
0.039995 	-155.209 	44.5426 	-1.05027 	0
0.0405663 	-154.555 	44.5272 	-1.044 	0
0.0411377 	-153.902 	44.5117 	-1.03774 	0
0.041709 	-153.248 	44.4962 	-1.03147 	0
0.0422804 	-152.645 	44.4821 	-1.02461 	0
0.0428518 	-152.06 	44.4685 	-1.01794 	0
0.0434231 	-151.476 	44.4548 	-1.0113 	0
0.0439945 	-150.893 	44.4412 	-1.00466 	0
0.0445658 	-150.309 	44.4276 	-0.998015 	0
0.0451372 	-149.725 	44.414 	-0.991374 	0
0.0457085 	-149.141 	44.4003 	-0.984732 	0
0.0462799 	-148.574 	44.3872 	-0.977926 	0
0.0468513 	-148.06 	44.3755 	-0.970718 	0
0.0474226 	-147.548 	44.3638 	-0.96376 	0
0.047994 	-147.036 	44.3521 	-0.956801 	0
0.0485653 	-146.524 	44.3405 	-0.949843 	0
0.0491367 	-146.012 	44.3288 	-0.942885 	0
0.049708 	-145.5 	44.3171 	-0.935926 	0
0.0502794 	-144.987 	44.3055 	-0.928968 	0
0.0508508 	-144.475 	44.2938 	-0.92201 	0
0.0514221 	-144.007 	44.2833 	-0.914736 	0
0.0519935 	-143.566 	44.2736 	-0.907424 	0
0.0525648 	-143.126 	44.2639 	-0.900259 	0
0.0531362 	-142.686 	44.2541 	-0.893094 	0
0.0537075 	-142.246 	44.2444 	-0.885929 	0
0.0542789 	-141.806 	44.2347 	-0.878764 	0
0.0548503 	-141.365 	44.225 	-0.871599 	0
0.0554216 	-140.925 	44.2152 	-0.864434 	0
0.055993 	-140.485 	44.2055 	-0.857269 	0
0.0565643 	-140.045 	44.1958 	-0.850104 	0
0.0571357 	-139.662 	44.1876 	-0.842787 	0
0.057707 	-139.301 	44.18 	-0.835529 	0
0.0582784 	-138.941 	44.1723 	-0.828408 	0
0.0588497 	-138.58 	44.1647 	-0.821287 	0
0.0594211 	-138.219 	44.1571 	-0.814166 	0
0.0599925 	-137.859 	44.1495 	-0.807045 	0
0.0605638 	-137.498 	44.1418 	-0.799924 	0
0.0611352 	-137.138 	44.1342 	-0.792803 	0
0.0617065 	-136.777 	44.1266 	-0.785682 	0
0.0622779 	-136.417 	44.119 	-0.778561 	0
0.0628492 	-136.056 	44.1113 	-0.77144 	0
0.0634206 	-135.719 	44.1044 	-0.764215 	0
0.063992 	-135.42 	44.0985 	-0.756852 	0
0.0645633 	-135.12 	44.0925 	-0.749681 	0
0.0651347 	-134.821 	44.0866 	-0.74251 	0
0.065706 	-134.522 	44.0807 	-0.735339 	0
0.0662774 	-134.223 	44.0748 	-0.728168 	0
0.0668487 	-133.924 	44.0689 	-0.720997 	0
0.0674201 	-133.625 	44.063 	-0.713826 	0
0.0679915 	-133.325 	44.0571 	-0.706655 	0
0.0685628 	-133.026 	44.0511 	-0.699484 	0
0.0691342 	-132.727 	44.0452 	-0.692313 	0
0.0697055 	-132.43 	44.0394 	-0.685124 	0
0.0702769 	-132.175 	44.0348 	-0.677562 	0
0.0708482 	-131.92 	44.0303 	-0.670187 	0
0.0714196 	-131.665 	44.0258 	-0.662822 	0
0.071991 	-131.41 	44.0212 	-0.655458 	0
0.0725623 	-131.156 	44.0167 	-0.648094 	0
0.0731337 	-130.901 	44.0122 	-0.640729 	0
0.073705 	-130.646 	44.0076 	-0.633365 	0
0.0742764 	-130.391 	44.0031 	-0.626 	0
0.0748477 	-130.136 	43.9985 	-0.618636 	0
0.0754191 	-129.887 	43.9942 	-0.611247 	0
0.0759905 	-129.673 	43.991 	-0.60376 	0
0.0765618 	-129.459 	43.9878 	-0.596415 	0
0.0771332 	-129.245 	43.9846 	-0.589071 	0
0.0777045 	-129.03 	43.9813 	-0.581726 	0
0.0782759 	-128.816 	43.9781 	-0.574382 	0
0.0788472 	-128.602 	43.9749 	-0.567037 	0
0.0794186 	-128.388 	43.9717 	-0.559693 	0
0.0799899 	-128.173 	43.9685 	-0.552348 	0
0.0805613 	-127.976 	43.9659 	-0.544928 	0
0.0811327 	-127.794 	43.9639 	-0.537553 	0
0.081704 	-127.613 	43.9619 	-0.530228 	0
0.0822754 	-127.431 	43.9599 	-0.522904 	0
0.0828467 	-127.249 	43.9578 	-0.51558 	0
0.0834181 	-127.067 	43.9558 	-0.508255 	0
0.0839894 	-126.885 	43.9538 	-0.500931 	0
0.0845608 	-126.703 	43.9518 	-0.493606 	0
0.0851322 	-126.548 	43.951 	-0.486197 	0
0.0857035 	-126.392 	43.9501 	-0.4789 	0
0.0862749 	-126.237 	43.9493 	-0.471602 	0
0.0868462 	-126.081 	43.9485 	-0.464305 	0
0.0874176 	-125.925 	43.9476 	-0.457007 	0
0.0879889 	-125.77 	43.9468 	-0.44971 	0
0.0885603 	-125.624 	43.9465 	-0.442358 	0
0.0891317 	-125.49 	43.9469 	-0.435053 	0
0.089703 	-125.356 	43.9472 	-0.427778 	0
0.0902744 	-125.222 	43.9476 	-0.420502 	0
0.0908457 	-125.088 	43.948 	-0.413226 	0
0.0914171 	-124.954 	43.9484 	-0.405951 	0
0.0919884 	-124.833 	43.9497 	-0.398614 	0
0.0925598 	-124.717 	43.9514 	-0.391361 	0
0.0931312 	-124.601 	43.9532 	-0.384108 	0
0.0937025 	-124.485 	43.9549 	-0.376855 	0
0.0942739 	-124.369 	43.9566 	-0.369603 	0
0.0948452 	-124.264 	43.9594 	-0.362298 	0
0.0954166 	-124.163 	43.9626 	-0.355065 	0
0.0959879 	-124.063 	43.9658 	-0.347832 	0
0.0965593 	-123.962 	43.969 	-0.340599 	0
0.0971307 	-123.866 	43.9729 	-0.333325 	0
0.097702 	-123.778 	43.9779 	-0.326103 	0
0.0982734 	-123.69 	43.9828 	-0.31889 	0
0.0988447 	-123.602 	43.9878 	-0.311676 	0
0.0994161 	-123.521 	43.9939 	-0.304426 	0
0.0999874 	-123.444 	44.0009 	-0.297231 	0
0.100559 	-123.367 	44.0079 	-0.290037 	0
0.10113 	-123.292 	44.0155 	-0.282814 	0
0.101702 	-123.225 	44.0248 	-0.275627 	0
0.102273 	-123.158 	44.0341 	-0.268448 	0
0.102844 	-123.093 	44.0443 	-0.261243 	0
0.103416 	-123.034 	44.0563 	-0.254088 	0
0.103987 	-122.975 	44.0682 	-0.246934 	0
0.104558 	-122.921 	44.0825 	-0.239753 	0
0.10513 	-122.869 	44.0974 	-0.232603 	0
0.105701 	-122.82 	44.1142 	-0.225453 	0
0.106272 	-122.774 	44.1321 	-0.218344 	0
0.106844 	-122.732 	44.1523 	-0.211196 	0
0.107415 	-122.691 	44.1737 	-0.204063 	0
0.107986 	-122.654 	44.1982 	-0.196983 	0
0.108558 	-122.62 	44.2247 	-0.189886 	0
0.109129 	-122.589 	44.2538 	-0.182778 	0
0.109701 	-122.56 	44.2825 	-0.175734 	0
0.110272 	-122.534 	44.2387 	-0.16815 	0
0.110843 	-122.508 	43.6453 	-0.15251 	0
0.111415 	-122.493 	41.7904 	-0.118066 	0
0.111986 	-122.488 	38.8665 	-0.0784271 	0
0.112557 	-122.495 	35.4497 	-0.0451519 	0
0.113129 	-122.515 	30.7591 	-0.018852 	0
0.1137 	-122.536 	1.35485e-10 	-4.93928e-15 	0
