0 	-156.855 	0 	0 	0
0.000571357 	-157.028 	-6.53754 	-0.047093 	0
0.00114271 	-157.336 	-6.02995 	-0.112931 	0
0.00171407 	-157.641 	-5.43721 	-0.181825 	0
0.00228543 	-157.922 	-4.79144 	-0.254046 	0
0.00285678 	-158.172 	-4.09263 	-0.328386 	0
0.00342814 	-158.392 	-3.33122 	-0.406725 	0
0.0039995 	-158.582 	-2.50281 	-0.488377 	0
0.00457085 	-158.743 	-1.59949 	-0.574375 	0
0.00514221 	-158.872 	-0.610688 	-0.66602 	0
0.00571357 	-158.968 	0.470209 	-0.76351 	0
0.00628492 	-159.012 	1.65097 	-0.866912 	0
0.00685628 	-158.966 	2.96719 	-0.977446 	0
0.00742764 	-158.837 	4.48821 	-1.09805 	0
0.00799899 	-158.662 	6.24374 	-1.22787 	0
0.00857035 	-158.447 	8.1647 	-1.3618 	0
0.00914171 	-158.2 	10.2421 	-1.49719 	0
0.00971307 	-157.939 	12.4127 	-1.63208 	0
0.0102844 	-157.7 	14.631 	-1.76501 	0
0.0108558 	-157.477 	16.8382 	-1.89546 	0
0.0114271 	-157.177 	19.0348 	-2.02182 	0
0.0119985 	-156.719 	21.3076 	-2.14152 	0
0.0125698 	-156.242 	23.3 	-2.23454 	0
0.0131412 	-155.477 	26.3807 	-2.35244 	0
0.0137126 	-154.765 	29.2829 	-2.44153 	0
0.0142839 	-154.006 	32.476 	-2.52309 	0
0.0148553 	-153.208 	35.2245 	-2.5875 	0
0.0154266 	-152.369 	36.259 	-2.5981 	0
0.015998 	-151.548 	36.7657 	-2.58961 	0
0.0165693 	-150.713 	37.3003 	-2.5839 	0
0.0171407 	-149.882 	37.7863 	-2.57525 	0
0.0177121 	-149.055 	38.2245 	-2.56401 	0
0.0182834 	-148.214 	38.6341 	-2.55177 	0
0.0188548 	-147.389 	39.0151 	-2.53804 	0
0.0194261 	-146.589 	39.3688 	-2.52303 	0
0.0199975 	-145.751 	39.7118 	-2.50822 	0
0.0205688 	-144.967 	40.0228 	-2.49172 	0
0.0211402 	-144.149 	40.3305 	-2.4757 	0
0.0217116 	-143.382 	40.6115 	-2.45849 	0
0.0222829 	-142.57 	40.893 	-2.44198 	0
0.0228543 	-141.833 	41.1483 	-2.42413 	0
0.0234256 	-141.044 	41.4021 	-2.40707 	0
0.023997 	-140.285 	41.6455 	-2.38966 	0
0.0245683 	-139.559 	41.8741 	-2.37195 	0
0.0251397 	-138.791 	42.1028 	-2.35485 	0
0.0257111 	-138.067 	42.3181 	-2.33728 	0
0.0262824 	-137.368 	42.5214 	-2.31948 	0
0.0268538 	-136.628 	42.7247 	-2.30229 	0
0.0274251 	-135.906 	42.92 	-2.28486 	0
0.0279965 	-135.25 	43.0849 	-2.26652 	0
0.0285678 	-134.556 	43.2506 	-2.24878 	0
0.0291392 	-133.849 	43.4165 	-2.23125 	0
0.0297106 	-133.177 	43.5524 	-2.21237 	0
0.0302819 	-132.555 	43.6449 	-2.19153 	0
0.0308533 	-131.9 	43.7388 	-2.17131 	0
0.0314246 	-131.232 	43.8331 	-2.15132 	0
0.031996 	-130.568 	43.9226 	-2.13113 	0
0.0325673 	-129.996 	43.926 	-2.10748 	0
0.0331387 	-129.419 	43.9295 	-2.08391 	0
0.0337101 	-128.806 	43.9337 	-2.06105 	0
0.0342814 	-128.192 	43.938 	-2.03818 	0
0.0348528 	-127.584 	43.9406 	-2.01531 	0
0.0354241 	-127.073 	43.919 	-1.99228 	0
0.0359955 	-126.562 	43.8973 	-1.96925 	0
0.0365668 	-126.02 	43.8751 	-1.94677 	0
0.0371382 	-125.473 	43.8527 	-1.9244 	0
0.0377095 	-124.926 	43.8304 	-1.90203 	0
0.0382809 	-124.41 	43.8125 	-1.88015 	0
0.0388523 	-123.956 	43.8033 	-1.85925 	0
0.0394236 	-123.502 	43.794 	-1.83834 	0
0.039995 	-123.024 	43.7842 	-1.81787 	0
0.0405663 	-122.539 	43.7741 	-1.79752 	0
0.0411377 	-122.054 	43.7641 	-1.77716 	0
0.041709 	-121.569 	43.754 	-1.75681 	0
0.0422804 	-121.153 	43.7448 	-1.73729 	0
0.0428518 	-120.756 	43.7359 	-1.71801 	0
0.0434231 	-120.36 	43.7269 	-1.69874 	0
0.0439945 	-119.941 	43.7175 	-1.67987 	0
0.0445658 	-119.518 	43.7079 	-1.66107 	0
0.0451372 	-119.095 	43.6983 	-1.64227 	0
0.0457085 	-118.672 	43.6888 	-1.62347 	0
0.0462799 	-118.269 	43.6797 	-1.60495 	0
0.0468513 	-117.928 	43.6723 	-1.58725 	0
0.0474226 	-117.587 	43.6649 	-1.56955 	0
0.047994 	-117.246 	43.6576 	-1.55184 	0
0.0485653 	-116.886 	43.6497 	-1.53451 	0
0.0491367 	-116.522 	43.6418 	-1.51721 	0
0.049708 	-116.159 	43.6339 	-1.49992 	0
0.0502794 	-115.796 	43.626 	-1.48262 	0
0.0508508 	-115.433 	43.6181 	-1.46533 	0
0.0514221 	-115.117 	43.6114 	-1.44872 	0
0.0519935 	-114.829 	43.6054 	-1.43254 	0
0.0525648 	-114.541 	43.5994 	-1.41637 	0
0.0531362 	-114.253 	43.5935 	-1.40019 	0
0.0537075 	-113.951 	43.5872 	-1.38427 	0
0.0542789 	-113.645 	43.5808 	-1.36843 	0
0.0548503 	-113.339 	43.5744 	-1.3526 	0
0.0554216 	-113.033 	43.568 	-1.33676 	0
0.055993 	-112.727 	43.5616 	-1.32092 	0
0.0565643 	-112.421 	43.5553 	-1.30508 	0
0.0571357 	-112.169 	43.5503 	-1.29026 	0
0.057707 	-111.937 	43.5458 	-1.27581 	0
0.0582784 	-111.705 	43.5413 	-1.26137 	0
0.0588497 	-111.473 	43.5369 	-1.24693 	0
0.0594211 	-111.236 	43.5323 	-1.23258 	0
0.0599925 	-110.99 	43.5275 	-1.21841 	0
0.0605638 	-110.744 	43.5227 	-1.20425 	0
0.0611352 	-110.498 	43.5179 	-1.19008 	0
0.0617065 	-110.251 	43.5131 	-1.17591 	0
0.0622779 	-110.005 	43.5082 	-1.16175 	0
0.0628492 	-109.759 	43.5034 	-1.14758 	0
0.0634206 	-109.534 	43.4992 	-1.13374 	0
0.063992 	-109.344 	43.496 	-1.12043 	0
0.0645633 	-109.154 	43.4927 	-1.10712 	0
0.0651347 	-108.964 	43.4895 	-1.0938 	0
0.065706 	-108.774 	43.4862 	-1.08049 	0
0.0662774 	-108.572 	43.4827 	-1.0674 	0
0.0668487 	-108.371 	43.4792 	-1.05432 	0
0.0674201 	-108.169 	43.4757 	-1.04124 	0
0.0679915 	-107.968 	43.4722 	-1.02815 	0
0.0685628 	-107.766 	43.4686 	-1.01507 	0
0.0691342 	-107.565 	43.4651 	-1.00199 	0
0.0697055 	-107.365 	43.4617 	-0.988918 	0
0.0702769 	-107.205 	43.4594 	-0.976127 	0
0.0708482 	-107.044 	43.4572 	-0.963336 	0
0.0714196 	-106.884 	43.455 	-0.950545 	0
0.071991 	-106.721 	43.4527 	-0.937796 	0
0.0725623 	-106.551 	43.4502 	-0.925208 	0
0.0731337 	-106.381 	43.4478 	-0.91262 	0
0.073705 	-106.211 	43.4453 	-0.900032 	0
0.0742764 	-106.041 	43.4429 	-0.887444 	0
0.0748477 	-105.871 	43.4404 	-0.874856 	0
0.0754191 	-105.707 	43.4381 	-0.862335 	0
0.0759905 	-105.573 	43.4369 	-0.85018 	0
0.0765618 	-105.439 	43.4356 	-0.838025 	0
0.0771332 	-105.304 	43.4344 	-0.825869 	0
0.0777045 	-105.164 	43.433 	-0.813859 	0
0.0782759 	-105.022 	43.4315 	-0.801883 	0
0.0788472 	-104.88 	43.4301 	-0.789908 	0
0.0794186 	-104.738 	43.4286 	-0.777933 	0
0.0799899 	-104.596 	43.4272 	-0.765957 	0
0.0805613 	-104.469 	43.4263 	-0.754125 	0
0.0811327 	-104.356 	43.426 	-0.742421 	0
0.081704 	-104.243 	43.4257 	-0.730717 	0
0.0822754 	-104.125 	43.4253 	-0.719112 	0
0.0828467 	-104.006 	43.4248 	-0.707572 	0
0.0834181 	-103.886 	43.4243 	-0.696031 	0
0.0839894 	-103.766 	43.4239 	-0.684491 	0
0.0845608 	-103.646 	43.4234 	-0.672951 	0
0.0851322 	-103.549 	43.424 	-0.661589 	0
0.0857035 	-103.452 	43.4247 	-0.650227 	0
0.0862749 	-103.353 	43.4252 	-0.638934 	0
0.0868462 	-103.251 	43.4257 	-0.627724 	0
0.0874176 	-103.149 	43.4262 	-0.616514 	0
0.0879889 	-103.046 	43.4267 	-0.605304 	0
0.0885603 	-102.952 	43.4278 	-0.594137 	0
0.0891317 	-102.869 	43.4295 	-0.583025 	0
0.089703 	-102.785 	43.4311 	-0.571945 	0
0.0902744 	-102.697 	43.4327 	-0.560977 	0
0.0908457 	-102.609 	43.4343 	-0.550009 	0
0.0914171 	-102.521 	43.4358 	-0.539041 	0
0.0919884 	-102.444 	43.4383 	-0.52811 	0
0.0925598 	-102.372 	43.4412 	-0.517194 	0
0.0931312 	-102.297 	43.444 	-0.506383 	0
0.0937025 	-102.221 	43.4468 	-0.495604 	0
0.0942739 	-102.145 	43.4496 	-0.484825 	0
0.0948452 	-102.078 	43.4534 	-0.474055 	0
0.0954166 	-102.016 	43.4577 	-0.463292 	0
0.0959879 	-101.949 	43.4619 	-0.452657 	0
0.0965593 	-101.883 	43.4661 	-0.442022 	0
0.0971307 	-101.821 	43.471 	-0.431383 	0
0.097702 	-101.766 	43.4769 	-0.420734 	0
0.0982734 	-101.709 	43.4828 	-0.410199 	0
0.0988447 	-101.651 	43.4887 	-0.399678 	0
0.0994161 	-101.599 	43.4958 	-0.389139 	0
0.0999874 	-101.55 	43.5037 	-0.378622 	0
0.100559 	-101.499 	43.5115 	-0.368195 	0
0.10113 	-101.451 	43.52 	-0.357756 	0
0.101702 	-101.408 	43.5302 	-0.347297 	0
0.102273 	-101.363 	43.5404 	-0.336944 	0
0.102844 	-101.321 	43.5515 	-0.32657 	0
0.103416 	-101.283 	43.5643 	-0.316205 	0
0.103987 	-101.244 	43.5771 	-0.305914 	0
0.104558 	-101.209 	43.5924 	-0.295575 	0
0.10513 	-101.175 	43.608 	-0.285345 	0
0.105701 	-101.143 	43.6257 	-0.275057 	0
0.106272 	-101.112 	43.6445 	-0.264842 	0
0.106844 	-101.084 	43.6657 	-0.254612 	0
0.107415 	-101.057 	43.6879 	-0.244475 	0
0.107986 	-101.032 	43.7135 	-0.234296 	0
0.108558 	-101.009 	43.7412 	-0.224118 	0
0.109129 	-100.988 	43.7639 	-0.214072 	0
0.109701 	-100.967 	43.7159 	-0.203368 	0
0.110272 	-100.945 	43.2579 	-0.186279 	0
0.110843 	-100.929 	41.8349 	-0.153955 	0
0.111415 	-100.923 	39.5867 	-0.114034 	0
0.111986 	-100.923 	36.9035 	-0.077321 	0
0.112557 	-100.935 	33.8382 	-0.0460625 	0
0.113129 	-100.958 	29.4341 	-0.0195999 	0
0.1137 	-100.98 	1.27025e-10 	-4.91392e-15 	0
