0 	-88.4388 	0 	0 	0
0.000571357 	-88.8274 	-3.22247 	-0.106288 	0
0.00114271 	-89.449 	-2.59701 	-0.233205 	0
0.00171407 	-90.0227 	-1.94418 	-0.361779 	0
0.00228543 	-90.5089 	-1.24809 	-0.491382 	0
0.00285678 	-90.906 	-0.495631 	-0.621224 	0
0.00342814 	-91.2245 	0.326394 	-0.751785 	0
0.0039995 	-91.4786 	1.22573 	-0.88261 	0
0.00457085 	-91.6811 	2.21053 	-1.01389 	0
0.00514221 	-91.8426 	3.28899 	-1.1458 	0
0.00571357 	-91.9724 	4.46576 	-1.27827 	0
0.00628492 	-92.0051 	5.75445 	-1.41066 	0
0.00685628 	-91.928 	7.20786 	-1.54336 	0
0.00742764 	-91.8714 	8.843 	-1.67572 	0
0.00799899 	-91.8585 	10.6318 	-1.80596 	0
0.00857035 	-91.8544 	12.5311 	-1.93406 	0
0.00914171 	-91.867 	14.5346 	-2.05859 	0
0.00971307 	-91.896 	16.6069 	-2.18018 	0
0.0102844 	-91.9684 	18.7076 	-2.29735 	0
0.0108558 	-92.0751 	20.7832 	-2.4094 	0
0.0114271 	-92.1663 	22.8224 	-2.51569 	0
0.0119985 	-92.2145 	24.8844 	-2.61568 	0
0.0125698 	-92.2235 	26.6667 	-2.69397 	0
0.0131412 	-92.2289 	29.4225 	-2.79569 	0
0.0137126 	-92.2775 	32.041 	-2.87238 	0
0.0142839 	-92.3846 	34.5404 	-2.92919 	0
0.0148553 	-92.4588 	35.4127 	-2.92642 	0
0.0154266 	-92.5221 	35.9726 	-2.9224 	0
0.015998 	-92.5847 	36.4769 	-2.91365 	0
0.0165693 	-92.6309 	36.9067 	-2.89983 	0
0.0171407 	-92.674 	37.3212 	-2.88567 	0
0.0177121 	-92.714 	37.716 	-2.87056 	0
0.0182834 	-92.7265 	38.0915 	-2.85423 	0
0.0188548 	-92.7447 	38.442 	-2.83694 	0
0.0194261 	-92.7778 	38.7725 	-2.81899 	0
0.0199975 	-92.761 	39.0955 	-2.8004 	0
0.0205688 	-92.7839 	39.3942 	-2.78143 	0
0.0211402 	-92.7626 	39.6903 	-2.76211 	0
0.0217116 	-92.7761 	39.9646 	-2.74261 	0
0.0222829 	-92.7355 	40.2394 	-2.72277 	0
0.0228543 	-92.7565 	40.4924 	-2.70306 	0
0.0234256 	-92.7055 	40.7442 	-2.68289 	0
0.023997 	-92.6804 	40.9863 	-2.66289 	0
0.0245683 	-92.6677 	41.2149 	-2.643 	0
0.0251397 	-92.6059 	41.4437 	-2.62283 	0
0.0257111 	-92.5755 	41.6571 	-2.60267 	0
0.0262824 	-92.5532 	41.8566 	-2.58242 	0
0.0268538 	-92.4804 	42.0568 	-2.56195 	0
0.0274251 	-92.4198 	42.2464 	-2.54129 	0
0.0279965 	-92.405 	42.3964 	-2.51988 	0
0.0285678 	-92.3368 	42.548 	-2.49833 	0
0.0291392 	-92.2547 	42.7001 	-2.47675 	0
0.0297106 	-92.1948 	42.8191 	-2.45391 	0
0.0302819 	-92.1669 	42.8907 	-2.42928 	0
0.0308533 	-92.0897 	42.9641 	-2.40458 	0
0.0314246 	-91.999 	43.038 	-2.37987 	0
0.031996 	-91.9112 	43.1078 	-2.35503 	0
0.0325673 	-91.8738 	43.1055 	-2.32806 	0
0.0331387 	-91.8255 	43.1032 	-2.30106 	0
0.0337101 	-91.7311 	43.1014 	-2.27396 	0
0.0342814 	-91.6368 	43.0995 	-2.24686 	0
0.0348528 	-91.5455 	43.097 	-2.21986 	0
0.0354241 	-91.5015 	43.0858 	-2.1944 	0
0.0359955 	-91.4576 	43.0745 	-2.16895 	0
0.0365668 	-91.367 	43.0621 	-2.14335 	0
0.0371382 	-91.2728 	43.0497 	-2.11773 	0
0.0377095 	-91.1785 	43.0372 	-2.09211 	0
0.0382809 	-91.0991 	43.0294 	-2.06735 	0
0.0388523 	-91.0491 	43.0308 	-2.04428 	0
0.0394236 	-90.9991 	43.0323 	-2.02121 	0
0.039995 	-90.91 	43.0327 	-1.99804 	0
0.0405663 	-90.816 	43.033 	-1.97485 	0
0.0411377 	-90.722 	43.0333 	-1.95166 	0
0.041709 	-90.628 	43.0336 	-1.92847 	0
0.0422804 	-90.5658 	43.0329 	-1.90668 	0
0.0428518 	-90.513 	43.0318 	-1.8853 	0
0.0434231 	-90.4601 	43.0308 	-1.86393 	0
0.0439945 	-90.3708 	43.0289 	-1.84249 	0
0.0445658 	-90.2802 	43.027 	-1.82104 	0
0.0451372 	-90.1895 	43.0251 	-1.7996 	0
0.0457085 	-90.0989 	43.0232 	-1.77816 	0
0.0462799 	-90.0172 	43.0216 	-1.75717 	0
0.0468513 	-89.9633 	43.021 	-1.73757 	0
0.0474226 	-89.9093 	43.0204 	-1.71797 	0
0.047994 	-89.8544 	43.0197 	-1.69837 	0
0.0485653 	-89.7685 	43.0183 	-1.67874 	0
0.0491367 	-89.6827 	43.017 	-1.6591 	0
0.049708 	-89.5968 	43.0156 	-1.63947 	0
0.0502794 	-89.5109 	43.0142 	-1.61983 	0
0.0508508 	-89.425 	43.0128 	-1.6002 	0
0.0514221 	-89.3598 	43.012 	-1.58164 	0
0.0519935 	-89.3072 	43.0116 	-1.56375 	0
0.0525648 	-89.2547 	43.0112 	-1.54586 	0
0.0531362 	-89.2021 	43.0108 	-1.52797 	0
0.0537075 	-89.1251 	43.0098 	-1.51007 	0
0.0542789 	-89.0462 	43.0087 	-1.49217 	0
0.0548503 	-88.9673 	43.0077 	-1.47427 	0
0.0554216 	-88.8883 	43.0066 	-1.45638 	0
0.055993 	-88.8094 	43.0056 	-1.43848 	0
0.0565643 	-88.7305 	43.0046 	-1.42058 	0
0.0571357 	-88.6742 	43.0042 	-1.40412 	0
0.057707 	-88.6264 	43.004 	-1.38821 	0
0.0582784 	-88.5787 	43.0039 	-1.37229 	0
0.0588497 	-88.5309 	43.0038 	-1.35638 	0
0.0594211 	-88.4728 	43.0034 	-1.34047 	0
0.0599925 	-88.4042 	43.0028 	-1.32456 	0
0.0605638 	-88.3356 	43.0022 	-1.30866 	0
0.0611352 	-88.267 	43.0015 	-1.29275 	0
0.0617065 	-88.1984 	43.0009 	-1.27685 	0
0.0622779 	-88.1299 	43.0003 	-1.26094 	0
0.0628492 	-88.0613 	42.9997 	-1.24504 	0
0.0634206 	-88.0025 	42.9994 	-1.22963 	0
0.063992 	-87.9594 	42.9996 	-1.21502 	0
0.0645633 	-87.9162 	42.9998 	-1.2004 	0
0.0651347 	-87.873 	43 	-1.18579 	0
0.065706 	-87.8273 	43.0002 	-1.17118 	0
0.0662774 	-87.7674 	43 	-1.15658 	0
0.0668487 	-87.7076 	42.9998 	-1.14199 	0
0.0674201 	-87.6478 	42.9996 	-1.1274 	0
0.0679915 	-87.5879 	42.9995 	-1.11281 	0
0.0685628 	-87.5281 	42.9993 	-1.09821 	0
0.0691342 	-87.4683 	42.9991 	-1.08362 	0
0.0697055 	-87.4094 	42.999 	-1.06906 	0
0.0702769 	-87.3703 	42.9996 	-1.05506 	0
0.0708482 	-87.3312 	43.0002 	-1.04107 	0
0.0714196 	-87.2922 	43.0009 	-1.02707 	0
0.071991 	-87.2481 	43.0014 	-1.01309 	0
0.0725623 	-87.1952 	43.0017 	-0.999124 	0
0.0731337 	-87.1423 	43.002 	-0.98516 	0
0.073705 	-87.0894 	43.0023 	-0.971196 	0
0.0742764 	-87.0365 	43.0026 	-0.957232 	0
0.0748477 	-86.9836 	43.0029 	-0.943268 	0
0.0754191 	-86.9336 	43.0034 	-0.929413 	0
0.0759905 	-86.8993 	43.0045 	-0.916155 	0
0.0765618 	-86.8649 	43.0056 	-0.902897 	0
0.0771332 	-86.8305 	43.0067 	-0.889639 	0
0.0777045 	-86.7855 	43.0076 	-0.876413 	0
0.0782759 	-86.7398 	43.0084 	-0.86319 	0
0.0788472 	-86.694 	43.0093 	-0.849966 	0
0.0794186 	-86.6483 	43.0101 	-0.836743 	0
0.0799899 	-86.6025 	43.0109 	-0.823519 	0
0.0805613 	-86.565 	43.0122 	-0.810554 	0
0.0811327 	-86.535 	43.0139 	-0.79782 	0
0.081704 	-86.5049 	43.0155 	-0.785087 	0
0.0822754 	-86.468 	43.0171 	-0.77238 	0
0.0828467 	-86.4284 	43.0185 	-0.759683 	0
0.0834181 	-86.3888 	43.0199 	-0.746986 	0
0.0839894 	-86.3492 	43.0214 	-0.734289 	0
0.0845608 	-86.3097 	43.0228 	-0.721593 	0
0.0851322 	-86.2833 	43.0252 	-0.709258 	0
0.0857035 	-86.2569 	43.0275 	-0.696923 	0
0.0862749 	-86.2261 	43.0297 	-0.684609 	0
0.0868462 	-86.1916 	43.0319 	-0.672312 	0
0.0874176 	-86.1572 	43.034 	-0.660015 	0
0.0879889 	-86.1228 	43.0361 	-0.647718 	0
0.0885603 	-86.0933 	43.0387 	-0.635532 	0
0.0891317 	-86.0702 	43.0419 	-0.62349 	0
0.089703 	-86.045 	43.045 	-0.611459 	0
0.0902744 	-86.015 	43.048 	-0.599454 	0
0.0908457 	-85.985 	43.051 	-0.58745 	0
0.0914171 	-85.955 	43.054 	-0.575446 	0
0.0919884 	-85.9319 	43.0578 	-0.563578 	0
0.0925598 	-85.9116 	43.062 	-0.551764 	0
0.0931312 	-85.8863 	43.066 	-0.539983 	0
0.0937025 	-85.86 	43.0701 	-0.528208 	0
0.0942739 	-85.8338 	43.0741 	-0.516432 	0
0.0948452 	-85.8136 	43.0792 	-0.504754 	0
0.0954166 	-85.7952 	43.0846 	-0.493118 	0
0.0959879 	-85.7722 	43.0899 	-0.481517 	0
0.0965593 	-85.7492 	43.0953 	-0.469915 	0
0.0971307 	-85.7288 	43.1012 	-0.458351 	0
0.097702 	-85.7131 	43.1082 	-0.446851 	0
0.0982734 	-85.6931 	43.1151 	-0.435387 	0
0.0988447 	-85.6729 	43.122 	-0.423925 	0
0.0994161 	-85.6562 	43.1301 	-0.412504 	0
0.0999874 	-85.641 	43.139 	-0.401126 	0
0.100559 	-85.6231 	43.1478 	-0.389774 	0
0.10113 	-85.6066 	43.1572 	-0.378435 	0
0.101702 	-85.5937 	43.1683 	-0.367145 	0
0.102273 	-85.5779 	43.1794 	-0.355887 	0
0.102844 	-85.5639 	43.1914 	-0.344641 	0
0.103416 	-85.5517 	43.2051 	-0.333432 	0
0.103987 	-85.5376 	43.2187 	-0.322245 	0
0.104558 	-85.5271 	43.2349 	-0.311081 	0
0.10513 	-85.5146 	43.2513 	-0.29996 	0
0.105701 	-85.5046 	43.2699 	-0.288856 	0
0.106272 	-85.4937 	43.2895 	-0.277796 	0
0.106844 	-85.4846 	43.3115 	-0.26672 	0
0.107415 	-85.4746 	43.3346 	-0.255673 	0
0.107986 	-85.4667 	43.3613 	-0.244737 	0
0.108558 	-85.4591 	43.3871 	-0.233818 	0
0.109129 	-85.4507 	43.3745 	-0.222541 	0
0.109701 	-85.4407 	43.1695 	-0.208728 	0
0.110272 	-85.4307 	42.3112 	-0.18414 	0
0.110843 	-85.4262 	40.5754 	-0.146789 	0
0.111415 	-85.426 	38.3333 	-0.108289 	0
0.111986 	-85.4342 	35.8073 	-0.0737524 	0
0.112557 	-85.4508 	32.9066 	-0.0441579 	0
0.113129 	-85.4763 	28.6453 	-0.0187349 	0
0.1137 	-85.4982 	1.22039e-10 	-4.56114e-15 	0
