0 	-192.087 	0 	0 	0
0.000571357 	-192.064 	0.0682016 	0.0642 	0
0.00114271 	-191.982 	-1.00876 	0.393356 	0
0.00171407 	-191.96 	-1.81707 	0.792717 	0
0.00228543 	-192.036 	-2.21836 	1.11177 	0
0.00285678 	-192.18 	-2.34665 	1.33094 	0
0.00342814 	-192.357 	-2.31288 	1.4697 	0
0.0039995 	-192.532 	-2.19763 	1.55789 	0
0.00457085 	-192.687 	-2.03147 	1.60961 	0
0.00514221 	-192.809 	-1.83713 	1.63592 	0
0.00571357 	-192.895 	-1.62051 	1.64052 	0
0.00628492 	-192.944 	-1.39097 	1.62716 	0
0.00685628 	-192.958 	-1.15347 	1.59726 	0
0.00742764 	-192.939 	-0.910467 	1.55139 	0
0.00799899 	-192.879 	-0.659451 	1.4872 	0
0.00857035 	-192.775 	-0.392849 	1.4032 	0
0.00914171 	-192.6 	-0.0523096 	1.28632 	0
0.00971307 	-192.356 	0.456719 	1.12446 	0
0.0102844 	-192.063 	1.46685 	0.876859 	0
0.0108558 	-191.727 	3.37373 	0.533558 	0
0.0114271 	-191.326 	6.25324 	0.146972 	0
0.0119985 	-190.835 	10.1169 	-0.226083 	0
0.0125698 	-190.317 	14.0448 	-0.484782 	0
0.0131412 	-189.307 	20.9596 	-0.652176 	0
0.0137126 	-188.617 	26.4843 	-0.612562 	0
0.0142839 	-188.269 	29.5492 	-0.63603 	0
0.0148553 	-187.876 	32.0376 	-0.676111 	0
0.0154266 	-187.415 	34.2915 	-0.707442 	0
0.015998 	-186.893 	35.7314 	-0.732758 	0
0.0165693 	-186.336 	36.5818 	-0.753295 	0
0.0171407 	-185.749 	37.2382 	-0.770715 	0
0.0177121 	-185.135 	37.8203 	-0.786299 	0
0.0182834 	-184.5 	38.3493 	-0.800506 	0
0.0188548 	-183.838 	38.8241 	-0.81334 	0
0.0194261 	-183.16 	39.2579 	-0.824872 	0
0.0199975 	-182.474 	39.6733 	-0.835894 	0
0.0205688 	-181.76 	40.041 	-0.845523 	0
0.0211402 	-181.048 	40.4031 	-0.854894 	0
0.0217116 	-180.314 	40.7271 	-0.863118 	0
0.0222829 	-179.584 	41.0513 	-0.871311 	0
0.0228543 	-178.835 	41.3395 	-0.878218 	0
0.0234256 	-178.084 	41.6251 	-0.885041 	0
0.023997 	-177.335 	41.8972 	-0.891353 	0
0.0245683 	-176.574 	42.1492 	-0.896941 	0
0.0251397 	-175.814 	42.4013 	-0.902533 	0
0.0257111 	-175.057 	42.6383 	-0.907481 	0
0.0262824 	-174.291 	42.861 	-0.911772 	0
0.0268538 	-173.525 	43.0837 	-0.916064 	0
0.0274251 	-172.768 	43.3006 	-0.920209 	0
0.0279965 	-172.006 	43.4942 	-0.923399 	0
0.0285678 	-171.244 	43.6877 	-0.926588 	0
0.0291392 	-170.483 	43.8813 	-0.929794 	0
0.0297106 	-169.732 	44.052 	-0.932264 	0
0.0302819 	-168.979 	44.1891 	-0.933422 	0
0.0308533 	-168.227 	44.3261 	-0.934579 	0
0.0314246 	-167.474 	44.4632 	-0.935736 	0
0.031996 	-166.732 	44.5952 	-0.936931 	0
0.0325673 	-166.008 	44.6288 	-0.935124 	0
0.0331387 	-165.285 	44.6624 	-0.933318 	0
0.0337101 	-164.562 	44.6959 	-0.931511 	0
0.0342814 	-163.839 	44.7295 	-0.929705 	0
0.0348528 	-163.127 	44.7605 	-0.928083 	0
0.0354241 	-162.457 	44.7405 	-0.924611 	0
0.0359955 	-161.786 	44.7205 	-0.921139 	0
0.0365668 	-161.115 	44.7006 	-0.917667 	0
0.0371382 	-160.445 	44.6806 	-0.914195 	0
0.0377095 	-159.777 	44.6608 	-0.91084 	0
0.0382809 	-159.131 	44.6428 	-0.907399 	0
0.0388523 	-158.517 	44.6281 	-0.903355 	0
0.0394236 	-157.903 	44.6134 	-0.899311 	0
0.039995 	-157.289 	44.5986 	-0.895267 	0
0.0405663 	-156.675 	44.5839 	-0.891224 	0
0.0411377 	-156.061 	44.5692 	-0.88718 	0
0.041709 	-155.454 	44.5547 	-0.883431 	0
0.0422804 	-154.889 	44.5413 	-0.879025 	0
0.0428518 	-154.335 	44.5283 	-0.874419 	0
0.0434231 	-153.782 	44.5153 	-0.869813 	0
0.0439945 	-153.228 	44.5023 	-0.865206 	0
0.0445658 	-152.675 	44.4893 	-0.8606 	0
0.0451372 	-152.122 	44.4763 	-0.855994 	0
0.0457085 	-151.572 	44.4634 	-0.851557 	0
0.0462799 	-151.038 	44.4509 	-0.847043 	0
0.0468513 	-150.548 	44.4397 	-0.841912 	0
0.0474226 	-150.059 	44.4285 	-0.836781 	0
0.047994 	-149.569 	44.4173 	-0.83165 	0
0.0485653 	-149.079 	44.4061 	-0.826519 	0
0.0491367 	-148.589 	44.3949 	-0.821388 	0
0.049708 	-148.099 	44.3837 	-0.816257 	0
0.0502794 	-147.61 	44.3725 	-0.811165 	0
0.0508508 	-147.124 	44.3614 	-0.8063 	0
0.0514221 	-146.676 	44.3513 	-0.801008 	0
0.0519935 	-146.252 	44.3419 	-0.795452 	0
0.0525648 	-145.827 	44.3325 	-0.789895 	0
0.0531362 	-145.402 	44.323 	-0.784339 	0
0.0537075 	-144.977 	44.3136 	-0.778783 	0
0.0542789 	-144.552 	44.3042 	-0.773227 	0
0.0548503 	-144.127 	44.2948 	-0.767671 	0
0.0554216 	-143.702 	44.2854 	-0.762115 	0
0.055993 	-143.279 	44.276 	-0.756672 	0
0.0565643 	-142.857 	44.2666 	-0.751353 	0
0.0571357 	-142.487 	44.2587 	-0.745715 	0
0.057707 	-142.136 	44.2512 	-0.739957 	0
0.0582784 	-141.785 	44.2438 	-0.734199 	0
0.0588497 	-141.433 	44.2363 	-0.728441 	0
0.0594211 	-141.082 	44.2289 	-0.722683 	0
0.0599925 	-140.731 	44.2215 	-0.716926 	0
0.0605638 	-140.38 	44.214 	-0.711168 	0
0.0611352 	-140.029 	44.2066 	-0.70541 	0
0.0617065 	-139.678 	44.1991 	-0.699652 	0
0.0622779 	-139.327 	44.1917 	-0.693975 	0
0.0628492 	-138.979 	44.1843 	-0.68842 	0
0.0634206 	-138.651 	44.1775 	-0.682698 	0
0.063992 	-138.357 	44.1717 	-0.676712 	0
0.0645633 	-138.064 	44.1659 	-0.670726 	0
0.0651347 	-137.77 	44.1601 	-0.66474 	0
0.065706 	-137.477 	44.1543 	-0.658754 	0
0.0662774 	-137.183 	44.1485 	-0.652768 	0
0.0668487 	-136.89 	44.1427 	-0.646782 	0
0.0674201 	-136.596 	44.1369 	-0.640796 	0
0.0679915 	-136.303 	44.1311 	-0.63481 	0
0.0685628 	-136.01 	44.1253 	-0.628834 	0
0.0691342 	-135.718 	44.1195 	-0.623026 	0
0.0697055 	-135.427 	44.1137 	-0.617196 	0
0.0702769 	-135.176 	44.1093 	-0.610907 	0
0.0708482 	-134.924 	44.1048 	-0.604619 	0
0.0714196 	-134.673 	44.1003 	-0.59833 	0
0.071991 	-134.421 	44.0958 	-0.592041 	0
0.0725623 	-134.17 	44.0914 	-0.585753 	0
0.0731337 	-133.918 	44.0869 	-0.579464 	0
0.073705 	-133.667 	44.0824 	-0.573175 	0
0.0742764 	-133.416 	44.0779 	-0.566887 	0
0.0748477 	-133.165 	44.0734 	-0.560746 	0
0.0754191 	-132.92 	44.0692 	-0.554583 	0
0.0759905 	-132.708 	44.066 	-0.548212 	0
0.0765618 	-132.496 	44.0628 	-0.541841 	0
0.0771332 	-132.284 	44.0596 	-0.53547 	0
0.0777045 	-132.071 	44.0564 	-0.529099 	0
0.0782759 	-131.859 	44.0532 	-0.522727 	0
0.0788472 	-131.647 	44.05 	-0.516356 	0
0.0794186 	-131.434 	44.0468 	-0.509994 	0
0.0799899 	-131.223 	44.0437 	-0.503771 	0
0.0805613 	-131.028 	44.0411 	-0.497443 	0
0.0811327 	-130.847 	44.0391 	-0.491019 	0
0.081704 	-130.666 	44.0371 	-0.484595 	0
0.0822754 	-130.485 	44.0351 	-0.478171 	0
0.0828467 	-130.305 	44.0331 	-0.471747 	0
0.0834181 	-130.124 	44.0311 	-0.465323 	0
0.0839894 	-129.944 	44.0291 	-0.458945 	0
0.0845608 	-129.763 	44.0271 	-0.452659 	0
0.0851322 	-129.609 	44.0262 	-0.446207 	0
0.0857035 	-129.454 	44.0254 	-0.439755 	0
0.0862749 	-129.299 	44.0246 	-0.433304 	0
0.0868462 	-129.144 	44.0237 	-0.426852 	0
0.0874176 	-128.989 	44.0229 	-0.4204 	0
0.0879889 	-128.834 	44.022 	-0.414027 	0
0.0885603 	-128.689 	44.0217 	-0.40764 	0
0.0891317 	-128.555 	44.0221 	-0.40117 	0
0.089703 	-128.421 	44.0225 	-0.394701 	0
0.0902744 	-128.288 	44.0228 	-0.388231 	0
0.0908457 	-128.154 	44.0232 	-0.381761 	0
0.0914171 	-128.021 	44.0236 	-0.375382 	0
0.0919884 	-127.9 	44.0249 	-0.368942 	0
0.0925598 	-127.784 	44.0266 	-0.362465 	0
0.0931312 	-127.669 	44.0283 	-0.355987 	0
0.0937025 	-127.553 	44.0299 	-0.34951 	0
0.0942739 	-127.437 	44.0316 	-0.343105 	0
0.0948452 	-127.333 	44.0344 	-0.336659 	0
0.0954166 	-127.232 	44.0376 	-0.330178 	0
0.0959879 	-127.132 	44.0408 	-0.323697 	0
0.0965593 	-127.031 	44.044 	-0.317232 	0
0.0971307 	-126.935 	44.0478 	-0.310827 	0
0.097702 	-126.847 	44.0528 	-0.304348 	0
0.0982734 	-126.76 	44.0577 	-0.297869 	0
0.0988447 	-126.672 	44.0626 	-0.291418 	0
0.0994161 	-126.591 	44.0687 	-0.284992 	0
0.0999874 	-126.514 	44.0756 	-0.278518 	0
0.100559 	-126.437 	44.0826 	-0.272044 	0
0.10113 	-126.363 	44.0901 	-0.265638 	0
0.101702 	-126.296 	44.0994 	-0.259171 	0
0.102273 	-126.228 	44.1086 	-0.252704 	0
0.102844 	-126.164 	44.1188 	-0.246299 	0
0.103416 	-126.105 	44.1307 	-0.239844 	0
0.103987 	-126.046 	44.1426 	-0.233419 	0
0.104558 	-125.993 	44.1568 	-0.226986 	0
0.10513 	-125.941 	44.1716 	-0.220539 	0
0.105701 	-125.893 	44.1883 	-0.214146 	0
0.106272 	-125.847 	44.2061 	-0.20773 	0
0.106844 	-125.804 	44.2263 	-0.201321 	0
0.107415 	-125.764 	44.2475 	-0.194913 	0
0.107986 	-125.728 	44.2719 	-0.188544 	0
0.108558 	-125.694 	44.2983 	-0.182153 	0
0.109129 	-125.663 	44.3272 	-0.175764 	0
0.109701 	-125.635 	44.3579 	-0.169467 	0
0.110272 	-125.61 	44.3477 	-0.162845 	0
0.110843 	-125.584 	43.9077 	-0.150553 	0
0.111415 	-125.567 	42.2291 	-0.119182 	0
0.111986 	-125.561 	39.2775 	-0.078763 	0
0.112557 	-125.569 	35.7746 	-0.0448636 	0
0.113129 	-125.589 	31.0135 	-0.0185715 	0
0.1137 	-125.609 	1.40432e-10 	-5.00648e-15 	0
