0 	-197.731 	0 	0 	0
0.000571357 	-197.65 	-6.75823 	0.0680859 	0
0.00114271 	-197.551 	-6.46614 	0.120746 	0
0.00171407 	-197.498 	-6.02838 	0.165742 	0
0.00228543 	-197.49 	-5.53589 	0.203373 	0
0.00285678 	-197.521 	-5.00487 	0.234064 	0
0.00342814 	-197.584 	-4.43576 	0.256616 	0
0.0039995 	-197.67 	-3.82848 	0.270587 	0
0.00457085 	-197.769 	-3.17803 	0.274403 	0
0.00514221 	-197.871 	-2.48065 	0.26723 	0
0.00571357 	-197.962 	-1.72582 	0.246899 	0
0.00628492 	-198.027 	-0.904523 	0.212329 	0
0.00685628 	-198.046 	-0.00173724 	0.162031 	0
0.00742764 	-197.995 	1.00494 	0.0947228 	0
0.00799899 	-197.846 	2.19898 	0.00515204 	0
0.00857035 	-197.605 	3.659 	-0.109611 	0
0.00914171 	-197.313 	5.46678 	-0.254512 	0
0.00971307 	-197.068 	7.47126 	-0.420568 	0
0.0102844 	-196.803 	9.58205 	-0.601593 	0
0.0108558 	-196.29 	11.8338 	-0.784186 	0
0.0114271 	-195.546 	14.3244 	-0.959329 	0
0.0119985 	-194.7 	17.0921 	-1.11607 	0
0.0125698 	-193.958 	19.5692 	-1.22873 	0
0.0131412 	-192.823 	23.4107 	-1.35382 	0
0.0137126 	-191.786 	26.9341 	-1.42513 	0
0.0142839 	-190.695 	30.4829 	-1.46737 	0
0.0148553 	-189.596 	33.5174 	-1.50947 	0
0.0154266 	-188.446 	35.579 	-1.55867 	0
0.015998 	-187.242 	36.5989 	-1.58544 	0
0.0165693 	-186.036 	37.2349 	-1.59996 	0
0.0171407 	-184.831 	37.7936 	-1.61144 	0
0.0177121 	-183.63 	38.3048 	-1.62076 	0
0.0182834 	-182.433 	38.7708 	-1.62806 	0
0.0188548 	-181.242 	39.1935 	-1.63312 	0
0.0194261 	-180.065 	39.583 	-1.63697 	0
0.0199975 	-178.893 	39.9573 	-1.64017 	0
0.0205688 	-177.737 	40.2913 	-1.64116 	0
0.0211402 	-176.588 	40.621 	-1.64233 	0
0.0217116 	-175.458 	40.9179 	-1.64167 	0
0.0222829 	-174.33 	41.2154 	-1.64136 	0
0.0228543 	-173.229 	41.4816 	-1.63934 	0
0.0234256 	-172.129 	41.7456 	-1.63713 	0
0.023997 	-171.048 	41.9981 	-1.63489 	0
0.0245683 	-169.985 	42.2331 	-1.63147 	0
0.0251397 	-168.921 	42.468 	-1.62805 	0
0.0257111 	-167.882 	42.6898 	-1.62451 	0
0.0262824 	-166.858 	42.8986 	-1.61992 	0
0.0268538 	-165.835 	43.1075 	-1.61533 	0
0.0274251 	-164.824 	43.3102 	-1.61104 	0
0.0279965 	-163.847 	43.4881 	-1.60543 	0
0.0285678 	-162.87 	43.666 	-1.59982 	0
0.0291392 	-161.893 	43.8439 	-1.59423 	0
0.0297106 	-160.939 	43.9965 	-1.58811 	0
0.0302819 	-160.012 	44.1114 	-1.57995 	0
0.0308533 	-159.086 	44.2263 	-1.57179 	0
0.0314246 	-158.16 	44.3411 	-1.56363 	0
0.031996 	-157.238 	44.4517 	-1.55591 	0
0.0325673 	-156.382 	44.468 	-1.54426 	0
0.0331387 	-155.527 	44.4843 	-1.53261 	0
0.0337101 	-154.671 	44.5006 	-1.52096 	0
0.0342814 	-153.815 	44.5169 	-1.50931 	0
0.0348528 	-152.965 	44.5316 	-1.49829 	0
0.0354241 	-152.198 	44.5066 	-1.48553 	0
0.0359955 	-151.432 	44.4816 	-1.47278 	0
0.0365668 	-150.666 	44.4566 	-1.46002 	0
0.0371382 	-149.9 	44.4316 	-1.44727 	0
0.0377095 	-149.134 	44.4067 	-1.43471 	0
0.0382809 	-148.395 	44.3849 	-1.42262 	0
0.0388523 	-147.716 	44.3694 	-1.41034 	0
0.0394236 	-147.036 	44.3538 	-1.39806 	0
0.039995 	-146.357 	44.3382 	-1.38578 	0
0.0405663 	-145.677 	44.3226 	-1.3735 	0
0.0411377 	-144.998 	44.3071 	-1.36122 	0
0.041709 	-144.316 	44.2914 	-1.34948 	0
0.0422804 	-143.701 	44.2772 	-1.33763 	0
0.0428518 	-143.107 	44.2635 	-1.32572 	0
0.0434231 	-142.513 	44.2498 	-1.31381 	0
0.0439945 	-141.918 	44.2361 	-1.3019 	0
0.0445658 	-141.324 	44.2224 	-1.28999 	0
0.0451372 	-140.729 	44.2087 	-1.27808 	0
0.0457085 	-140.133 	44.195 	-1.26642 	0
0.0462799 	-139.556 	44.1817 	-1.25503 	0
0.0468513 	-139.045 	44.1702 	-1.24352 	0
0.0474226 	-138.533 	44.1587 	-1.232 	0
0.047994 	-138.022 	44.1472 	-1.22049 	0
0.0485653 	-137.51 	44.1357 	-1.20897 	0
0.0491367 	-136.999 	44.1241 	-1.19746 	0
0.049708 	-136.487 	44.1126 	-1.18595 	0
0.0502794 	-135.976 	44.1011 	-1.17444 	0
0.0508508 	-135.46 	44.0895 	-1.16339 	0
0.0514221 	-134.996 	44.0792 	-1.15235 	0
0.0519935 	-134.564 	44.0698 	-1.14131 	0
0.0525648 	-134.132 	44.0603 	-1.13026 	0
0.0531362 	-133.7 	44.0509 	-1.11922 	0
0.0537075 	-133.268 	44.0415 	-1.10817 	0
0.0542789 	-132.836 	44.032 	-1.09713 	0
0.0548503 	-132.404 	44.0226 	-1.08608 	0
0.0554216 	-131.972 	44.0132 	-1.07504 	0
0.055993 	-131.538 	44.0037 	-1.06412 	0
0.0565643 	-131.103 	43.9942 	-1.05347 	0
0.0571357 	-130.73 	43.9863 	-1.04307 	0
0.057707 	-130.381 	43.979 	-1.03275 	0
0.0582784 	-130.033 	43.9717 	-1.02244 	0
0.0588497 	-129.684 	43.9645 	-1.01213 	0
0.0594211 	-129.336 	43.9572 	-1.00181 	0
0.0599925 	-128.987 	43.9499 	-0.991499 	0
0.0605638 	-128.639 	43.9427 	-0.981185 	0
0.0611352 	-128.29 	43.9354 	-0.970871 	0
0.0617065 	-127.941 	43.9281 	-0.960557 	0
0.0622779 	-127.592 	43.9208 	-0.950311 	0
0.0628492 	-127.24 	43.9135 	-0.940318 	0
0.0634206 	-126.914 	43.9068 	-0.930369 	0
0.063992 	-126.628 	43.9013 	-0.92049 	0
0.0645633 	-126.343 	43.8957 	-0.910611 	0
0.0651347 	-126.057 	43.8902 	-0.900731 	0
0.065706 	-125.771 	43.8847 	-0.890852 	0
0.0662774 	-125.486 	43.8791 	-0.880972 	0
0.0668487 	-125.2 	43.8736 	-0.871093 	0
0.0674201 	-124.915 	43.868 	-0.861214 	0
0.0679915 	-124.629 	43.8625 	-0.851334 	0
0.0685628 	-124.344 	43.857 	-0.841455 	0
0.0691342 	-124.055 	43.8513 	-0.83181 	0
0.0697055 	-123.769 	43.8458 	-0.822192 	0
0.0702769 	-123.528 	43.8416 	-0.812416 	0
0.0708482 	-123.287 	43.8375 	-0.80264 	0
0.0714196 	-123.046 	43.8333 	-0.792864 	0
0.071991 	-122.805 	43.8291 	-0.783088 	0
0.0725623 	-122.564 	43.825 	-0.773312 	0
0.0731337 	-122.323 	43.8208 	-0.763536 	0
0.073705 	-122.082 	43.8166 	-0.75376 	0
0.0742764 	-121.841 	43.8125 	-0.743984 	0
0.0748477 	-121.598 	43.8083 	-0.734385 	0
0.0754191 	-121.36 	43.8042 	-0.724853 	0
0.0759905 	-121.159 	43.8014 	-0.715358 	0
0.0765618 	-120.958 	43.7985 	-0.705863 	0
0.0771332 	-120.757 	43.7956 	-0.696368 	0
0.0777045 	-120.555 	43.7927 	-0.686872 	0
0.0782759 	-120.354 	43.7899 	-0.677377 	0
0.0788472 	-120.153 	43.787 	-0.667882 	0
0.0794186 	-119.952 	43.7841 	-0.658387 	0
0.0799899 	-119.748 	43.7812 	-0.649084 	0
0.0805613 	-119.562 	43.7789 	-0.639796 	0
0.0811327 	-119.392 	43.7772 	-0.630505 	0
0.081704 	-119.222 	43.7755 	-0.621214 	0
0.0822754 	-119.052 	43.7738 	-0.611922 	0
0.0828467 	-118.882 	43.7721 	-0.602631 	0
0.0834181 	-118.712 	43.7704 	-0.59334 	0
0.0839894 	-118.542 	43.7687 	-0.58409 	0
0.0845608 	-118.37 	43.767 	-0.57499 	0
0.0851322 	-118.225 	43.7664 	-0.565861 	0
0.0857035 	-118.08 	43.7659 	-0.556732 	0
0.0862749 	-117.935 	43.7653 	-0.547603 	0
0.0868462 	-117.79 	43.7648 	-0.538473 	0
0.0874176 	-117.645 	43.7643 	-0.529344 	0
0.0879889 	-117.499 	43.7637 	-0.520303 	0
0.0885603 	-117.362 	43.7636 	-0.511326 	0
0.0891317 	-117.237 	43.7643 	-0.502317 	0
0.089703 	-117.112 	43.7649 	-0.493308 	0
0.0902744 	-116.988 	43.7656 	-0.4843 	0
0.0908457 	-116.863 	43.7662 	-0.475291 	0
0.0914171 	-116.738 	43.7668 	-0.466388 	0
0.0919884 	-116.625 	43.7684 	-0.457496 	0
0.0925598 	-116.517 	43.7704 	-0.448585 	0
0.0931312 	-116.409 	43.7723 	-0.439673 	0
0.0937025 	-116.302 	43.7743 	-0.430761 	0
0.0942739 	-116.193 	43.7762 	-0.421933 	0
0.0948452 	-116.095 	43.7793 	-0.413121 	0
0.0954166 	-116.002 	43.7827 	-0.404285 	0
0.0959879 	-115.908 	43.7862 	-0.395449 	0
0.0965593 	-115.815 	43.7897 	-0.386623 	0
0.0971307 	-115.725 	43.7937 	-0.377907 	0
0.097702 	-115.643 	43.7989 	-0.369132 	0
0.0982734 	-115.561 	43.8041 	-0.360358 	0
0.0988447 	-115.48 	43.8093 	-0.351609 	0
0.0994161 	-115.403 	43.8156 	-0.342931 	0
0.0999874 	-115.332 	43.8229 	-0.33421 	0
0.100559 	-115.261 	43.8301 	-0.32549 	0
0.10113 	-115.191 	43.8379 	-0.316857 	0
0.101702 	-115.128 	43.8474 	-0.308175 	0
0.102273 	-115.065 	43.857 	-0.299493 	0
0.102844 	-115.005 	43.8674 	-0.290895 	0
0.103416 	-114.95 	43.8796 	-0.28226 	0
0.103987 	-114.894 	43.8918 	-0.273659 	0
0.104558 	-114.844 	43.9064 	-0.265065 	0
0.10513 	-114.796 	43.9215 	-0.256452 	0
0.105701 	-114.75 	43.9385 	-0.247914 	0
0.106272 	-114.707 	43.9567 	-0.239345 	0
0.106844 	-114.667 	43.9772 	-0.230833 	0
0.107415 	-114.629 	43.9988 	-0.222326 	0
0.107986 	-114.594 	44.0236 	-0.213762 	0
0.108558 	-114.562 	44.0506 	-0.205321 	0
0.109129 	-114.532 	44.0797 	-0.196878 	0
0.109701 	-114.505 	44.0966 	-0.188313 	0
0.110272 	-114.479 	43.9395 	-0.17801 	0
0.110843 	-114.453 	42.9946 	-0.155108 	0
0.111415 	-114.438 	40.8977 	-0.116548 	0
0.111986 	-114.433 	38.0577 	-0.07816 	0
0.112557 	-114.441 	34.7957 	-0.0458469 	0
0.113129 	-114.462 	30.2308 	-0.0193865 	0
0.1137 	-114.484 	1.3231e-10 	-5.00131e-15 	0
