0 	-88.1131 	0 	0 	0
0.000571357 	-88.5023 	-3.21669 	-0.106397 	0
0.00114271 	-89.1248 	-2.59096 	-0.233439 	0
0.00171407 	-89.6994 	-1.9381 	-0.362138 	0
0.00228543 	-90.1863 	-1.24207 	-0.491864 	0
0.00285678 	-90.5839 	-0.489692 	-0.621826 	0
0.00342814 	-90.9028 	0.332258 	-0.752503 	0
0.0039995 	-91.1572 	1.23155 	-0.883441 	0
0.00457085 	-91.3598 	2.21633 	-1.01483 	0
0.00514221 	-91.5215 	3.29482 	-1.14685 	0
0.00571357 	-91.6515 	4.47165 	-1.27941 	0
0.00628492 	-91.6843 	5.76043 	-1.4119 	0
0.00685628 	-91.6071 	7.21397 	-1.54469 	0
0.00742764 	-91.5505 	8.84928 	-1.67714 	0
0.00799899 	-91.5377 	10.6383 	-1.80746 	0
0.00857035 	-91.5338 	12.5377 	-1.93563 	0
0.00914171 	-91.5466 	14.5413 	-2.06022 	0
0.00971307 	-91.5758 	16.6136 	-2.18186 	0
0.0102844 	-91.6483 	18.7142 	-2.29907 	0
0.0108558 	-91.7552 	20.7896 	-2.41113 	0
0.0114271 	-91.8469 	22.8285 	-2.51742 	0
0.0119985 	-91.8958 	24.8896 	-2.61739 	0
0.0125698 	-91.9052 	26.6706 	-2.69562 	0
0.0131412 	-91.9099 	29.4242 	-2.79721 	0
0.0137126 	-91.9587 	32.042 	-2.87374 	0
0.0142839 	-92.0666 	34.5405 	-2.93036 	0
0.0148553 	-92.1418 	35.4122 	-2.92754 	0
0.0154266 	-92.206 	35.9726 	-2.92354 	0
0.015998 	-92.2695 	36.4763 	-2.91473 	0
0.0165693 	-92.3165 	36.9059 	-2.90089 	0
0.0171407 	-92.3605 	37.3204 	-2.8867 	0
0.0177121 	-92.4014 	37.7152 	-2.87157 	0
0.0182834 	-92.4147 	38.0907 	-2.85522 	0
0.0188548 	-92.4338 	38.4411 	-2.8379 	0
0.0194261 	-92.4678 	38.7716 	-2.81993 	0
0.0199975 	-92.4518 	39.0945 	-2.80132 	0
0.0205688 	-92.4755 	39.3932 	-2.78234 	0
0.0211402 	-92.455 	39.6893 	-2.763 	0
0.0217116 	-92.4693 	39.9636 	-2.74348 	0
0.0222829 	-92.4294 	40.2384 	-2.72362 	0
0.0228543 	-92.4512 	40.4914 	-2.7039 	0
0.0234256 	-92.401 	40.7432 	-2.68371 	0
0.023997 	-92.3767 	40.9853 	-2.66369 	0
0.0245683 	-92.3647 	41.2139 	-2.64378 	0
0.0251397 	-92.3036 	41.4427 	-2.6236 	0
0.0257111 	-92.2739 	41.656 	-2.60342 	0
0.0262824 	-92.2524 	41.8556 	-2.58316 	0
0.0268538 	-92.1803 	42.0557 	-2.56268 	0
0.0274251 	-92.1203 	42.2453 	-2.54199 	0
0.0279965 	-92.1062 	42.3953 	-2.52057 	0
0.0285678 	-92.0386 	42.5469 	-2.49901 	0
0.0291392 	-91.9572 	42.699 	-2.47741 	0
0.0297106 	-91.8979 	42.818 	-2.45456 	0
0.0302819 	-91.8707 	42.8895 	-2.42991 	0
0.0308533 	-91.7941 	42.9629 	-2.4052 	0
0.0314246 	-91.704 	43.0368 	-2.38046 	0
0.031996 	-91.6168 	43.1065 	-2.35561 	0
0.0325673 	-91.58 	43.1042 	-2.32862 	0
0.0331387 	-91.5323 	43.102 	-2.30161 	0
0.0337101 	-91.4385 	43.1001 	-2.2745 	0
0.0342814 	-91.3447 	43.0982 	-2.24738 	0
0.0348528 	-91.254 	43.0957 	-2.22037 	0
0.0354241 	-91.2105 	43.0845 	-2.1949 	0
0.0359955 	-91.1671 	43.0733 	-2.16944 	0
0.0365668 	-91.077 	43.0609 	-2.14382 	0
0.0371382 	-90.9832 	43.0484 	-2.11819 	0
0.0377095 	-90.8895 	43.036 	-2.09256 	0
0.0382809 	-90.8105 	43.0282 	-2.06779 	0
0.0388523 	-90.761 	43.0296 	-2.04471 	0
0.0394236 	-90.7114 	43.0311 	-2.02163 	0
0.039995 	-90.6228 	43.0316 	-1.99845 	0
0.0405663 	-90.5293 	43.0319 	-1.97525 	0
0.0411377 	-90.4357 	43.0322 	-1.95205 	0
0.041709 	-90.3422 	43.0325 	-1.92885 	0
0.0422804 	-90.2803 	43.0318 	-1.90705 	0
0.0428518 	-90.2279 	43.0307 	-1.88567 	0
0.0434231 	-90.1755 	43.0297 	-1.86428 	0
0.0439945 	-90.0866 	43.0278 	-1.84283 	0
0.0445658 	-89.9963 	43.026 	-1.82138 	0
0.0451372 	-89.906 	43.0241 	-1.79993 	0
0.0457085 	-89.8158 	43.0222 	-1.77848 	0
0.0462799 	-89.7345 	43.0206 	-1.75748 	0
0.0468513 	-89.6809 	43.02 	-1.73788 	0
0.0474226 	-89.6273 	43.0194 	-1.71827 	0
0.047994 	-89.5727 	43.0187 	-1.69866 	0
0.0485653 	-89.4872 	43.0174 	-1.67902 	0
0.0491367 	-89.4017 	43.016 	-1.65938 	0
0.049708 	-89.3161 	43.0146 	-1.63974 	0
0.0502794 	-89.2306 	43.0133 	-1.6201 	0
0.0508508 	-89.145 	43.0119 	-1.60045 	0
0.0514221 	-89.08 	43.0111 	-1.58189 	0
0.0519935 	-89.0278 	43.0107 	-1.56399 	0
0.0525648 	-88.9756 	43.0103 	-1.5461 	0
0.0531362 	-88.9233 	43.0099 	-1.5282 	0
0.0537075 	-88.8466 	43.0089 	-1.5103 	0
0.0542789 	-88.7679 	43.0078 	-1.49239 	0
0.0548503 	-88.6893 	43.0068 	-1.47449 	0
0.0554216 	-88.6107 	43.0058 	-1.45658 	0
0.055993 	-88.532 	43.0047 	-1.43868 	0
0.0565643 	-88.4534 	43.0037 	-1.42078 	0
0.0571357 	-88.3973 	43.0033 	-1.40431 	0
0.057707 	-88.3498 	43.0032 	-1.38839 	0
0.0582784 	-88.3023 	43.0031 	-1.37247 	0
0.0588497 	-88.2547 	43.003 	-1.35655 	0
0.0594211 	-88.1968 	43.0026 	-1.34064 	0
0.0599925 	-88.1285 	43.002 	-1.32473 	0
0.0605638 	-88.0601 	43.0014 	-1.30882 	0
0.0611352 	-87.9918 	43.0008 	-1.29291 	0
0.0617065 	-87.9234 	43.0001 	-1.277 	0
0.0622779 	-87.8551 	42.9995 	-1.26109 	0
0.0628492 	-87.7868 	42.9989 	-1.24519 	0
0.0634206 	-87.7282 	42.9986 	-1.22977 	0
0.063992 	-87.6852 	42.9988 	-1.21516 	0
0.0645633 	-87.6423 	42.9991 	-1.20054 	0
0.0651347 	-87.5993 	42.9993 	-1.18592 	0
0.065706 	-87.5537 	42.9994 	-1.1713 	0
0.0662774 	-87.4941 	42.9993 	-1.15671 	0
0.0668487 	-87.4345 	42.9991 	-1.14211 	0
0.0674201 	-87.3748 	42.9989 	-1.12752 	0
0.0679915 	-87.3152 	42.9988 	-1.11292 	0
0.0685628 	-87.2555 	42.9986 	-1.09832 	0
0.0691342 	-87.1959 	42.9984 	-1.08373 	0
0.0697055 	-87.1372 	42.9983 	-1.06916 	0
0.0702769 	-87.0983 	42.9989 	-1.05516 	0
0.0708482 	-87.0594 	42.9996 	-1.04116 	0
0.0714196 	-87.0205 	43.0002 	-1.02717 	0
0.071991 	-86.9766 	43.0007 	-1.01318 	0
0.0725623 	-86.9239 	43.001 	-0.999213 	0
0.0731337 	-86.8712 	43.0014 	-0.985246 	0
0.073705 	-86.8184 	43.0017 	-0.971279 	0
0.0742764 	-86.7657 	43.002 	-0.957312 	0
0.0748477 	-86.7129 	43.0023 	-0.943345 	0
0.0754191 	-86.6631 	43.0027 	-0.929487 	0
0.0759905 	-86.6289 	43.0039 	-0.916227 	0
0.0765618 	-86.5946 	43.005 	-0.902967 	0
0.0771332 	-86.5604 	43.0061 	-0.889707 	0
0.0777045 	-86.5155 	43.007 	-0.876479 	0
0.0782759 	-86.4699 	43.0078 	-0.863253 	0
0.0788472 	-86.4243 	43.0086 	-0.850027 	0
0.0794186 	-86.3787 	43.0095 	-0.836801 	0
0.0799899 	-86.3331 	43.0103 	-0.823575 	0
0.0805613 	-86.2957 	43.0116 	-0.810608 	0
0.0811327 	-86.2658 	43.0133 	-0.797873 	0
0.081704 	-86.2359 	43.015 	-0.785138 	0
0.0822754 	-86.1991 	43.0165 	-0.772429 	0
0.0828467 	-86.1596 	43.0179 	-0.75973 	0
0.0834181 	-86.1201 	43.0194 	-0.747031 	0
0.0839894 	-86.0806 	43.0208 	-0.734332 	0
0.0845608 	-86.0412 	43.0223 	-0.721634 	0
0.0851322 	-86.0149 	43.0246 	-0.709298 	0
0.0857035 	-85.9887 	43.0269 	-0.696962 	0
0.0862749 	-85.9579 	43.0292 	-0.684646 	0
0.0868462 	-85.9236 	43.0313 	-0.672347 	0
0.0874176 	-85.8892 	43.0335 	-0.660048 	0
0.0879889 	-85.8549 	43.0356 	-0.647749 	0
0.0885603 	-85.8255 	43.0382 	-0.635563 	0
0.0891317 	-85.8025 	43.0413 	-0.623519 	0
0.089703 	-85.7774 	43.0445 	-0.611487 	0
0.0902744 	-85.7475 	43.0475 	-0.599481 	0
0.0908457 	-85.7176 	43.0504 	-0.587475 	0
0.0914171 	-85.6877 	43.0534 	-0.57547 	0
0.0919884 	-85.6647 	43.0573 	-0.5636 	0
0.0925598 	-85.6445 	43.0615 	-0.551786 	0
0.0931312 	-85.6192 	43.0655 	-0.540003 	0
0.0937025 	-85.593 	43.0696 	-0.528227 	0
0.0942739 	-85.5668 	43.0736 	-0.51645 	0
0.0948452 	-85.5467 	43.0787 	-0.504771 	0
0.0954166 	-85.5284 	43.0841 	-0.493134 	0
0.0959879 	-85.5055 	43.0894 	-0.481532 	0
0.0965593 	-85.4825 	43.0947 	-0.469929 	0
0.0971307 	-85.4622 	43.1007 	-0.458363 	0
0.097702 	-85.4466 	43.1077 	-0.446863 	0
0.0982734 	-85.4266 	43.1146 	-0.435398 	0
0.0988447 	-85.4064 	43.1215 	-0.423935 	0
0.0994161 	-85.3898 	43.1296 	-0.412513 	0
0.0999874 	-85.3747 	43.1385 	-0.401134 	0
0.100559 	-85.3568 	43.1473 	-0.389781 	0
0.10113 	-85.3404 	43.1567 	-0.378442 	0
0.101702 	-85.3276 	43.1678 	-0.367151 	0
0.102273 	-85.3118 	43.1789 	-0.355892 	0
0.102844 	-85.2978 	43.1909 	-0.344645 	0
0.103416 	-85.2856 	43.2046 	-0.333436 	0
0.103987 	-85.2716 	43.2183 	-0.322248 	0
0.104558 	-85.2611 	43.2344 	-0.311083 	0
0.10513 	-85.2487 	43.2509 	-0.299961 	0
0.105701 	-85.2387 	43.2694 	-0.288857 	0
0.106272 	-85.2278 	43.289 	-0.277796 	0
0.106844 	-85.2188 	43.311 	-0.266719 	0
0.107415 	-85.2088 	43.3341 	-0.255672 	0
0.107986 	-85.2009 	43.3608 	-0.244735 	0
0.108558 	-85.1933 	43.3867 	-0.233816 	0
0.109129 	-85.185 	43.374 	-0.222538 	0
0.109701 	-85.175 	43.1692 	-0.208726 	0
0.110272 	-85.165 	42.311 	-0.184141 	0
0.110843 	-85.1605 	40.5753 	-0.146788 	0
0.111415 	-85.1603 	38.3331 	-0.108284 	0
0.111986 	-85.1685 	35.8069 	-0.0737465 	0
0.112557 	-85.1852 	32.906 	-0.0441532 	0
0.113129 	-85.2107 	28.6447 	-0.0187325 	0
0.1137 	-85.2326 	1.22036e-10 	-4.56053e-15 	0
