0 	-9.64377 	0 	0 	0
0.000571357 	-9.99727 	4.06871 	-0.101983 	0
0.00114271 	-10.5723 	4.84634 	-0.22428 	0
0.00171407 	-11.1125 	5.52786 	-0.34835 	0
0.00228543 	-11.5711 	6.21309 	-0.471582 	0
0.00285678 	-11.9525 	6.93454 	-0.594432 	0
0.00342814 	-12.2632 	7.70873 	-0.715364 	0
0.0039995 	-12.5216 	8.54778 	-0.834915 	0
0.00457085 	-12.741 	9.45861 	-0.952164 	0
0.00514221 	-12.9348 	10.4484 	-1.06682 	0
0.00571357 	-13.1154 	11.5188 	-1.17808 	0
0.00628492 	-13.292 	12.6736 	-1.28632 	0
0.00685628 	-13.4076 	13.9233 	-1.39044 	0
0.00742764 	-13.4593 	15.3056 	-1.48903 	0
0.00799899 	-13.5678 	16.8268 	-1.57884 	0
0.00857035 	-13.7481 	18.4676 	-1.66514 	0
0.00914171 	-13.992 	20.168 	-1.74172 	0
0.00971307 	-14.2855 	21.9201 	-1.81489 	0
0.0102844 	-14.6441 	23.6581 	-1.88055 	0
0.0108558 	-15.0567 	25.3321 	-1.93832 	0
0.0114271 	-15.4978 	26.962 	-1.9898 	0
0.0119985 	-15.9593 	28.6263 	-2.03602 	0
0.0125698 	-16.3581 	30.0797 	-2.07081 	0
0.0131412 	-16.9884 	32.3276 	-2.11118 	0
0.0137126 	-17.6152 	34.2593 	-2.13634 	0
0.0142839 	-18.2818 	34.9102 	-2.14467 	0
0.0148553 	-18.9491 	35.3401 	-2.14839 	0
0.0154266 	-19.6134 	35.7522 	-2.1506 	0
0.015998 	-20.278 	36.1455 	-2.15239 	0
0.0165693 	-20.9395 	36.516 	-2.1527 	0
0.0171407 	-21.597 	36.8692 	-2.15186 	0
0.0177121 	-22.2496 	37.2083 	-2.15003 	0
0.0182834 	-22.8969 	37.5349 	-2.14725 	0
0.0188548 	-23.544 	37.8446 	-2.14442 	0
0.0194261 	-24.1854 	38.1429 	-2.14084 	0
0.0199975 	-24.8147 	38.4379 	-2.13589 	0
0.0205688 	-25.4529 	38.7112 	-2.13206 	0
0.0211402 	-26.0681 	38.9867 	-2.12579 	0
0.0217116 	-26.6958 	39.2423 	-2.12113 	0
0.0222829 	-27.2984 	39.5019 	-2.11402 	0
0.0228543 	-27.9119 	39.7397 	-2.10828 	0
0.0234256 	-28.515 	39.9775 	-2.1017 	0
0.023997 	-29.1006 	40.206 	-2.0937 	0
0.0245683 	-29.7002 	40.4158 	-2.08699 	0
0.0251397 	-30.2763 	40.6294 	-2.07857 	0
0.0257111 	-30.8451 	40.8211 	-2.06938 	0
0.0262824 	-31.4252 	40.99 	-2.0608 	0
0.0268538 	-31.9875 	41.1625 	-2.05112 	0
0.0274251 	-32.5253 	41.326 	-2.03964 	0
0.0279965 	-33.0799 	41.4326 	-2.02828 	0
0.0285678 	-33.6345 	41.5391 	-2.01692 	0
0.0291392 	-34.1517 	41.6544 	-2.00345 	0
0.0297106 	-34.6625 	41.7382 	-1.989 	0
0.0302819 	-35.182 	41.7726 	-1.97415 	0
0.0308533 	-35.7015 	41.807 	-1.9593 	0
0.0314246 	-36.1903 	41.8465 	-1.94269 	0
0.031996 	-36.6584 	41.8868 	-1.92494 	0
0.0325673 	-37.1337 	41.8794 	-1.90852 	0
0.0331387 	-37.609 	41.8721 	-1.8921 	0
0.0337101 	-38.0842 	41.8648 	-1.87568 	0
0.0342814 	-38.5163 	41.8584 	-1.85663 	0
0.0348528 	-38.9394 	41.8528 	-1.83728 	0
0.0354241 	-39.368 	41.8564 	-1.82194 	0
0.0359955 	-39.7966 	41.8601 	-1.8066 	0
0.0365668 	-40.2252 	41.8637 	-1.79126 	0
0.0371382 	-40.6349 	41.8665 	-1.77486 	0
0.0377095 	-41.0106 	41.8677 	-1.75651 	0
0.0382809 	-41.3888 	41.8728 	-1.73941 	0
0.0388523 	-41.7717 	41.8857 	-1.72477 	0
0.0394236 	-42.1547 	41.8986 	-1.71013 	0
0.039995 	-42.5377 	41.9115 	-1.69548 	0
0.0405663 	-42.916 	41.9242 	-1.68061 	0
0.0411377 	-43.246 	41.9357 	-1.66339 	0
0.041709 	-43.5761 	41.9471 	-1.64617 	0
0.0422804 	-43.9111 	41.9555 	-1.63109 	0
0.0428518 	-44.2476 	41.9628 	-1.61664 	0
0.0434231 	-44.5841 	41.9702 	-1.60219 	0
0.0439945 	-44.9205 	41.9776 	-1.58774 	0
0.0445658 	-45.257 	41.9849 	-1.57329 	0
0.0451372 	-45.547 	41.9914 	-1.55682 	0
0.0457085 	-45.832 	41.9977 	-1.54015 	0
0.0462799 	-46.1182 	42.0043 	-1.52415 	0
0.0468513 	-46.4076 	42.0117 	-1.51026 	0
0.0474226 	-46.6971 	42.019 	-1.49637 	0
0.047994 	-46.9866 	42.0264 	-1.48247 	0
0.0485653 	-47.2761 	42.0337 	-1.46858 	0
0.0491367 	-47.5656 	42.0411 	-1.45469 	0
0.049708 	-47.8227 	42.0477 	-1.43952 	0
0.0502794 	-48.0634 	42.0539 	-1.42371 	0
0.0508508 	-48.304 	42.0601 	-1.4079 	0
0.0514221 	-48.5467 	42.0664 	-1.3936 	0
0.0519935 	-48.7905 	42.0729 	-1.38023 	0
0.0525648 	-49.0344 	42.0793 	-1.36686 	0
0.0531362 	-49.2783 	42.0857 	-1.35349 	0
0.0537075 	-49.5222 	42.0921 	-1.34013 	0
0.0542789 	-49.766 	42.0985 	-1.32676 	0
0.0548503 	-50.0001 	42.1047 	-1.31304 	0
0.0554216 	-50.1988 	42.1101 	-1.29808 	0
0.055993 	-50.3976 	42.1155 	-1.28312 	0
0.0565643 	-50.5963 	42.1209 	-1.26815 	0
0.0571357 	-50.7924 	42.1264 	-1.25504 	0
0.057707 	-50.9874 	42.1319 	-1.24262 	0
0.0582784 	-51.1824 	42.1374 	-1.23021 	0
0.0588497 	-51.3775 	42.1429 	-1.21779 	0
0.0594211 	-51.5725 	42.1484 	-1.20537 	0
0.0599925 	-51.7675 	42.1539 	-1.19296 	0
0.0605638 	-51.9626 	42.1594 	-1.18054 	0
0.0611352 	-52.1424 	42.1645 	-1.16763 	0
0.0617065 	-52.2982 	42.1691 	-1.15393 	0
0.0622779 	-52.4541 	42.1737 	-1.14024 	0
0.0628492 	-52.6099 	42.1783 	-1.12655 	0
0.0634206 	-52.7668 	42.183 	-1.11356 	0
0.063992 	-52.9255 	42.1879 	-1.1017 	0
0.0645633 	-53.0841 	42.1928 	-1.08983 	0
0.0651347 	-53.2427 	42.1977 	-1.07796 	0
0.065706 	-53.4014 	42.2026 	-1.06609 	0
0.0662774 	-53.56 	42.2075 	-1.05423 	0
0.0668487 	-53.7186 	42.2125 	-1.04236 	0
0.0674201 	-53.8756 	42.2173 	-1.03044 	0
0.0679915 	-54 	42.2214 	-1.01753 	0
0.0685628 	-54.1244 	42.2256 	-1.00461 	0
0.0691342 	-54.2488 	42.2297 	-0.991697 	0
0.0697055 	-54.3737 	42.2338 	-0.978835 	0
0.0702769 	-54.5072 	42.2385 	-0.967065 	0
0.0708482 	-54.6407 	42.2432 	-0.955294 	0
0.0714196 	-54.7742 	42.2478 	-0.943524 	0
0.071991 	-54.9077 	42.2525 	-0.931754 	0
0.0725623 	-55.0413 	42.2572 	-0.919983 	0
0.0731337 	-55.1748 	42.2619 	-0.908213 	0
0.073705 	-55.2886 	42.2661 	-0.895858 	0
0.0742764 	-55.3917 	42.2701 	-0.883183 	0
0.0748477 	-55.4948 	42.274 	-0.870508 	0
0.0754191 	-55.5991 	42.2781 	-0.858029 	0
0.0759905 	-55.7099 	42.2826 	-0.846617 	0
0.0765618 	-55.8207 	42.2871 	-0.835205 	0
0.0771332 	-55.9314 	42.2917 	-0.823794 	0
0.0777045 	-56.0422 	42.2962 	-0.812382 	0
0.0782759 	-56.153 	42.3007 	-0.80097 	0
0.0788472 	-56.2488 	42.3049 	-0.789111 	0
0.0794186 	-56.3332 	42.3088 	-0.776918 	0
0.0799899 	-56.4177 	42.3127 	-0.764724 	0
0.0805613 	-56.5068 	42.317 	-0.753083 	0
0.0811327 	-56.6001 	42.3216 	-0.741936 	0
0.081704 	-56.6933 	42.3262 	-0.730789 	0
0.0822754 	-56.7865 	42.3308 	-0.719642 	0
0.0828467 	-56.8798 	42.3354 	-0.708495 	0
0.0834181 	-56.958 	42.3396 	-0.696891 	0
0.0839894 	-57.0284 	42.3437 	-0.685049 	0
0.0845608 	-57.0989 	42.3478 	-0.67321 	0
0.0851322 	-57.1782 	42.3526 	-0.662279 	0
0.0857035 	-57.2575 	42.3575 	-0.651349 	0
0.0862749 	-57.3368 	42.3624 	-0.640418 	0
0.0868462 	-57.4161 	42.3673 	-0.629488 	0
0.0874176 	-57.4805 	42.3718 	-0.61808 	0
0.0879889 	-57.54 	42.3762 	-0.606518 	0
0.0885603 	-57.6032 	42.381 	-0.595303 	0
0.0891317 	-57.6713 	42.3864 	-0.584533 	0
0.089703 	-57.7395 	42.3918 	-0.573763 	0
0.0902744 	-57.8076 	42.3972 	-0.562993 	0
0.0908457 	-57.863 	42.4023 	-0.551793 	0
0.0914171 	-57.9137 	42.4073 	-0.540438 	0
0.0919884 	-57.9703 	42.4131 	-0.529596 	0
0.0925598 	-58.0292 	42.4193 	-0.51896 	0
0.0931312 	-58.0882 	42.4255 	-0.508324 	0
0.0937025 	-58.1397 	42.4315 	-0.497423 	0
0.0942739 	-58.1835 	42.4373 	-0.486236 	0
0.0948452 	-58.2326 	42.4441 	-0.47552 	0
0.0954166 	-58.2839 	42.4514 	-0.464986 	0
0.0959879 	-58.3352 	42.4586 	-0.454453 	0
0.0965593 	-58.3744 	42.4656 	-0.443447 	0
0.0971307 	-58.4148 	42.4731 	-0.432611 	0
0.097702 	-58.4597 	42.4818 	-0.422167 	0
0.0982734 	-58.5046 	42.4905 	-0.411723 	0
0.0988447 	-58.5388 	42.4989 	-0.40082 	0
0.0994161 	-58.5755 	42.5085 	-0.390195 	0
0.0999874 	-58.6149 	42.519 	-0.379821 	0
0.100559 	-58.65 	42.5294 	-0.369241 	0
0.10113 	-58.6804 	42.5402 	-0.358514 	0
0.101702 	-58.7153 	42.5528 	-0.348202 	0
0.102273 	-58.7466 	42.5654 	-0.337707 	0
0.102844 	-58.774 	42.5788 	-0.327109 	0
0.103416 	-58.805 	42.5939 	-0.316852 	0
0.103987 	-58.8298 	42.6089 	-0.306253 	0
0.104558 	-58.8565 	42.6264 	-0.295953 	0
0.10513 	-58.8809 	42.6443 	-0.285543 	0
0.105701 	-58.9039 	42.6642 	-0.275192 	0
0.106272 	-58.9258 	42.6852 	-0.264846 	0
0.106844 	-58.9467 	42.7089 	-0.254593 	0
0.107415 	-58.965 	42.7334 	-0.244211 	0
0.107986 	-58.9842 	42.7582 	-0.234208 	0
0.108558 	-58.9994 	42.7244 	-0.223388 	0
0.109129 	-59.0121 	42.5104 	-0.209802 	0
0.109701 	-59.0221 	41.8348 	-0.18861 	0
0.110272 	-59.0328 	40.439 	-0.15656 	0
0.110843 	-59.0456 	38.5645 	-0.121704 	0
0.111415 	-59.0596 	36.4599 	-0.0888179 	0
0.111986 	-59.0775 	34.1796 	-0.0603735 	0
0.112557 	-59.0999 	31.5085 	-0.0359166 	0
0.113129 	-59.1253 	27.4694 	-0.0149717 	0
0.1137 	-59.1433 	1.15678e-10 	-3.63753e-15 	0
