0 	-26.3941 	0 	0 	0
0.000571357 	-26.4179 	12.97 	-0.0132717 	0
0.00114271 	-26.4816 	14.4201 	-0.0377303 	0
0.00171407 	-26.5584 	15.2635 	-0.065051 	0
0.00228543 	-26.6374 	15.9288 	-0.0933458 	0
0.00285678 	-26.714 	16.521 	-0.121841 	0
0.00342814 	-26.7865 	17.0824 	-0.150126 	0
0.0039995 	-26.8546 	17.6346 	-0.17796 	0
0.00457085 	-26.9183 	18.1904 	-0.20504 	0
0.00514221 	-26.9784 	18.7587 	-0.231194 	0
0.00571357 	-27.0355 	19.3456 	-0.256269 	0
0.00628492 	-27.0905 	19.9557 	-0.280052 	0
0.00685628 	-27.1442 	20.5933 	-0.302426 	0
0.00742764 	-27.1973 	21.261 	-0.323183 	0
0.00799899 	-27.2507 	21.9614 	-0.342164 	0
0.00857035 	-27.3052 	22.6969 	-0.359286 	0
0.00914171 	-27.3615 	23.4689 	-0.374308 	0
0.00971307 	-27.4206 	24.2789 	-0.387243 	0
0.0102844 	-27.4597 	25.1541 	-0.397435 	0
0.0108558 	-27.5016 	26.171 	-0.40352 	0
0.0114271 	-27.5713 	27.2893 	-0.406122 	0
0.0119985 	-27.6601 	28.4286 	-0.406847 	0
0.0125698 	-27.7526 	29.5035 	-0.406654 	0
0.0131412 	-27.8537 	30.6658 	-0.404344 	0
0.0137126 	-27.9482 	31.7741 	-0.398946 	0
0.0142839 	-28.0461 	32.9671 	-0.389506 	0
0.0148553 	-28.1492 	34.3248 	-0.373677 	0
0.0154266 	-28.2732 	35.1763 	-0.365678 	0
0.015998 	-28.4051 	35.5422 	-0.366529 	0
0.0165693 	-28.5396 	35.9028 	-0.367369 	0
0.0171407 	-28.677 	36.2644 	-0.368204 	0
0.0177121 	-28.8164 	36.6211 	-0.36893 	0
0.0182834 	-28.9588 	36.9659 	-0.369513 	0
0.0188548 	-29.1028 	37.2906 	-0.369829 	0
0.0194261 	-29.2487 	37.5942 	-0.369885 	0
0.0199975 	-29.3974 	37.8822 	-0.369764 	0
0.0205688 	-29.5482 	38.16 	-0.369512 	0
0.0211402 	-29.7016 	38.4326 	-0.369194 	0
0.0217116 	-29.8565 	38.7016 	-0.368797 	0
0.0222829 	-30.0125 	38.9641 	-0.368289 	0
0.0228543 	-30.1699 	39.2155 	-0.367639 	0
0.0234256 	-30.3303 	39.4545 	-0.366857 	0
0.023997 	-30.4923 	39.6641 	-0.365732 	0
0.0245683 	-30.6539 	39.8454 	-0.364285 	0
0.0251397 	-30.8197 	40.0084 	-0.36265 	0
0.0257111 	-30.9831 	40.1246 	-0.360494 	0
0.0262824 	-31.1487 	40.233 	-0.358258 	0
0.0268538 	-31.3143 	40.3128 	-0.355695 	0
0.0274251 	-31.4799 	40.3903 	-0.353103 	0
0.0279965 	-31.6464 	40.4595 	-0.350401 	0
0.0285678 	-31.8134 	40.5283 	-0.347688 	0
0.0291392 	-31.9791 	40.5949 	-0.344905 	0
0.0297106 	-32.148 	40.6618 	-0.34212 	0
0.0302819 	-32.3121 	40.7118 	-0.339112 	0
0.0308533 	-32.4815 	40.7603 	-0.336066 	0
0.0314246 	-32.6456 	40.7916 	-0.332843 	0
0.031996 	-32.8141 	40.8039 	-0.329362 	0
0.0325673 	-32.9831 	40.8162 	-0.325878 	0
0.0331387 	-33.145 	40.8089 	-0.322172 	0
0.0337101 	-33.3127 	40.798 	-0.318368 	0
0.0342814 	-33.4803 	40.787 	-0.314563 	0
0.0348528 	-33.64 	40.7842 	-0.310837 	0
0.0354241 	-33.806 	40.7814 	-0.307065 	0
0.0359955 	-33.9721 	40.7787 	-0.303292 	0
0.0365668 	-34.1302 	40.7822 	-0.299488 	0
0.0371382 	-34.2951 	40.7863 	-0.295629 	0
0.0377095 	-34.46 	40.7904 	-0.291769 	0
0.0382809 	-34.6174 	40.7913 	-0.287843 	0
0.0388523 	-34.7797 	40.7903 	-0.283797 	0
0.0394236 	-34.9429 	40.7893 	-0.279745 	0
0.039995 	-35.1057 	40.7885 	-0.275692 	0
0.0405663 	-35.2595 	40.7926 	-0.271633 	0
0.0411377 	-35.4208 	40.7968 	-0.267512 	0
0.041709 	-35.5822 	40.801 	-0.263391 	0
0.0422804 	-35.7415 	40.807 	-0.259271 	0
0.0428518 	-35.8943 	40.8212 	-0.25512 	0
0.0434231 	-36.054 	40.8356 	-0.250917 	0
0.0439945 	-36.2136 	40.85 	-0.246714 	0
0.0445658 	-36.3732 	40.8643 	-0.242511 	0
0.0451372 	-36.522 	40.8801 	-0.238247 	0
0.0457085 	-36.68 	40.896 	-0.233908 	0
0.0462799 	-36.8379 	40.912 	-0.229569 	0
0.0468513 	-36.9959 	40.928 	-0.22523 	0
0.0474226 	-37.1478 	40.9413 	-0.220829 	0
0.047994 	-37.2987 	40.9519 	-0.216313 	0
0.0485653 	-37.4546 	40.9626 	-0.211754 	0
0.0491367 	-37.6104 	40.9733 	-0.207195 	0
0.049708 	-37.7662 	40.9841 	-0.202636 	0
0.0502794 	-37.9142 	40.9934 	-0.19803 	0
0.0508508 	-38.063 	41.0019 	-0.193337 	0
0.0514221 	-38.2162 	41.0106 	-0.188603 	0
0.0519935 	-38.3694 	41.0192 	-0.183869 	0
0.0525648 	-38.5227 	41.0279 	-0.179135 	0
0.0531362 	-38.6714 	41.0368 	-0.174369 	0
0.0537075 	-38.8138 	41.0463 	-0.169519 	0
0.0542789 	-38.9641 	41.0559 	-0.164591 	0
0.0548503 	-39.1145 	41.0655 	-0.159664 	0
0.0554216 	-39.2648 	41.0752 	-0.154736 	0
0.055993 	-39.4152 	41.0848 	-0.149809 	0
0.0565643 	-39.5568 	41.0939 	-0.144817 	0
0.0571357 	-39.6983 	41.1028 	-0.139743 	0
0.057707 	-39.8455 	41.1118 	-0.134612 	0
0.0582784 	-39.9926 	41.1208 	-0.129481 	0
0.0588497 	-40.1398 	41.1298 	-0.12435 	0
0.0594211 	-40.287 	41.1389 	-0.119219 	0
0.0599925 	-40.426 	41.1471 	-0.114074 	0
0.0605638 	-40.559 	41.1547 	-0.108892 	0
0.0611352 	-40.7 	41.1624 	-0.103627 	0
0.0617065 	-40.841 	41.1701 	-0.098361 	0
0.0622779 	-40.982 	41.1779 	-0.0930953 	0
0.0628492 	-41.1231 	41.1856 	-0.0878297 	0
0.0634206 	-41.2641 	41.1933 	-0.082564 	0
0.063992 	-41.3932 	41.2002 	-0.0772026 	0
0.0645633 	-41.5261 	41.2071 	-0.0717653 	0
0.0651347 	-41.6633 	41.214 	-0.0662801 	0
0.065706 	-41.8006 	41.221 	-0.060795 	0
0.0662774 	-41.9379 	41.228 	-0.0553098 	0
0.0668487 	-42.0752 	41.235 	-0.0498247 	0
0.0674201 	-42.2099 	41.2419 	-0.044293 	0
0.0679915 	-42.3357 	41.2488 	-0.0385955 	0
0.0685628 	-42.4717 	41.2559 	-0.0327874 	0
0.0691342 	-42.6076 	41.263 	-0.0269794 	0
0.0697055 	-42.7436 	41.2701 	-0.0211714 	0
0.0702769 	-42.8795 	41.2772 	-0.0153633 	0
0.0708482 	-43.0144 	41.2844 	-0.00954874 	0
0.0714196 	-43.1365 	41.2921 	-0.00365275 	0
0.071991 	-43.2684 	41.3 	0.00235194 	0
0.0725623 	-43.4009 	41.3079 	0.00836131 	0
0.0731337 	-43.5333 	41.3158 	0.0143707 	0
0.073705 	-43.6657 	41.3238 	0.0203801 	0
0.0742764 	-43.7928 	41.3322 	0.0264225 	0
0.0748477 	-43.9151 	41.3414 	0.0325577 	0
0.0754191 	-44.0442 	41.3508 	0.0387666 	0
0.0759905 	-44.1733 	41.3602 	0.0449756 	0
0.0765618 	-44.3025 	41.3696 	0.0511845 	0
0.0771332 	-44.43 	41.379 	0.0574001 	0
0.0777045 	-44.5472 	41.3887 	0.063684 	0
0.0782759 	-44.6733 	41.3987 	0.0700634 	0
0.0788472 	-44.7995 	41.4087 	0.0764428 	0
0.0794186 	-44.9256 	41.4186 	0.0828222 	0
0.0799899 	-45.0485 	41.4284 	0.0892174 	0
0.0805613 	-45.1649 	41.4378 	0.095703 	0
0.0811327 	-45.2883 	41.4473 	0.102263 	0
0.081704 	-45.4117 	41.4568 	0.108822 	0
0.0822754 	-45.535 	41.4664 	0.115382 	0
0.0828467 	-45.6485 	41.4756 	0.121963 	0
0.0834181 	-45.7683 	41.485 	0.128657 	0
0.0839894 	-45.8891 	41.4944 	0.135361 	0
0.0845608 	-46.0098 	41.5038 	0.142065 	0
0.0851322 	-46.1231 	41.513 	0.148793 	0
0.0857035 	-46.2393 	41.5223 	0.155632 	0
0.0862749 	-46.3577 	41.5317 	0.162496 	0
0.0868462 	-46.4761 	41.541 	0.169359 	0
0.0874176 	-46.5852 	41.5502 	0.176234 	0
0.0879889 	-46.7012 	41.5595 	0.183227 	0
0.0885603 	-46.8174 	41.5688 	0.190223 	0
0.0891317 	-46.9321 	41.5777 	0.197218 	0
0.089703 	-47.04 	41.5837 	0.204264 	0
0.0902744 	-47.1542 	41.5899 	0.211374 	0
0.0908457 	-47.2685 	41.596 	0.218483 	0
0.0914171 	-47.374 	41.5859 	0.225544 	0
0.0919884 	-47.4862 	41.5714 	0.232684 	0
0.0925598 	-47.5984 	41.557 	0.239825 	0
0.0931312 	-47.7023 	41.4987 	0.246708 	0
0.0937025 	-47.8122 	41.4235 	0.253609 	0
0.0942739 	-47.9221 	41.3483 	0.260511 	0
0.0948452 	-48.0228 	41.203 	0.267039 	0
0.0954166 	-48.1292 	41.0485 	0.273623 	0
0.0959879 	-48.2315 	40.8895 	0.280105 	0
0.0965593 	-48.3316 	40.7178 	0.286471 	0
0.0971307 	-48.4342 	40.5462 	0.292885 	0
0.097702 	-48.5284 	40.3892 	0.299581 	0
0.0982734 	-48.6269 	40.2355 	0.30646 	0
0.0988447 	-48.7188 	40.0803 	0.313262 	0
0.0994161 	-48.8147 	39.924 	0.320001 	0
0.0999874 	-48.9067 	39.7561 	0.326107 	0
0.100559 	-49.003 	39.5782 	0.332029 	0
0.10113 	-49.0845 	39.1449 	0.342065 	0
0.101702 	-49.1619 	38.556 	0.35435 	0
0.102273 	-49.2727 	37.0095 	0.380278 	0
0.102844 	-49.4039 	35.132 	0.408451 	0
0.103416 	-49.5889 	32.6788 	0.433771 	0
0.103987 	-49.7395 	30.4608 	0.444507 	0
0.104558 	-49.8599 	28.4235 	0.444108 	0
0.10513 	-49.934 	26.569 	0.433338 	0
0.105701 	-50.0002 	24.7478 	0.41949 	0
0.106272 	-50.0709 	22.9375 	0.403429 	0
0.106844 	-50.1454 	21.1635 	0.384845 	0
0.107415 	-50.2182 	19.4675 	0.363561 	0
0.107986 	-50.2844 	17.8794 	0.339783 	0
0.108558 	-50.3425 	16.4092 	0.313895 	0
0.109129 	-50.3949 	15.0645 	0.286039 	0
0.109701 	-50.4463 	13.8701 	0.256106 	0
0.110272 	-50.4886 	12.8172 	0.224684 	0
0.110843 	-50.5018 	11.889 	0.192207 	0
0.111415 	-50.4925 	11.037 	0.159047 	0
0.111986 	-50.4674 	10.2353 	0.125802 	0
0.112557 	-50.4242 	9.45582 	0.0924919 	0
0.113129 	-50.3639 	8.63938 	0.0594955 	0
0.1137 	-50.294 	7.58415 	0.0273089 	0
