0.0131412 	-153.931 	20.0735 	-0.00505894 	0
0.0137126 	-153.915 	24.9624 	-0.00381189 	0
0.0142839 	-153.888 	28.9393 	0.0144468 	0
0.0148553 	-153.858 	31.9548 	0.0353988 	0
0.0154266 	-153.839 	33.5238 	0.0379321 	0
0.015998 	-153.818 	34.5047 	0.0345979 	0
0.0165693 	-153.794 	35.3269 	0.0310329 	0
0.0171407 	-153.767 	36.0401 	0.0273762 	0
0.0177121 	-153.738 	36.6729 	0.0236644 	0
0.0182834 	-153.705 	37.2473 	0.019927 	0
0.0188548 	-153.669 	37.7634 	0.0160983 	0
0.0194261 	-153.631 	38.2346 	0.0123305 	0
0.0199975 	-153.591 	38.686 	0.00859381 	0
0.0205688 	-153.545 	39.0866 	0.00476708 	0
0.0211402 	-153.501 	39.4809 	0.00106836 	0
0.0217116 	-153.449 	39.8346 	-0.00271444 	0
0.0222829 	-153.4 	40.1885 	-0.00638056 	0
0.0228543 	-153.343 	40.504 	-0.010082 	0
0.0234256 	-153.286 	40.817 	-0.0137946 	0
0.023997 	-153.228 	41.1151 	-0.0173285 	0
0.0245683 	-153.164 	41.3922 	-0.0209545 	0
0.0251397 	-153.101 	41.6692 	-0.0245342 	0
0.0257111 	-153.036 	41.9299 	-0.0279848 	0
0.0262824 	-152.964 	42.1754 	-0.0314851 	0
0.0268538 	-152.892 	42.4209 	-0.0349854 	0
0.0274251 	-152.823 	42.6607 	-0.038294 	0
0.0279965 	-152.744 	42.8784 	-0.0416649 	0
0.0285678 	-152.664 	43.096 	-0.0450359 	0
0.0291392 	-152.586 	43.3137 	-0.0483483 	0
0.0297106 	-152.507 	43.5116 	-0.0514994 	0
0.0302819 	-152.419 	43.6807 	-0.0546145 	0
0.0308533 	-152.33 	43.8499 	-0.0577296 	0
0.0314246 	-152.242 	44.019 	-0.0608323 	0
0.031996 	-152.161 	44.1826 	-0.0637725 	0
0.0325673 	-152.065 	44.2454 	-0.0665406 	0
0.0331387 	-151.969 	44.3083 	-0.0693087 	0
0.0337101 	-151.873 	44.3711 	-0.0720767 	0
0.0342814 	-151.779 	44.434 	-0.0748168 	0
0.0348528 	-151.691 	44.4931 	-0.077453 	0
0.0354241 	-151.59 	44.4898 	-0.0799222 	0
0.0359955 	-151.489 	44.4865 	-0.0823913 	0
0.0365668 	-151.388 	44.4832 	-0.0848605 	0
0.0371382 	-151.287 	44.4799 	-0.0873296 	0
0.0377095 	-151.192 	44.4767 	-0.0897414 	0
0.0382809 	-151.096 	44.4735 	-0.0920618 	0
0.0388523 	-150.991 	44.47 	-0.0942552 	0
0.0394236 	-150.886 	44.4664 	-0.0964487 	0
0.039995 	-150.782 	44.4629 	-0.0986422 	0
0.0405663 	-150.677 	44.4593 	-0.100836 	0
0.0411377 	-150.575 	44.4558 	-0.103011 	0
0.041709 	-150.479 	44.4525 	-0.105146 	0
0.0422804 	-150.374 	44.4493 	-0.107098 	0
0.0428518 	-150.266 	44.4462 	-0.108995 	0
0.0434231 	-150.159 	44.443 	-0.110891 	0
0.0439945 	-150.051 	44.4399 	-0.112788 	0
0.0445658 	-149.943 	44.4368 	-0.114685 	0
0.0451372 	-149.836 	44.4336 	-0.116582 	0
0.0457085 	-149.737 	44.4307 	-0.118448 	0
0.0462799 	-149.636 	44.4278 	-0.120237 	0
0.0468513 	-149.527 	44.425 	-0.12179 	0
0.0474226 	-149.419 	44.4223 	-0.123343 	0
0.047994 	-149.31 	44.4195 	-0.124896 	0
0.0485653 	-149.202 	44.4168 	-0.126449 	0
0.0491367 	-149.093 	44.414 	-0.128002 	0
0.049708 	-148.984 	44.4112 	-0.129555 	0
0.0502794 	-148.881 	44.4086 	-0.131107 	0
0.0508508 	-148.781 	44.406 	-0.132659 	0
0.0514221 	-148.677 	44.4036 	-0.133979 	0
0.0519935 	-148.57 	44.4012 	-0.135157 	0
0.0525648 	-148.463 	44.3988 	-0.136335 	0
0.0531362 	-148.356 	44.3964 	-0.137513 	0
0.0537075 	-148.249 	44.394 	-0.13869 	0
0.0542789 	-148.141 	44.3917 	-0.139868 	0
0.0548503 	-148.034 	44.3893 	-0.141046 	0
0.0554216 	-147.928 	44.3869 	-0.142225 	0
0.055993 	-147.829 	44.3847 	-0.143431 	0
0.0565643 	-147.73 	44.3825 	-0.144637 	0
0.0571357 	-147.63 	44.3806 	-0.145523 	0
0.057707 	-147.53 	44.3787 	-0.146287 	0
0.0582784 	-147.43 	44.3768 	-0.147052 	0
0.0588497 	-147.33 	44.3749 	-0.147816 	0
0.0594211 	-147.23 	44.373 	-0.14858 	0
0.0599925 	-147.13 	44.3711 	-0.149345 	0
0.0605638 	-147.03 	44.3693 	-0.150109 	0
0.0611352 	-146.93 	44.3674 	-0.150874 	0
0.0617065 	-146.83 	44.3655 	-0.151641 	0
0.0622779 	-146.738 	44.3638 	-0.152461 	0
0.0628492 	-146.645 	44.3621 	-0.153281 	0
0.0634206 	-146.552 	44.3605 	-0.15394 	0
0.063992 	-146.46 	44.3591 	-0.154343 	0
0.0645633 	-146.367 	44.3578 	-0.154746 	0
0.0651347 	-146.274 	44.3564 	-0.155149 	0
0.065706 	-146.182 	44.355 	-0.155553 	0
0.0662774 	-146.089 	44.3536 	-0.155956 	0
0.0668487 	-145.996 	44.3523 	-0.156359 	0
0.0674201 	-145.904 	44.3509 	-0.156762 	0
0.0679915 	-145.811 	44.3495 	-0.157165 	0
0.0685628 	-145.723 	44.3483 	-0.157624 	0
0.0691342 	-145.637 	44.347 	-0.158106 	0
0.0697055 	-145.551 	44.3458 	-0.158571 	0
0.0702769 	-145.465 	44.345 	-0.158676 	0
0.0708482 	-145.379 	44.3442 	-0.158781 	0
0.0714196 	-145.293 	44.3433 	-0.158885 	0
0.071991 	-145.207 	44.3425 	-0.15899 	0
0.0725623 	-145.121 	44.3417 	-0.159095 	0
0.0731337 	-145.035 	44.3408 	-0.1592 	0
0.073705 	-144.949 	44.34 	-0.159304 	0
0.0742764 	-144.866 	44.3392 	-0.159456 	0
0.0748477 	-144.786 	44.3385 	-0.159661 	0
0.0754191 	-144.706 	44.3379 	-0.159813 	0
0.0759905 	-144.63 	44.3377 	-0.159679 	0
0.0765618 	-144.553 	44.3375 	-0.159545 	0
0.0771332 	-144.476 	44.3372 	-0.159411 	0
0.0777045 	-144.4 	44.337 	-0.159277 	0
0.0782759 	-144.323 	44.3368 	-0.159143 	0
0.0788472 	-144.247 	44.3366 	-0.159009 	0
0.0794186 	-144.173 	44.3364 	-0.158937 	0
0.0799899 	-144.101 	44.3363 	-0.158916 	0
0.0805613 	-144.032 	44.3365 	-0.15874 	0
0.0811327 	-143.964 	44.337 	-0.158426 	0
0.081704 	-143.897 	44.3374 	-0.158111 	0
0.0822754 	-143.829 	44.3379 	-0.157797 	0
0.0828467 	-143.761 	44.3383 	-0.157483 	0
0.0834181 	-143.694 	44.3388 	-0.157169 	0
0.0839894 	-143.629 	44.3393 	-0.156948 	0
0.0845608 	-143.566 	44.3399 	-0.156756 	0
0.0851322 	-143.507 	44.3411 	-0.156304 	0
0.0857035 	-143.448 	44.3423 	-0.155853 	0
0.0862749 	-143.388 	44.3435 	-0.155401 	0
0.0868462 	-143.329 	44.3447 	-0.154949 	0
0.0874176 	-143.269 	44.3459 	-0.154498 	0
0.0879889 	-143.214 	44.3472 	-0.154172 	0
0.0885603 	-143.16 	44.3488 	-0.153747 	0
0.0891317 	-143.108 	44.3509 	-0.153192 	0
0.089703 	-143.056 	44.353 	-0.152636 	0
0.0902744 	-143.005 	44.3551 	-0.152081 	0
0.0908457 	-142.953 	44.3572 	-0.151533 	0
0.0914171 	-142.905 	44.3594 	-0.151111 	0
0.0919884 	-142.859 	44.3622 	-0.150538 	0
0.0925598 	-142.814 	44.3653 	-0.149904 	0
0.0931312 	-142.769 	44.3685 	-0.149269 	0
0.0937025 	-142.723 	44.3716 	-0.148635 	0
0.0942739 	-142.681 	44.3748 	-0.148123 	0
0.0948452 	-142.641 	44.3789 	-0.147485 	0
0.0954166 	-142.602 	44.3832 	-0.146792 	0
0.0959879 	-142.563 	44.3876 	-0.146098 	0
0.0965593 	-142.525 	44.392 	-0.145459 	0
0.0971307 	-142.49 	44.397 	-0.144838 	0
0.097702 	-142.456 	44.4029 	-0.144101 	0
0.0982734 	-142.423 	44.4088 	-0.143364 	0
0.0988447 	-142.39 	44.4148 	-0.142691 	0
0.0994161 	-142.36 	44.4217 	-0.141997 	0
0.0999874 	-142.331 	44.4294 	-0.141228 	0
0.100559 	-142.302 	44.4371 	-0.140462 	0
0.10113 	-142.276 	44.4454 	-0.139794 	0
0.101702 	-142.251 	44.4552 	-0.139002 	0
0.102273 	-142.227 	44.465 	-0.138215 	0
0.102844 	-142.204 	44.4757 	-0.137509 	0
0.103416 	-142.183 	44.488 	-0.136701 	0
0.103987 	-142.163 	44.5002 	-0.135956 	0
0.104558 	-142.145 	44.5147 	-0.135163 	0
0.10513 	-142.127 	44.5297 	-0.134368 	0
0.105701 	-142.111 	44.5465 	-0.1336 	0
0.106272 	-142.097 	44.5643 	-0.132802 	0
0.106844 	-142.084 	44.5844 	-0.132018 	0
0.107415 	-142.071 	44.6055 	-0.131251 	0
0.107986 	-142.061 	44.6296 	-0.130427 	0
0.108558 	-142.052 	44.6556 	-0.129654 	0
0.109129 	-142.044 	44.6839 	-0.128877 	0
0.109701 	-142.038 	44.7149 	-0.128099 	0
0.110272 	-142.032 	44.7491 	-0.127316 	0
0.110843 	-142.029 	44.7868 	-0.126551 	0
0.111415 	-142.026 	44.8106 	-0.125895 	0
0.111986 	-142.023 	43.8778 	-0.112274 	0
0.112557 	-142.039 	39.8016 	-0.0618934 	0
0.113129 	-142.069 	33.727 	-0.0212758 	0
0.1137 	-142.095 	1.57337e-10 	-5.24253e-15 	0
