0 	11.8068 	0 	0 	0
0.000571357 	11.6941 	11.7901 	-0.0421603 	0
0.00114271 	11.4709 	12.8308 	-0.10052 	0
0.00171407 	11.2433 	13.5428 	-0.160672 	0
0.00228543 	11.0359 	14.1779 	-0.220712 	0
0.00285678 	10.8524 	14.7997 	-0.280296 	0
0.00342814 	10.693 	15.4341 	-0.338681 	0
0.0039995 	10.5526 	16.0958 	-0.395771 	0
0.00457085 	10.4277 	16.7925 	-0.450857 	0
0.00514221 	10.3122 	17.5339 	-0.504283 	0
0.00571357 	10.203 	18.3205 	-0.55498 	0
0.00628492 	10.0958 	19.1562 	-0.603026 	0
0.00685628 	9.98704 	20.0424 	-0.648128 	0
0.00742764 	9.87361 	20.9776 	-0.689865 	0
0.00799899 	9.75657 	21.9659 	-0.727813 	0
0.00857035 	9.65702 	23.0156 	-0.76192 	0
0.00914171 	9.56734 	24.16 	-0.789961 	0
0.00971307 	9.44976 	25.3907 	-0.812663 	0
0.0102844 	9.28518 	26.6779 	-0.830349 	0
0.0108558 	9.08899 	27.9483 	-0.84378 	0
0.0114271 	8.8734 	29.1794 	-0.854302 	0
0.0119985 	8.65142 	30.394 	-0.861874 	0
0.0125698 	8.46497 	31.421 	-0.865628 	0
0.0131412 	8.18096 	32.9827 	-0.864763 	0
0.0137126 	7.91778 	34.479 	-0.856415 	0
0.0142839 	7.60872 	35.5821 	-0.851639 	0
0.0148553 	7.27318 	35.9627 	-0.858432 	0
0.0154266 	6.93006 	36.2993 	-0.86544 	0
0.015998 	6.5863 	36.6227 	-0.872049 	0
0.0165693 	6.23834 	36.9336 	-0.87827 	0
0.0171407 	5.88623 	37.232 	-0.88408 	0
0.0177121 	5.53014 	37.5197 	-0.889534 	0
0.0182834 	5.1704 	37.799 	-0.894704 	0
0.0188548 	4.81691 	38.0677 	-0.899526 	0
0.0194261 	4.4503 	38.3271 	-0.903991 	0
0.0199975 	4.08106 	38.582 	-0.908279 	0
0.0205688 	3.72031 	38.8222 	-0.912113 	0
0.0211402 	3.34558 	39.0612 	-0.915835 	0
0.0217116 	2.98134 	39.2847 	-0.919112 	0
0.0222829 	2.60536 	39.5092 	-0.922342 	0
0.0228543 	2.23476 	39.7113 	-0.924907 	0
0.0234256 	1.86751 	39.9116 	-0.927437 	0
0.023997 	1.48222 	40.0991 	-0.929463 	0
0.0245683 	1.11301 	40.2647 	-0.931003 	0
0.0251397 	0.743797 	40.4303 	-0.932542 	0
0.0257111 	0.355504 	40.5717 	-0.933174 	0
0.0262824 	-0.0132756 	40.6866 	-0.933256 	0
0.0268538 	-0.382055 	40.8016 	-0.933338 	0
0.0274251 	-0.77136 	40.9065 	-0.932827 	0
0.0279965 	-1.13565 	40.9589 	-0.931191 	0
0.0285678 	-1.49994 	41.0112 	-0.929556 	0
0.0291392 	-1.86424 	41.0636 	-0.92792 	0
0.0297106 	-2.24777 	41.0977 	-0.925226 	0
0.0302819 	-2.60156 	41.0976 	-0.921943 	0
0.0308533 	-2.95536 	41.0976 	-0.91866 	0
0.0314246 	-3.30915 	41.0976 	-0.915377 	0
0.031996 	-3.68732 	41.0989 	-0.91147 	0
0.0325673 	-4.02549 	41.086 	-0.907626 	0
0.0331387 	-4.36366 	41.073 	-0.903781 	0
0.0337101 	-4.70183 	41.0601 	-0.899937 	0
0.0342814 	-5.04 	41.0471 	-0.896092 	0
0.0348528 	-5.40349 	41.0358 	-0.89151 	0
0.0354241 	-5.72576 	41.0427 	-0.887962 	0
0.0359955 	-6.04803 	41.0496 	-0.884414 	0
0.0365668 	-6.3703 	41.0565 	-0.880867 	0
0.0371382 	-6.69256 	41.0634 	-0.877319 	0
0.0377095 	-7.01723 	41.0703 	-0.873698 	0
0.0382809 	-7.35851 	41.0787 	-0.869268 	0
0.0388523 	-7.66444 	41.0897 	-0.865306 	0
0.0394236 	-7.97036 	41.1008 	-0.861344 	0
0.039995 	-8.27629 	41.1118 	-0.857381 	0
0.0405663 	-8.58222 	41.1228 	-0.853419 	0
0.0411377 	-8.88815 	41.1338 	-0.849457 	0
0.041709 	-9.21382 	41.1454 	-0.844839 	0
0.0422804 	-9.51157 	41.1522 	-0.840248 	0
0.0428518 	-9.79729 	41.1576 	-0.83579 	0
0.0434231 	-10.083 	41.163 	-0.831333 	0
0.0439945 	-10.3687 	41.1684 	-0.826876 	0
0.0445658 	-10.6544 	41.1737 	-0.822418 	0
0.0451372 	-10.9401 	41.1791 	-0.817961 	0
0.0457085 	-11.2316 	41.1846 	-0.813281 	0
0.0462799 	-11.5328 	41.1909 	-0.807941 	0
0.0468513 	-11.7959 	41.1976 	-0.803219 	0
0.0474226 	-12.059 	41.2043 	-0.798497 	0
0.047994 	-12.3221 	41.211 	-0.793775 	0
0.0485653 	-12.5852 	41.2177 	-0.789052 	0
0.0491367 	-12.8483 	41.2244 	-0.78433 	0
0.049708 	-13.1114 	41.2311 	-0.779608 	0
0.0502794 	-13.3745 	41.2378 	-0.774885 	0
0.0508508 	-13.6543 	41.2449 	-0.769409 	0
0.0514221 	-13.9107 	41.2514 	-0.764039 	0
0.0519935 	-14.1488 	41.2576 	-0.758918 	0
0.0525648 	-14.3868 	41.2637 	-0.753797 	0
0.0531362 	-14.6248 	41.2698 	-0.748675 	0
0.0537075 	-14.8628 	41.276 	-0.743554 	0
0.0542789 	-15.1008 	41.2821 	-0.738433 	0
0.0548503 	-15.3389 	41.2882 	-0.733312 	0
0.0554216 	-15.5769 	41.2944 	-0.728191 	0
0.055993 	-15.8149 	41.3005 	-0.723069 	0
0.0565643 	-16.0714 	41.3071 	-0.716951 	0
0.0571357 	-16.2901 	41.313 	-0.711457 	0
0.057707 	-16.4944 	41.3186 	-0.706202 	0
0.0582784 	-16.6988 	41.3242 	-0.700947 	0
0.0588497 	-16.9031 	41.3298 	-0.695692 	0
0.0594211 	-17.1074 	41.3355 	-0.690438 	0
0.0599925 	-17.3118 	41.3411 	-0.685183 	0
0.0605638 	-17.5161 	41.3467 	-0.679928 	0
0.0611352 	-17.7205 	41.3523 	-0.674673 	0
0.0617065 	-17.9248 	41.3579 	-0.669418 	0
0.0622779 	-18.1292 	41.3636 	-0.664163 	0
0.0628492 	-18.3452 	41.3695 	-0.658131 	0
0.0634206 	-18.5479 	41.3752 	-0.652206 	0
0.063992 	-18.7256 	41.3805 	-0.646704 	0
0.0645633 	-18.9032 	41.3858 	-0.641202 	0
0.0651347 	-19.0809 	41.3911 	-0.6357 	0
0.065706 	-19.2586 	41.3964 	-0.630198 	0
0.0662774 	-19.4363 	41.4017 	-0.624697 	0
0.0668487 	-19.6139 	41.4069 	-0.619195 	0
0.0674201 	-19.7916 	41.4122 	-0.613693 	0
0.0679915 	-19.9693 	41.4175 	-0.608191 	0
0.0685628 	-20.1469 	41.4228 	-0.602689 	0
0.0691342 	-20.3298 	41.4283 	-0.596754 	0
0.0697055 	-20.5167 	41.4338 	-0.590396 	0
0.0702769 	-20.6747 	41.439 	-0.584539 	0
0.0708482 	-20.8327 	41.4442 	-0.578682 	0
0.0714196 	-20.9907 	41.4494 	-0.572826 	0
0.071991 	-21.1486 	41.4547 	-0.566969 	0
0.0725623 	-21.3066 	41.4599 	-0.561112 	0
0.0731337 	-21.4646 	41.4651 	-0.555256 	0
0.073705 	-21.6226 	41.4703 	-0.549399 	0
0.0742764 	-21.7805 	41.4755 	-0.543542 	0
0.0748477 	-21.942 	41.4808 	-0.537328 	0
0.0754191 	-22.1037 	41.4862 	-0.530725 	0
0.0759905 	-22.2405 	41.4914 	-0.524745 	0
0.0765618 	-22.3773 	41.4965 	-0.518765 	0
0.0771332 	-22.5142 	41.5016 	-0.512785 	0
0.0777045 	-22.651 	41.5068 	-0.506805 	0
0.0782759 	-22.7879 	41.5119 	-0.500826 	0
0.0788472 	-22.9247 	41.5171 	-0.494846 	0
0.0794186 	-23.0615 	41.5222 	-0.488866 	0
0.0799899 	-23.2024 	41.5275 	-0.48237 	0
0.0805613 	-23.3329 	41.5327 	-0.475951 	0
0.0811327 	-23.4519 	41.538 	-0.469875 	0
0.081704 	-23.571 	41.5432 	-0.463799 	0
0.0822754 	-23.69 	41.5484 	-0.457722 	0
0.0828467 	-23.8091 	41.5537 	-0.451646 	0
0.0834181 	-23.9281 	41.5589 	-0.44557 	0
0.0839894 	-24.0472 	41.5641 	-0.439493 	0
0.0845608 	-24.171 	41.5695 	-0.432658 	0
0.0851322 	-24.275 	41.575 	-0.426525 	0
0.0857035 	-24.379 	41.5805 	-0.420393 	0
0.0862749 	-24.4829 	41.5861 	-0.414261 	0
0.0868462 	-24.5869 	41.5916 	-0.408129 	0
0.0874176 	-24.6909 	41.5971 	-0.401997 	0
0.0879889 	-24.7959 	41.6027 	-0.395653 	0
0.0885603 	-24.8965 	41.6085 	-0.38907 	0
0.0891317 	-24.9877 	41.6145 	-0.382891 	0
0.089703 	-25.0788 	41.6206 	-0.376712 	0
0.0902744 	-25.1699 	41.6266 	-0.370533 	0
0.0908457 	-25.2611 	41.6327 	-0.364354 	0
0.0914171 	-25.3537 	41.6387 	-0.357844 	0
0.0919884 	-25.4379 	41.6454 	-0.351434 	0
0.0925598 	-25.518 	41.6522 	-0.345232 	0
0.0931312 	-25.5982 	41.6591 	-0.33903 	0
0.0937025 	-25.6783 	41.6659 	-0.332828 	0
0.0942739 	-25.7594 	41.6728 	-0.326364 	0
0.0948452 	-25.8335 	41.6804 	-0.319942 	0
0.0954166 	-25.9042 	41.6884 	-0.31372 	0
0.0959879 	-25.975 	41.6963 	-0.307498 	0
0.0965593 	-26.0457 	41.7043 	-0.301276 	0
0.0971307 	-26.1147 	41.7128 	-0.294652 	0
0.097702 	-26.1773 	41.7222 	-0.288424 	0
0.0982734 	-26.2398 	41.7316 	-0.282196 	0
0.0988447 	-26.3025 	41.741 	-0.275933 	0
0.0994161 	-26.362 	41.7515 	-0.269393 	0
0.0999874 	-26.4175 	41.7628 	-0.263162 	0
0.100559 	-26.4731 	41.774 	-0.256931 	0
0.10113 	-26.5279 	41.7859 	-0.250404 	0
0.101702 	-26.5774 	41.7994 	-0.244176 	0
0.102273 	-26.6269 	41.8129 	-0.237948 	0
0.102844 	-26.675 	41.8273 	-0.231465 	0
0.103416 	-26.7192 	41.8434 	-0.225243 	0
0.103987 	-26.7637 	41.8595 	-0.218911 	0
0.104558 	-26.8043 	41.8781 	-0.212583 	0
0.10513 	-26.844 	41.8971 	-0.206368 	0
0.105701 	-26.8815 	41.9185 	-0.199991 	0
0.106272 	-26.9173 	41.9412 	-0.193824 	0
0.106844 	-26.9506 	41.9611 	-0.187577 	0
0.107415 	-26.9827 	41.9746 	-0.1813 	0
0.107986 	-27.0097 	41.8624 	-0.173539 	0
0.108558 	-27.035 	41.4652 	-0.16116 	0
0.109129 	-27.0589 	40.678 	-0.142882 	0
0.109701 	-27.0827 	39.4 	-0.1181 	0
0.110272 	-27.1049 	37.8234 	-0.09268 	0
0.110843 	-27.1254 	36.1039 	-0.0696674 	0
0.111415 	-27.1458 	34.2937 	-0.0492657 	0
0.111986 	-27.1659 	32.3366 	-0.0325614 	0
0.112557 	-27.185 	29.9505 	-0.0186682 	0
0.113129 	-27.2014 	26.219 	-0.00750054 	0
0.1137 	-27.2103 	1.12899e-10 	-2.00004e-15 	0
