0 	-110.979 	0 	0 	0
0.000571357 	-111.318 	-4.53066 	-0.0936773 	0
0.00114271 	-111.87 	-3.93927 	-0.207549 	0
0.00171407 	-112.384 	-3.30033 	-0.323399 	0
0.00228543 	-112.825 	-2.61362 	-0.440789 	0
0.00285678 	-113.189 	-1.86988 	-0.558961 	0
0.00342814 	-113.485 	-1.05706 	-0.678599 	0
0.0039995 	-113.724 	-0.167963 	-0.79945 	0
0.00457085 	-113.914 	0.805224 	-0.921624 	0
0.00514221 	-114.064 	1.8719 	-1.04589 	0
0.00571357 	-114.178 	3.03678 	-1.17194 	0
0.00628492 	-114.204 	4.31353 	-1.29962 	0
0.00685628 	-114.118 	5.75564 	-1.42971 	0
0.00742764 	-114.025 	7.39081 	-1.56203 	0
0.00799899 	-113.956 	9.19616 	-1.69444 	0
0.00857035 	-113.883 	11.1212 	-1.82571 	0
0.00914171 	-113.809 	13.1599 	-1.95437 	0
0.00971307 	-113.742 	15.2712 	-2.08031 	0
0.0102844 	-113.709 	17.417 	-2.20248 	0
0.0108558 	-113.701 	19.5464 	-2.32077 	0
0.0114271 	-113.667 	21.6452 	-2.43427 	0
0.0119985 	-113.557 	23.7735 	-2.54219 	0
0.0125698 	-113.41 	25.6159 	-2.62739 	0
0.0131412 	-113.154 	28.4713 	-2.73963 	0
0.0137126 	-112.94 	31.1962 	-2.82659 	0
0.0142839 	-112.765 	34.0863 	-2.90161 	0
0.0148553 	-112.563 	35.5262 	-2.91753 	0
0.0154266 	-112.35 	36.022 	-2.90462 	0
0.015998 	-112.13 	36.5897 	-2.89909 	0
0.0165693 	-111.899 	37.0616 	-2.88657 	0
0.0171407 	-111.665 	37.4884 	-2.87149 	0
0.0177121 	-111.431 	37.8935 	-2.85556 	0
0.0182834 	-111.178 	38.2798 	-2.83866 	0
0.0188548 	-110.924 	38.6401 	-2.82062 	0
0.0194261 	-110.687 	38.9777 	-2.80177 	0
0.0199975 	-110.413 	39.3064 	-2.78256 	0
0.0205688 	-110.172 	39.6089 	-2.76261 	0
0.0211402 	-109.9 	39.9085 	-2.74257 	0
0.0217116 	-109.655 	40.1849 	-2.72212 	0
0.0222829 	-109.369 	40.4616 	-2.70166 	0
0.0228543 	-109.137 	40.7154 	-2.68095 	0
0.0234256 	-108.849 	40.9678 	-2.66019 	0
0.023997 	-108.592 	41.2104 	-2.63948 	0
0.0245683 	-108.334 	41.4394 	-2.61884 	0
0.0251397 	-108.045 	41.6683 	-2.59819 	0
0.0257111 	-107.793 	41.8828 	-2.57748 	0
0.0262824 	-107.534 	42.0844 	-2.55673 	0
0.0268538 	-107.245 	42.2862 	-2.53601 	0
0.0274251 	-106.97 	42.4783 	-2.5151 	0
0.0279965 	-106.743 	42.6342 	-2.49351 	0
0.0285678 	-106.456 	42.7915 	-2.47206 	0
0.0291392 	-106.17 	42.9488 	-2.4506 	0
0.0297106 	-105.912 	43.0737 	-2.42787 	0
0.0302819 	-105.684 	43.1525 	-2.40334 	0
0.0308533 	-105.403 	43.2331 	-2.37902 	0
0.0314246 	-105.123 	43.3137 	-2.35469 	0
0.031996 	-104.846 	43.3899 	-2.33022 	0
0.0325673 	-104.637 	43.3889 	-2.30318 	0
0.0331387 	-104.392 	43.3883 	-2.27626 	0
0.0337101 	-104.127 	43.3878 	-2.24942 	0
0.0342814 	-103.861 	43.3874 	-2.22258 	0
0.0348528 	-103.6 	43.3861 	-2.1958 	0
0.0354241 	-103.405 	43.3712 	-2.17013 	0
0.0359955 	-103.189 	43.3558 	-2.14451 	0
0.0365668 	-102.944 	43.3398 	-2.11896 	0
0.0371382 	-102.7 	43.3238 	-2.09342 	0
0.0377095 	-102.456 	43.3078 	-2.06787 	0
0.0382809 	-102.232 	43.2964 	-2.04311 	0
0.0388523 	-102.051 	43.2944 	-2.01991 	0
0.0394236 	-101.849 	43.2919 	-1.99677 	0
0.039995 	-101.625 	43.2888 	-1.9737 	0
0.0405663 	-101.4 	43.2856 	-1.95062 	0
0.0411377 	-101.176 	43.2825 	-1.92755 	0
0.041709 	-100.952 	43.2793 	-1.90447 	0
0.0422804 	-100.773 	43.2759 	-1.8827 	0
0.0428518 	-100.608 	43.2722 	-1.86132 	0
0.0434231 	-100.419 	43.2681 	-1.84002 	0
0.0439945 	-100.217 	43.2637 	-1.81878 	0
0.0445658 	-100.015 	43.2592 	-1.79753 	0
0.0451372 	-99.8125 	43.2548 	-1.77628 	0
0.0457085 	-99.6105 	43.2503 	-1.75503 	0
0.0462799 	-99.4216 	43.2463 	-1.7342 	0
0.0468513 	-99.2731 	43.2434 	-1.71466 	0
0.0474226 	-99.1246 	43.2406 	-1.69512 	0
0.047994 	-98.9513 	43.2372 	-1.67568 	0
0.0485653 	-98.7721 	43.2336 	-1.65626 	0
0.0491367 	-98.593 	43.23 	-1.63685 	0
0.049708 	-98.4138 	43.2265 	-1.61743 	0
0.0502794 	-98.2347 	43.2229 	-1.59802 	0
0.0508508 	-98.0555 	43.2194 	-1.5786 	0
0.0514221 	-97.9065 	43.2166 	-1.56019 	0
0.0519935 	-97.776 	43.2144 	-1.54241 	0
0.0525648 	-97.6456 	43.2121 	-1.52463 	0
0.0531362 	-97.4945 	43.2094 	-1.50695 	0
0.0537075 	-97.3389 	43.2065 	-1.48929 	0
0.0542789 	-97.1834 	43.2037 	-1.47163 	0
0.0548503 	-97.0278 	43.2009 	-1.45397 	0
0.0554216 	-96.8723 	43.198 	-1.43631 	0
0.055993 	-96.7167 	43.1952 	-1.41865 	0
0.0565643 	-96.5612 	43.1924 	-1.40099 	0
0.0571357 	-96.4394 	43.1904 	-1.3847 	0
0.057707 	-96.3304 	43.1889 	-1.36892 	0
0.0582784 	-96.2214 	43.1873 	-1.35313 	0
0.0588497 	-96.1021 	43.1855 	-1.33741 	0
0.0594211 	-95.9734 	43.1835 	-1.32174 	0
0.0599925 	-95.8448 	43.1814 	-1.30607 	0
0.0605638 	-95.7161 	43.1794 	-1.2904 	0
0.0611352 	-95.5874 	43.1774 	-1.27473 	0
0.0617065 	-95.4588 	43.1754 	-1.25906 	0
0.0622779 	-95.3301 	43.1733 	-1.24338 	0
0.0628492 	-95.2014 	43.1713 	-1.22771 	0
0.0634206 	-95.0869 	43.1697 	-1.21251 	0
0.063992 	-94.9947 	43.1688 	-1.19804 	0
0.0645633 	-94.9026 	43.1678 	-1.18357 	0
0.0651347 	-94.8075 	43.1668 	-1.16912 	0
0.065706 	-94.6997 	43.1655 	-1.15476 	0
0.0662774 	-94.5919 	43.1642 	-1.14039 	0
0.0668487 	-94.4841 	43.1629 	-1.12603 	0
0.0674201 	-94.3763 	43.1616 	-1.11166 	0
0.0679915 	-94.2685 	43.1603 	-1.09729 	0
0.0685628 	-94.1607 	43.159 	-1.08293 	0
0.0691342 	-94.0528 	43.1577 	-1.06856 	0
0.0697055 	-93.9463 	43.1564 	-1.05422 	0
0.0702769 	-93.8667 	43.1561 	-1.04039 	0
0.0708482 	-93.7871 	43.1558 	-1.02655 	0
0.0714196 	-93.7042 	43.1554 	-1.01274 	0
0.071991 	-93.6116 	43.1548 	-0.998998 	0
0.0725623 	-93.5191 	43.1541 	-0.985259 	0
0.0731337 	-93.4265 	43.1535 	-0.97152 	0
0.073705 	-93.3339 	43.1529 	-0.957781 	0
0.0742764 	-93.2414 	43.1523 	-0.944042 	0
0.0748477 	-93.1488 	43.1516 	-0.930304 	0
0.0754191 	-93.0601 	43.1512 	-0.916664 	0
0.0759905 	-92.9923 	43.1515 	-0.903566 	0
0.0765618 	-92.9246 	43.1518 	-0.890467 	0
0.0771332 	-92.8493 	43.152 	-0.877434 	0
0.0777045 	-92.7709 	43.152 	-0.864427 	0
0.0782759 	-92.6926 	43.1521 	-0.85142 	0
0.0788472 	-92.6142 	43.1522 	-0.838413 	0
0.0794186 	-92.5359 	43.1522 	-0.825406 	0
0.0799899 	-92.4575 	43.1523 	-0.812398 	0
0.0805613 	-92.39 	43.1529 	-0.79962 	0
0.0811327 	-92.332 	43.1539 	-0.787045 	0
0.081704 	-92.2705 	43.1548 	-0.774506 	0
0.0822754 	-92.2037 	43.1556 	-0.762018 	0
0.0828467 	-92.1369 	43.1564 	-0.74953 	0
0.0834181 	-92.0701 	43.1572 	-0.737042 	0
0.0839894 	-92.0033 	43.158 	-0.724554 	0
0.0845608 	-91.9365 	43.1588 	-0.712067 	0
0.0851322 	-91.8866 	43.1605 	-0.69989 	0
0.0857035 	-91.8355 	43.1623 	-0.687725 	0
0.0862749 	-91.778 	43.1639 	-0.67563 	0
0.0868462 	-91.7205 	43.1655 	-0.663535 	0
0.0874176 	-91.6631 	43.167 	-0.65144 	0
0.0879889 	-91.6056 	43.1686 	-0.639345 	0
0.0885603 	-91.5544 	43.1707 	-0.627342 	0
0.0891317 	-91.5111 	43.1734 	-0.615455 	0
0.089703 	-91.4626 	43.1759 	-0.603634 	0
0.0902744 	-91.4129 	43.1784 	-0.591827 	0
0.0908457 	-91.3632 	43.1809 	-0.58002 	0
0.0914171 	-91.3136 	43.1834 	-0.568213 	0
0.0919884 	-91.2725 	43.1868 	-0.556511 	0
0.0925598 	-91.2331 	43.1905 	-0.544874 	0
0.0931312 	-91.1899 	43.1941 	-0.533291 	0
0.0937025 	-91.1467 	43.1977 	-0.521708 	0
0.0942739 	-91.1036 	43.2014 	-0.510126 	0
0.0948452 	-91.0678 	43.206 	-0.498612 	0
0.0954166 	-91.0325 	43.211 	-0.487161 	0
0.0959879 	-90.9948 	43.216 	-0.475749 	0
0.0965593 	-90.9571 	43.2209 	-0.464337 	0
0.0971307 	-90.9227 	43.2265 	-0.452947 	0
0.097702 	-90.8926 	43.2331 	-0.441619 	0
0.0982734 	-90.8596 	43.2397 	-0.430343 	0
0.0988447 	-90.8265 	43.2462 	-0.419067 	0
0.0994161 	-90.7978 	43.2539 	-0.407811 	0
0.0999874 	-90.7701 	43.2625 	-0.396615 	0
0.100559 	-90.741 	43.271 	-0.385447 	0
0.10113 	-90.7136 	43.28 	-0.374284 	0
0.101702 	-90.6898 	43.2909 	-0.363166 	0
0.102273 	-90.6642 	43.3016 	-0.352089 	0
0.102844 	-90.6406 	43.3133 	-0.34101 	0
0.103416 	-90.6189 	43.3267 	-0.329977 	0
0.103987 	-90.5961 	43.3401 	-0.318968 	0
0.104558 	-90.5771 	43.3559 	-0.307973 	0
0.10513 	-90.5569 	43.3721 	-0.297034 	0
0.105701 	-90.5393 	43.3903 	-0.28609 	0
0.106272 	-90.5214 	43.4097 	-0.275198 	0
0.106844 	-90.5055 	43.4314 	-0.264291 	0
0.107415 	-90.4894 	43.4541 	-0.25343 	0
0.107986 	-90.4758 	43.4804 	-0.242665 	0
0.108558 	-90.4627 	43.5078 	-0.231853 	0
0.109129 	-90.4496 	43.5117 	-0.220919 	0
0.109701 	-90.4361 	43.3703 	-0.208337 	0
0.110272 	-90.4215 	42.6474 	-0.186203 	0
0.110843 	-90.4115 	40.9967 	-0.149836 	0
0.111415 	-90.4079 	38.7418 	-0.110718 	0
0.111986 	-90.4136 	36.1622 	-0.0753269 	0
0.112557 	-90.4287 	33.2098 	-0.0450704 	0
0.113129 	-90.4535 	28.9023 	-0.0191594 	0
0.1137 	-90.4757 	1.23605e-10 	-4.70708e-15 	0
