0 	-156.582 	0 	0 	0
0.000571357 	-156.756 	-6.53561 	-0.0471733 	0
0.00114271 	-157.065 	-6.02781 	-0.113106 	0
0.00171407 	-157.37 	-5.43498 	-0.182095 	0
0.00228543 	-157.652 	-4.78918 	-0.254409 	0
0.00285678 	-157.902 	-4.09036 	-0.32884 	0
0.00342814 	-158.123 	-3.32891 	-0.407267 	0
0.0039995 	-158.313 	-2.50044 	-0.489004 	0
0.00457085 	-158.474 	-1.59703 	-0.575084 	0
0.00514221 	-158.604 	-0.608103 	-0.66681 	0
0.00571357 	-158.7 	0.472956 	-0.764378 	0
0.00628492 	-158.744 	1.65391 	-0.867858 	0
0.00685628 	-158.698 	2.9703 	-0.978468 	0
0.00742764 	-158.569 	4.49152 	-1.09915 	0
0.00799899 	-158.394 	6.24735 	-1.22906 	0
0.00857035 	-158.179 	8.16865 	-1.36307 	0
0.00914171 	-157.931 	10.2464 	-1.49854 	0
0.00971307 	-157.67 	12.4173 	-1.63351 	0
0.0102844 	-157.431 	14.6359 	-1.7665 	0
0.0108558 	-157.208 	16.8434 	-1.89699 	0
0.0114271 	-156.907 	19.04 	-2.0234 	0
0.0119985 	-156.45 	21.3125 	-2.14315 	0
0.0125698 	-155.973 	23.3043 	-2.23621 	0
0.0131412 	-155.208 	26.3839 	-2.35415 	0
0.0137126 	-154.496 	29.2862 	-2.44326 	0
0.0142839 	-153.736 	32.4803 	-2.52484 	0
0.0148553 	-152.938 	35.2275 	-2.58917 	0
0.0154266 	-152.099 	36.2593 	-2.59964 	0
0.015998 	-151.277 	36.7661 	-2.59114 	0
0.0165693 	-150.442 	37.3007 	-2.58541 	0
0.0171407 	-149.611 	37.7865 	-2.57673 	0
0.0177121 	-148.784 	38.2246 	-2.56546 	0
0.0182834 	-147.942 	38.6342 	-2.55319 	0
0.0188548 	-147.117 	39.0151 	-2.53945 	0
0.0194261 	-146.317 	39.3687 	-2.5244 	0
0.0199975 	-145.479 	39.7117 	-2.50957 	0
0.0205688 	-144.696 	40.0226 	-2.49304 	0
0.0211402 	-143.877 	40.3304 	-2.47701 	0
0.0217116 	-143.11 	40.6113 	-2.45977 	0
0.0222829 	-142.298 	40.8928 	-2.44323 	0
0.0228543 	-141.561 	41.148 	-2.42537 	0
0.0234256 	-140.772 	41.4018 	-2.40829 	0
0.023997 	-140.013 	41.6452 	-2.39085 	0
0.0245683 	-139.287 	41.8738 	-2.37312 	0
0.0251397 	-138.519 	42.1024 	-2.356 	0
0.0257111 	-137.795 	42.3177 	-2.33841 	0
0.0262824 	-137.096 	42.521 	-2.32059 	0
0.0268538 	-136.356 	42.7243 	-2.30338 	0
0.0274251 	-135.634 	42.9196 	-2.28594 	0
0.0279965 	-134.978 	43.0845 	-2.26758 	0
0.0285678 	-134.284 	43.2501 	-2.24981 	0
0.0291392 	-133.577 	43.416 	-2.23227 	0
0.0297106 	-132.905 	43.5518 	-2.21336 	0
0.0302819 	-132.284 	43.6443 	-2.19251 	0
0.0308533 	-131.628 	43.7382 	-2.17226 	0
0.0314246 	-130.96 	43.8325 	-2.15226 	0
0.031996 	-130.296 	43.9219 	-2.13205 	0
0.0325673 	-129.725 	43.9253 	-2.10838 	0
0.0331387 	-129.148 	43.9288 	-2.08479 	0
0.0337101 	-128.534 	43.933 	-2.06191 	0
0.0342814 	-127.92 	43.9372 	-2.03902 	0
0.0348528 	-127.313 	43.9399 	-2.01613 	0
0.0354241 	-126.802 	43.9182 	-1.99309 	0
0.0359955 	-126.291 	43.8966 	-1.97004 	0
0.0365668 	-125.749 	43.8743 	-1.94755 	0
0.0371382 	-125.202 	43.852 	-1.92516 	0
0.0377095 	-124.655 	43.8297 	-1.90277 	0
0.0382809 	-124.139 	43.8117 	-1.88088 	0
0.0388523 	-123.685 	43.8025 	-1.85996 	0
0.0394236 	-123.232 	43.7933 	-1.83904 	0
0.039995 	-122.754 	43.7835 	-1.81856 	0
0.0405663 	-122.269 	43.7734 	-1.79819 	0
0.0411377 	-121.784 	43.7634 	-1.77782 	0
0.041709 	-121.299 	43.7533 	-1.75746 	0
0.0422804 	-120.883 	43.7441 	-1.73792 	0
0.0428518 	-120.486 	43.7352 	-1.71863 	0
0.0434231 	-120.09 	43.7262 	-1.69934 	0
0.0439945 	-119.671 	43.7168 	-1.68046 	0
0.0445658 	-119.248 	43.7072 	-1.66165 	0
0.0451372 	-118.825 	43.6976 	-1.64284 	0
0.0457085 	-118.402 	43.6881 	-1.62403 	0
0.0462799 	-118 	43.679 	-1.60549 	0
0.0468513 	-117.659 	43.6717 	-1.58778 	0
0.0474226 	-117.318 	43.6643 	-1.57007 	0
0.047994 	-116.977 	43.6569 	-1.55236 	0
0.0485653 	-116.616 	43.649 	-1.53501 	0
0.0491367 	-116.253 	43.6411 	-1.51771 	0
0.049708 	-115.89 	43.6332 	-1.5004 	0
0.0502794 	-115.527 	43.6253 	-1.4831 	0
0.0508508 	-115.164 	43.6174 	-1.46579 	0
0.0514221 	-114.848 	43.6107 	-1.44918 	0
0.0519935 	-114.56 	43.6048 	-1.43299 	0
0.0525648 	-114.272 	43.5988 	-1.4168 	0
0.0531362 	-113.985 	43.5929 	-1.40062 	0
0.0537075 	-113.683 	43.5866 	-1.38469 	0
0.0542789 	-113.377 	43.5802 	-1.36885 	0
0.0548503 	-113.071 	43.5738 	-1.353 	0
0.0554216 	-112.765 	43.5674 	-1.33715 	0
0.055993 	-112.459 	43.561 	-1.3213 	0
0.0565643 	-112.153 	43.5546 	-1.30546 	0
0.0571357 	-111.901 	43.5497 	-1.29063 	0
0.057707 	-111.669 	43.5452 	-1.27618 	0
0.0582784 	-111.437 	43.5407 	-1.26173 	0
0.0588497 	-111.206 	43.5363 	-1.24728 	0
0.0594211 	-110.969 	43.5317 	-1.23292 	0
0.0599925 	-110.723 	43.5269 	-1.21875 	0
0.0605638 	-110.477 	43.5221 	-1.20458 	0
0.0611352 	-110.23 	43.5173 	-1.1904 	0
0.0617065 	-109.984 	43.5125 	-1.17623 	0
0.0622779 	-109.738 	43.5077 	-1.16206 	0
0.0628492 	-109.492 	43.5029 	-1.14788 	0
0.0634206 	-109.267 	43.4987 	-1.13404 	0
0.063992 	-109.077 	43.4954 	-1.12072 	0
0.0645633 	-108.887 	43.4922 	-1.1074 	0
0.0651347 	-108.697 	43.4889 	-1.09408 	0
0.065706 	-108.507 	43.4857 	-1.08076 	0
0.0662774 	-108.306 	43.4822 	-1.06767 	0
0.0668487 	-108.104 	43.4786 	-1.05458 	0
0.0674201 	-107.903 	43.4751 	-1.04149 	0
0.0679915 	-107.702 	43.4716 	-1.02841 	0
0.0685628 	-107.5 	43.4681 	-1.01532 	0
0.0691342 	-107.299 	43.4646 	-1.00223 	0
0.0697055 	-107.099 	43.4611 	-0.989153 	0
0.0702769 	-106.939 	43.4589 	-0.976357 	0
0.0708482 	-106.778 	43.4567 	-0.963561 	0
0.0714196 	-106.618 	43.4544 	-0.950766 	0
0.071991 	-106.455 	43.4522 	-0.938011 	0
0.0725623 	-106.285 	43.4497 	-0.925419 	0
0.0731337 	-106.116 	43.4472 	-0.912826 	0
0.073705 	-105.946 	43.4448 	-0.900233 	0
0.0742764 	-105.776 	43.4423 	-0.88764 	0
0.0748477 	-105.606 	43.4399 	-0.875048 	0
0.0754191 	-105.441 	43.4376 	-0.862522 	0
0.0759905 	-105.307 	43.4364 	-0.850363 	0
0.0765618 	-105.173 	43.4351 	-0.838204 	0
0.0771332 	-105.039 	43.4339 	-0.826044 	0
0.0777045 	-104.899 	43.4325 	-0.81403 	0
0.0782759 	-104.757 	43.431 	-0.80205 	0
0.0788472 	-104.615 	43.4296 	-0.790071 	0
0.0794186 	-104.473 	43.4281 	-0.778091 	0
0.0799899 	-104.332 	43.4267 	-0.766112 	0
0.0805613 	-104.205 	43.4259 	-0.754276 	0
0.0811327 	-104.091 	43.4255 	-0.742568 	0
0.081704 	-103.978 	43.4252 	-0.730861 	0
0.0822754 	-103.861 	43.4248 	-0.719252 	0
0.0828467 	-103.741 	43.4243 	-0.707708 	0
0.0834181 	-103.621 	43.4239 	-0.696164 	0
0.0839894 	-103.501 	43.4234 	-0.68462 	0
0.0845608 	-103.382 	43.4229 	-0.673077 	0
0.0851322 	-103.285 	43.4235 	-0.661712 	0
0.0857035 	-103.188 	43.4242 	-0.650347 	0
0.0862749 	-103.089 	43.4248 	-0.63905 	0
0.0868462 	-102.987 	43.4253 	-0.627837 	0
0.0874176 	-102.884 	43.4258 	-0.616623 	0
0.0879889 	-102.782 	43.4263 	-0.60541 	0
0.0885603 	-102.688 	43.4273 	-0.59424 	0
0.0891317 	-102.605 	43.429 	-0.583126 	0
0.089703 	-102.521 	43.4307 	-0.572042 	0
0.0902744 	-102.433 	43.4322 	-0.561071 	0
0.0908457 	-102.345 	43.4338 	-0.5501 	0
0.0914171 	-102.257 	43.4354 	-0.539129 	0
0.0919884 	-102.181 	43.4379 	-0.528195 	0
0.0925598 	-102.108 	43.4408 	-0.517277 	0
0.0931312 	-102.033 	43.4436 	-0.506464 	0
0.0937025 	-101.957 	43.4463 	-0.495682 	0
0.0942739 	-101.881 	43.4491 	-0.484899 	0
0.0948452 	-101.815 	43.453 	-0.474127 	0
0.0954166 	-101.752 	43.4573 	-0.463361 	0
0.0959879 	-101.686 	43.4615 	-0.452724 	0
0.0965593 	-101.62 	43.4657 	-0.442086 	0
0.0971307 	-101.558 	43.4705 	-0.431444 	0
0.097702 	-101.503 	43.4765 	-0.420793 	0
0.0982734 	-101.445 	43.4824 	-0.410255 	0
0.0988447 	-101.388 	43.4883 	-0.399732 	0
0.0994161 	-101.335 	43.4953 	-0.389191 	0
0.0999874 	-101.287 	43.5032 	-0.378671 	0
0.100559 	-101.236 	43.5111 	-0.368241 	0
0.10113 	-101.187 	43.5196 	-0.3578 	0
0.101702 	-101.145 	43.5298 	-0.347338 	0
0.102273 	-101.1 	43.54 	-0.336983 	0
0.102844 	-101.058 	43.5511 	-0.326606 	0
0.103416 	-101.02 	43.5639 	-0.316238 	0
0.103987 	-100.98 	43.5767 	-0.305945 	0
0.104558 	-100.946 	43.5919 	-0.295604 	0
0.10513 	-100.911 	43.6076 	-0.28537 	0
0.105701 	-100.88 	43.6253 	-0.275081 	0
0.106272 	-100.849 	43.6441 	-0.264862 	0
0.106844 	-100.821 	43.6653 	-0.25463 	0
0.107415 	-100.794 	43.6875 	-0.244491 	0
0.107986 	-100.769 	43.713 	-0.234309 	0
0.108558 	-100.746 	43.7408 	-0.224129 	0
0.109129 	-100.725 	43.7635 	-0.21408 	0
0.109701 	-100.704 	43.7156 	-0.203374 	0
0.110272 	-100.682 	43.2578 	-0.186285 	0
0.110843 	-100.666 	41.8349 	-0.153961 	0
0.111415 	-100.66 	39.5865 	-0.114035 	0
0.111986 	-100.66 	36.903 	-0.0773187 	0
0.112557 	-100.672 	33.8376 	-0.04606 	0
0.113129 	-100.695 	29.4335 	-0.0195986 	0
0.1137 	-100.717 	1.27021e-10 	-4.91361e-15 	0
