0 	-46.0281 	0 	0 	0
0.000571357 	-46.4489 	-0.0922315 	-0.115173 	0
0.00114271 	-47.117 	0.600453 	-0.251445 	0
0.00171407 	-47.7321 	1.27163 	-0.389125 	0
0.00228543 	-48.2492 	1.97161 	-0.526837 	0
0.00285678 	-48.6708 	2.72219 	-0.664373 	0
0.00342814 	-49.0075 	3.53772 	-0.801078 	0
0.0039995 	-49.2785 	4.42819 	-0.937007 	0
0.00457085 	-49.4989 	5.4023 	-1.07205 	0
0.00514221 	-49.6838 	6.4646 	-1.20532 	0
0.00571357 	-49.8476 	7.62107 	-1.33717 	0
0.00628492 	-49.9486 	8.87816 	-1.46694 	0
0.00685628 	-49.9279 	10.2777 	-1.5939 	0
0.00742764 	-49.9278 	11.849 	-1.71778 	0
0.00799899 	-50.0084 	13.5575 	-1.83555 	0
0.00857035 	-50.1236 	15.372 	-1.95041 	0
0.00914171 	-50.2822 	17.2717 	-2.05887 	0
0.00971307 	-50.4731 	19.2333 	-2.16413 	0
0.0102844 	-50.7336 	21.1916 	-2.2612 	0
0.0108558 	-51.0441 	23.1008 	-2.35076 	0
0.0114271 	-51.3609 	24.9675 	-2.43351 	0
0.0119985 	-51.6819 	26.857 	-2.50871 	0
0.0125698 	-51.9559 	28.493 	-2.56595 	0
0.0131412 	-52.4042 	31.0065 	-2.63667 	0
0.0137126 	-52.877 	33.3599 	-2.68761 	0
0.0142839 	-53.3894 	34.7897 	-2.70933 	0
0.0148553 	-53.8866 	35.3451 	-2.71017 	0
0.0154266 	-54.3772 	35.8226 	-2.70638 	0
0.015998 	-54.8675 	36.2309 	-2.69856 	0
0.0165693 	-55.3401 	36.6449 	-2.69127 	0
0.0171407 	-55.8111 	37.0358 	-2.6826 	0
0.0177121 	-56.2812 	37.4029 	-2.67276 	0
0.0182834 	-56.7146 	37.7559 	-2.6614 	0
0.0188548 	-57.1497 	38.0886 	-2.64925 	0
0.0194261 	-57.6111 	38.4046 	-2.6374 	0
0.0199975 	-58.0018 	38.7165 	-2.62355 	0
0.0205688 	-58.4477 	39.0055 	-2.61066 	0
0.0211402 	-58.8332 	39.2938 	-2.59621 	0
0.0217116 	-59.2625 	39.5617 	-2.58259 	0
0.0222829 	-59.6135 	39.8316 	-2.56706 	0
0.0228543 	-60.058 	40.0798 	-2.55366 	0
0.0234256 	-60.3893 	40.3289 	-2.53761 	0
0.023997 	-60.7715 	40.5669 	-2.52268 	0
0.0245683 	-61.1493 	40.7912 	-2.50767 	0
0.0251397 	-61.4592 	41.0171 	-2.49121 	0
0.0257111 	-61.8313 	41.2228 	-2.47568 	0
0.0262824 	-62.1874 	41.4131 	-2.4596 	0
0.0268538 	-62.4734 	41.6064 	-2.44218 	0
0.0274251 	-62.7831 	41.7864 	-2.42484 	0
0.0279965 	-63.1762 	41.9163 	-2.40766 	0
0.0285678 	-63.4364 	42.0549 	-2.38828 	0
0.0291392 	-63.6965 	42.1936 	-2.3689 	0
0.0297106 	-63.9993 	42.2966 	-2.34895 	0
0.0302819 	-64.3533 	42.3493 	-2.32804 	0
0.0308533 	-64.5841 	42.4093 	-2.3051 	0
0.0314246 	-64.8148 	42.4692 	-2.28217 	0
0.031996 	-65.0507 	42.5257 	-2.25924 	0
0.0325673 	-65.374 	42.5206 	-2.23652 	0
0.0331387 	-65.6321 	42.516 	-2.21257 	0
0.0337101 	-65.8311 	42.5119 	-2.18751 	0
0.0342814 	-66.03 	42.5078 	-2.16245 	0
0.0348528 	-66.234 	42.5038 	-2.13762 	0
0.0354241 	-66.5154 	42.5017 	-2.11633 	0
0.0359955 	-66.7617 	42.4985 	-2.09437 	0
0.0365668 	-66.9288 	42.4929 	-2.07086 	0
0.0371382 	-67.0959 	42.4873 	-2.04735 	0
0.0377095 	-67.263 	42.4818 	-2.02385 	0
0.0382809 	-67.4549 	42.4811 	-2.00162 	0
0.0388523 	-67.6961 	42.4902 	-1.98192 	0
0.0394236 	-67.9035 	42.4985 	-1.96163 	0
0.039995 	-68.0405 	42.5048 	-1.9401 	0
0.0405663 	-68.1775 	42.5112 	-1.91857 	0
0.0411377 	-68.3145 	42.5176 	-1.89704 	0
0.041709 	-68.4516 	42.524 	-1.87552 	0
0.0422804 	-68.6395 	42.529 	-1.85613 	0
0.0428518 	-68.8425 	42.5337 	-1.83737 	0
0.0434231 	-69.0021 	42.5373 	-1.81793 	0
0.0439945 	-69.112 	42.5399 	-1.79771 	0
0.0445658 	-69.2218 	42.5425 	-1.77748 	0
0.0451372 	-69.3317 	42.5451 	-1.75725 	0
0.0457085 	-69.4416 	42.5477 	-1.73702 	0
0.0462799 	-69.5654 	42.5508 	-1.71745 	0
0.0468513 	-69.7321 	42.5553 	-1.69991 	0
0.0474226 	-69.8989 	42.5598 	-1.68237 	0
0.047994 	-70.0164 	42.5632 	-1.66411 	0
0.0485653 	-70.1014 	42.5658 	-1.64538 	0
0.0491367 	-70.1865 	42.5684 	-1.62664 	0
0.049708 	-70.2715 	42.571 	-1.60791 	0
0.0502794 	-70.3566 	42.5736 	-1.58918 	0
0.0508508 	-70.4416 	42.5763 	-1.57045 	0
0.0514221 	-70.5568 	42.5797 	-1.55318 	0
0.0519935 	-70.6904 	42.5836 	-1.53682 	0
0.0525648 	-70.8241 	42.5875 	-1.52046 	0
0.0531362 	-70.9167 	42.5904 	-1.50356 	0
0.0537075 	-70.9804 	42.5927 	-1.48628 	0
0.0542789 	-71.0441 	42.595 	-1.469 	0
0.0548503 	-71.1078 	42.5973 	-1.45171 	0
0.0554216 	-71.1715 	42.5995 	-1.43443 	0
0.055993 	-71.2352 	42.6018 	-1.41715 	0
0.0565643 	-71.2989 	42.6041 	-1.39987 	0
0.0571357 	-71.3901 	42.6072 	-1.38441 	0
0.057707 	-71.4918 	42.6105 	-1.36964 	0
0.0582784 	-71.5934 	42.6139 	-1.35486 	0
0.0588497 	-71.6809 	42.6169 	-1.33991 	0
0.0594211 	-71.7264 	42.6189 	-1.32443 	0
0.0599925 	-71.772 	42.621 	-1.30894 	0
0.0605638 	-71.8175 	42.623 	-1.29346 	0
0.0611352 	-71.863 	42.6251 	-1.27797 	0
0.0617065 	-71.9086 	42.6271 	-1.26249 	0
0.0622779 	-71.9541 	42.6292 	-1.247 	0
0.0628492 	-71.9996 	42.6312 	-1.23152 	0
0.0634206 	-72.058 	42.6336 	-1.21669 	0
0.063992 	-72.1367 	42.6367 	-1.20292 	0
0.0645633 	-72.2154 	42.6397 	-1.18914 	0
0.0651347 	-72.2942 	42.6428 	-1.17536 	0
0.065706 	-72.3318 	42.6449 	-1.16109 	0
0.0662774 	-72.3656 	42.6469 	-1.14676 	0
0.0668487 	-72.3993 	42.6489 	-1.13244 	0
0.0674201 	-72.433 	42.6509 	-1.11812 	0
0.0679915 	-72.4667 	42.653 	-1.10379 	0
0.0685628 	-72.5004 	42.655 	-1.08947 	0
0.0691342 	-72.5341 	42.657 	-1.07515 	0
0.0697055 	-72.5692 	42.659 	-1.06087 	0
0.0702769 	-72.6327 	42.6621 	-1.04747 	0
0.0708482 	-72.6963 	42.6651 	-1.03407 	0
0.0714196 	-72.7592 	42.6682 	-1.02067 	0
0.071991 	-72.7851 	42.6703 	-1.00685 	0
0.0725623 	-72.811 	42.6725 	-0.993036 	0
0.0731337 	-72.8369 	42.6747 	-0.979221 	0
0.073705 	-72.8628 	42.6768 	-0.965406 	0
0.0742764 	-72.8887 	42.679 	-0.95159 	0
0.0748477 	-72.9146 	42.6811 	-0.937775 	0
0.0754191 	-72.9444 	42.6835 	-0.924117 	0
0.0759905 	-72.9954 	42.6866 	-0.911316 	0
0.0765618 	-73.0464 	42.6897 	-0.898514 	0
0.0771332 	-73.0812 	42.6925 	-0.885539 	0
0.0777045 	-73.1008 	42.6948 	-0.872398 	0
0.0782759 	-73.1203 	42.6972 	-0.859257 	0
0.0788472 	-73.1398 	42.6996 	-0.846116 	0
0.0794186 	-73.1594 	42.702 	-0.832975 	0
0.0799899 	-73.1789 	42.7044 	-0.819834 	0
0.0805613 	-73.2102 	42.7073 	-0.807099 	0
0.0811327 	-73.252 	42.7107 	-0.794728 	0
0.081704 	-73.2879 	42.7139 	-0.782294 	0
0.0822754 	-73.3032 	42.7166 	-0.769637 	0
0.0828467 	-73.3184 	42.7194 	-0.756979 	0
0.0834181 	-73.3336 	42.7221 	-0.744322 	0
0.0839894 	-73.3489 	42.7249 	-0.731664 	0
0.0845608 	-73.3641 	42.7276 	-0.719009 	0
0.0851322 	-73.399 	42.7314 	-0.706973 	0
0.0857035 	-73.4339 	42.7353 	-0.694938 	0
0.0862749 	-73.4462 	42.7385 	-0.682655 	0
0.0868462 	-73.4584 	42.7418 	-0.670369 	0
0.0874176 	-73.4705 	42.745 	-0.658084 	0
0.0879889 	-73.4827 	42.7483 	-0.645799 	0
0.0885603 	-73.5024 	42.7521 	-0.633731 	0
0.0891317 	-73.5319 	42.7565 	-0.621943 	0
0.089703 	-73.548 	42.7607 	-0.610002 	0
0.0902744 	-73.558 	42.7646 	-0.59799 	0
0.0908457 	-73.5679 	42.7686 	-0.585978 	0
0.0914171 	-73.5778 	42.7726 	-0.573966 	0
0.0919884 	-73.5986 	42.7775 	-0.562255 	0
0.0925598 	-73.6207 	42.7827 	-0.550627 	0
0.0931312 	-73.629 	42.7876 	-0.538831 	0
0.0937025 	-73.6372 	42.7925 	-0.527036 	0
0.0942739 	-73.6455 	42.7974 	-0.51524 	0
0.0948452 	-73.6634 	42.8035 	-0.5037 	0
0.0954166 	-73.6794 	42.8098 	-0.492187 	0
0.0959879 	-73.6863 	42.8159 	-0.480555 	0
0.0965593 	-73.6933 	42.822 	-0.468923 	0
0.0971307 	-73.7046 	42.8288 	-0.457406 	0
0.097702 	-73.7208 	42.8367 	-0.446054 	0
0.0982734 	-73.7267 	42.8443 	-0.434556 	0
0.0988447 	-73.7326 	42.8519 	-0.423058 	0
0.0994161 	-73.7445 	42.8607 	-0.411718 	0
0.0999874 	-73.7547 	42.8703 	-0.400403 	0
0.100559 	-73.7598 	42.8798 	-0.38901 	0
0.10113 	-73.7672 	42.8899 	-0.377681 	0
0.101702 	-73.7779 	42.9018 	-0.366483 	0
0.102273 	-73.7824 	42.9135 	-0.355179 	0
0.102844 	-73.7897 	42.9262 	-0.343961 	0
0.103416 	-73.7972 	42.9405 	-0.332798 	0
0.103987 	-73.8011 	42.9548 	-0.321567 	0
0.104558 	-73.8098 	42.9716 	-0.310491 	0
0.10513 	-73.8132 	42.9887 	-0.299313 	0
0.105701 	-73.8204 	43.0079 	-0.288275 	0
0.106272 	-73.8234 	43.028 	-0.277171 	0
0.106844 	-73.8293 	43.0508 	-0.266167 	0
0.107415 	-73.8322 	43.0745 	-0.255096 	0
0.107986 	-73.8366 	43.1019 	-0.24418 	0
0.108558 	-73.8402 	43.1152 	-0.233313 	0
0.109129 	-73.8419 	43.0281 	-0.220924 	0
0.109701 	-73.8403 	42.6457 	-0.203834 	0
0.110272 	-73.8404 	41.5278 	-0.174913 	0
0.110843 	-73.8462 	39.6907 	-0.137559 	0
0.111415 	-73.8535 	37.4958 	-0.101139 	0
0.111986 	-73.8664 	35.0794 	-0.0689452 	0
0.112557 	-73.8863 	32.2818 	-0.041264 	0
0.113129 	-73.9124 	28.117 	-0.0173879 	0
0.1137 	-73.933 	1.19053e-10 	-4.17521e-15 	0
