0 	-213.422 	0 	0 	0
0.000571357 	-213.392 	-0.0215568 	0.0689489 	0
0.00114271 	-213.306 	-1.39504 	0.520765 	0
0.00171407 	-213.332 	-2.66332 	1.13152 	0
0.00228543 	-213.528 	-3.32077 	1.60163 	0
0.00285678 	-213.829 	-3.48922 	1.87315 	0
0.00342814 	-214.148 	-3.39071 	2.00518 	0
0.0039995 	-214.429 	-3.15368 	2.05111 	0
0.00457085 	-214.639 	-2.84427 	2.04712 	0
0.00514221 	-214.768 	-2.49088 	2.01099 	0
0.00571357 	-214.817 	-2.10998 	1.95057 	0
0.00628492 	-214.793 	-1.70909 	1.86948 	0
0.00685628 	-214.703 	-1.29466 	1.76914 	0
0.00742764 	-214.552 	-0.865171 	1.64898 	0
0.00799899 	-214.331 	-0.396737 	1.5048 	0
0.00857035 	-214.043 	0.157091 	1.3282 	0
0.00914171 	-213.686 	0.919383 	1.1098 	0
0.00971307 	-213.317 	2.04034 	0.844511 	0
0.0102844 	-212.987 	3.65944 	0.541506 	0
0.0108558 	-212.673 	5.81359 	0.221016 	0
0.0114271 	-212.312 	8.51524 	-0.0943721 	0
0.0119985 	-211.844 	11.8052 	-0.378889 	0
0.0125698 	-211.278 	15.5482 	-0.592059 	0
0.0131412 	-210.689 	20.3335 	-0.730992 	0
0.0137126 	-210.014 	25.5372 	-0.758557 	0
0.0142839 	-209.486 	30.6092 	-0.739164 	0
0.0148553 	-209.108 	32.5046 	-0.762481 	0
0.0154266 	-208.719 	33.3139 	-0.788424 	0
0.015998 	-208.3 	34.0544 	-0.812285 	0
0.0165693 	-207.858 	34.679 	-0.832754 	0
0.0171407 	-207.398 	35.255 	-0.851656 	0
0.0177121 	-206.907 	35.8135 	-0.869683 	0
0.0182834 	-206.403 	36.3553 	-0.886792 	0
0.0188548 	-205.875 	36.8803 	-0.90304 	0
0.0194261 	-205.326 	37.3883 	-0.91848 	0
0.0199975 	-204.76 	37.8911 	-0.93342 	0
0.0205688 	-204.179 	38.38 	-0.947622 	0
0.0211402 	-203.582 	38.8318 	-0.960457 	0
0.0217116 	-202.969 	39.2202 	-0.971264 	0
0.0222829 	-202.343 	39.5811 	-0.981234 	0
0.0228543 	-201.709 	39.9394 	-0.990834 	0
0.0234256 	-201.073 	40.2984 	-1.00015 	0
0.023997 	-200.419 	40.6496 	-1.00901 	0
0.0245683 	-199.758 	40.9823 	-1.01705 	0
0.0251397 	-199.099 	41.3032 	-1.02455 	0
0.0257111 	-198.423 	41.5835 	-1.0307 	0
0.0262824 	-197.754 	41.8598 	-1.03667 	0
0.0268538 	-197.073 	42.1247 	-1.042 	0
0.0274251 	-196.397 	42.3902 	-1.0473 	0
0.0279965 	-195.711 	42.6574 	-1.05242 	0
0.0285678 	-195.031 	42.9202 	-1.05738 	0
0.0291392 	-194.339 	43.1552 	-1.06115 	0
0.0297106 	-193.657 	43.3912 	-1.06503 	0
0.0302819 	-192.966 	43.5387 	-1.06602 	0
0.0308533 	-192.284 	43.6767 	-1.06683 	0
0.0314246 	-191.604 	43.7901 	-1.06697 	0
0.031996 	-190.93 	43.8748 	-1.06635 	0
0.0325673 	-190.261 	43.9597 	-1.06587 	0
0.0331387 	-189.596 	44.0443 	-1.06484 	0
0.0337101 	-188.936 	44.1292 	-1.06383 	0
0.0342814 	-188.28 	44.2143 	-1.0629 	0
0.0348528 	-187.633 	44.2489 	-1.06008 	0
0.0354241 	-186.99 	44.2838 	-1.05742 	0
0.0359955 	-186.35 	44.3188 	-1.05484 	0
0.0365668 	-185.727 	44.3159 	-1.0509 	0
0.0371382 	-185.108 	44.3102 	-1.04699 	0
0.0377095 	-184.491 	44.3046 	-1.0432 	0
0.0382809 	-183.889 	44.2956 	-1.039 	0
0.0388523 	-183.295 	44.2843 	-1.03457 	0
0.0394236 	-182.705 	44.2732 	-1.03036 	0
0.039995 	-182.117 	44.2618 	-1.02613 	0
0.0405663 	-181.551 	44.2444 	-1.02124 	0
0.0411377 	-180.987 	44.227 	-1.01643 	0
0.041709 	-180.426 	44.2097 	-1.01178 	0
0.0422804 	-179.87 	44.1922 	-1.00704 	0
0.0428518 	-179.335 	44.1737 	-1.00191 	0
0.0434231 	-178.803 	44.1551 	-0.996863 	0
0.0439945 	-178.272 	44.1365 	-0.991957 	0
0.0445658 	-177.741 	44.118 	-0.987052 	0
0.0451372 	-177.238 	44.1115 	-0.982035 	0
0.0457085 	-176.735 	44.1051 	-0.977026 	0
0.0462799 	-176.234 	44.0986 	-0.972217 	0
0.0468513 	-175.734 	44.0922 	-0.967408 	0
0.0474226 	-175.247 	44.0891 	-0.962486 	0
0.047994 	-174.774 	44.0896 	-0.957443 	0
0.0485653 	-174.302 	44.0901 	-0.952471 	0
0.0491367 	-173.831 	44.0906 	-0.947622 	0
0.049708 	-173.359 	44.0912 	-0.942773 	0
0.0502794 	-172.906 	44.09 	-0.937703 	0
0.0508508 	-172.464 	44.0876 	-0.932487 	0
0.0514221 	-172.022 	44.0853 	-0.927332 	0
0.0519935 	-171.581 	44.0831 	-0.922298 	0
0.0525648 	-171.14 	44.0808 	-0.917265 	0
0.0531362 	-170.709 	44.0782 	-0.912141 	0
0.0537075 	-170.297 	44.075 	-0.906838 	0
0.0542789 	-169.886 	44.0719 	-0.901535 	0
0.0548503 	-169.475 	44.0688 	-0.89638 	0
0.0554216 	-169.064 	44.0656 	-0.891245 	0
0.055993 	-168.654 	44.0625 	-0.88611 	0
0.0565643 	-168.262 	44.0598 	-0.880862 	0
0.0571357 	-167.882 	44.0573 	-0.875553 	0
0.057707 	-167.501 	44.0549 	-0.870244 	0
0.0582784 	-167.121 	44.0525 	-0.865087 	0
0.0588497 	-166.74 	44.05 	-0.859931 	0
0.0594211 	-166.36 	44.0476 	-0.854775 	0
0.0599925 	-165.998 	44.0452 	-0.849594 	0
0.0605638 	-165.653 	44.0427 	-0.844386 	0
0.0611352 	-165.308 	44.0403 	-0.839178 	0
0.0617065 	-164.964 	44.0379 	-0.834056 	0
0.0622779 	-164.619 	44.0355 	-0.828986 	0
0.0628492 	-164.274 	44.0331 	-0.823916 	0
0.0634206 	-163.929 	44.0306 	-0.818846 	0
0.063992 	-163.608 	44.0278 	-0.813702 	0
0.0645633 	-163.291 	44.025 	-0.808546 	0
0.0651347 	-162.974 	44.0221 	-0.803391 	0
0.065706 	-162.657 	44.0193 	-0.798359 	0
0.0662774 	-162.339 	44.0164 	-0.793329 	0
0.0668487 	-162.022 	44.0136 	-0.788298 	0
0.0674201 	-161.708 	44.0107 	-0.783237 	0
0.0679915 	-161.411 	44.0078 	-0.778068 	0
0.0685628 	-161.113 	44.0049 	-0.772898 	0
0.0691342 	-160.815 	44.0021 	-0.767794 	0
0.0697055 	-160.516 	43.9992 	-0.762741 	0
0.0702769 	-160.217 	43.9963 	-0.757687 	0
0.0708482 	-159.92 	43.9934 	-0.752634 	0
0.0714196 	-159.644 	43.9911 	-0.74758 	0
0.071991 	-159.367 	43.9887 	-0.742526 	0
0.0725623 	-159.09 	43.9864 	-0.737538 	0
0.0731337 	-158.812 	43.984 	-0.73259 	0
0.073705 	-158.535 	43.9816 	-0.727643 	0
0.0742764 	-158.265 	43.9799 	-0.722702 	0
0.0748477 	-158.006 	43.9793 	-0.717772 	0
0.0754191 	-157.747 	43.9786 	-0.712852 	0
0.0759905 	-157.488 	43.9779 	-0.70802 	0
0.0765618 	-157.228 	43.9773 	-0.703188 	0
0.0771332 	-156.97 	43.9768 	-0.698363 	0
0.0777045 	-156.727 	43.978 	-0.693583 	0
0.0782759 	-156.484 	43.9791 	-0.688805 	0
0.0788472 	-156.24 	43.9803 	-0.684117 	0
0.0794186 	-155.995 	43.9814 	-0.679429 	0
0.0799899 	-155.754 	43.9827 	-0.674741 	0
0.0805613 	-155.524 	43.9843 	-0.670051 	0
0.0811327 	-155.294 	43.9858 	-0.665386 	0
0.081704 	-155.063 	43.9874 	-0.660782 	0
0.0822754 	-154.831 	43.989 	-0.656177 	0
0.0828467 	-154.609 	43.9907 	-0.651607 	0
0.0834181 	-154.391 	43.9924 	-0.64705 	0
0.0839894 	-154.171 	43.9941 	-0.642567 	0
0.0845608 	-153.952 	43.9959 	-0.63809 	0
0.0851322 	-153.738 	43.9977 	-0.633603 	0
0.0857035 	-153.529 	43.9996 	-0.629109 	0
0.0862749 	-153.32 	44.0014 	-0.624682 	0
0.0868462 	-153.11 	44.0033 	-0.620263 	0
0.0874176 	-152.907 	44.0053 	-0.61589 	0
0.0879889 	-152.707 	44.0073 	-0.611546 	0
0.0885603 	-152.506 	44.0093 	-0.607264 	0
0.0891317 	-152.306 	44.0113 	-0.602978 	0
0.089703 	-152.114 	44.0136 	-0.598658 	0
0.0902744 	-151.92 	44.0158 	-0.594383 	0
0.0908457 	-151.727 	44.018 	-0.590131 	0
0.0914171 	-151.54 	44.0202 	-0.585962 	0
0.0919884 	-151.354 	44.0224 	-0.581845 	0
0.0925598 	-151.167 	44.0246 	-0.577762 	0
0.0931312 	-150.986 	44.0164 	-0.573525 	0
0.0937025 	-150.806 	44.0046 	-0.569266 	0
0.0942739 	-150.625 	43.9929 	-0.56504 	0
0.0948452 	-150.45 	43.9081 	-0.559799 	0
0.0954166 	-150.276 	43.8148 	-0.554494 	0
0.0959879 	-150.103 	43.7026 	-0.54897 	0
0.0965593 	-149.938 	43.5373 	-0.542798 	0
0.0971307 	-149.771 	43.3722 	-0.536689 	0
0.097702 	-149.611 	43.2078 	-0.53067 	0
0.0982734 	-149.451 	43.0434 	-0.524734 	0
0.0988447 	-149.296 	42.8795 	-0.518727 	0
0.0994161 	-149.143 	42.7157 	-0.51271 	0
0.0999874 	-148.993 	42.5523 	-0.506782 	0
0.100559 	-148.846 	42.389 	-0.500968 	0
0.10113 	-148.702 	42.227 	-0.495109 	0
0.101702 	-148.56 	42.0661 	-0.48925 	0
0.102273 	-148.422 	41.884 	-0.483521 	0
0.102844 	-148.284 	41.6559 	-0.477403 	0
0.103416 	-148.151 	41.1483 	-0.467978 	0
0.103987 	-148.024 	39.9758 	-0.450087 	0
0.104558 	-147.904 	38.2165 	-0.425324 	0
0.10513 	-147.803 	35.7983 	-0.394274 	0
0.105701 	-147.717 	33.4409 	-0.363931 	0
0.106272 	-147.643 	31.0942 	-0.333652 	0
0.106844 	-147.58 	28.748 	-0.303418 	0
0.107415 	-147.529 	26.401 	-0.273195 	0
0.107986 	-147.488 	24.0536 	-0.242966 	0
0.108558 	-147.455 	21.7052 	-0.212691 	0
0.109129 	-147.431 	19.3544 	-0.182314 	0
0.109701 	-147.415 	16.993 	-0.151377 	0
0.110272 	-147.406 	14.5628 	-0.117217 	0
0.110843 	-147.417 	11.8856 	-0.0670711 	0
0.111415 	-147.444 	9.53261 	-0.0280742 	0
0.111986 	-147.454 	7.58983 	-0.00842474 	0
0.112557 	-147.468 	5.75074 	0.00747042 	0
0.113129 	-147.479 	4.20623 	0.0125506 	0
0.1137 	-147.484 	2.87596 	0.00737327 	0
