0 	-19.0871 	0 	0 	0
0.000571357 	-19.0947 	14.2409 	-0.00550328 	0
0.00114271 	-19.1177 	16.0719 	-0.0166356 	0
0.00171407 	-19.1492 	17.0611 	-0.0301832 	0
0.00228543 	-19.1843 	17.7831 	-0.0448445 	0
0.00285678 	-19.2201 	18.3862 	-0.0599372 	0
0.00342814 	-19.2553 	18.9305 	-0.0751113 	0
0.0039995 	-19.2889 	19.4458 	-0.0900916 	0
0.00457085 	-19.3207 	19.9491 	-0.104705 	0
0.00514221 	-19.3508 	20.4511 	-0.118785 	0
0.00571357 	-19.3794 	20.959 	-0.13226 	0
0.00628492 	-19.4069 	21.4781 	-0.145017 	0
0.00685628 	-19.4334 	22.0119 	-0.156898 	0
0.00742764 	-19.4593 	22.5642 	-0.167848 	0
0.00799899 	-19.4849 	23.1376 	-0.177736 	0
0.00857035 	-19.5106 	23.7345 	-0.186485 	0
0.00914171 	-19.5367 	24.3569 	-0.193902 	0
0.00971307 	-19.5636 	25.0069 	-0.199962 	0
0.0102844 	-19.592 	25.6869 	-0.204563 	0
0.0108558 	-19.6177 	26.4061 	-0.20753 	0
0.0114271 	-19.6361 	27.2342 	-0.207886 	0
0.0119985 	-19.6685 	28.2171 	-0.205208 	0
0.0125698 	-19.721 	29.296 	-0.201519 	0
0.0131412 	-19.7496 	30.3285 	-0.19909 	0
0.0137126 	-19.783 	31.2083 	-0.195256 	0
0.0142839 	-19.8196 	32.1065 	-0.189183 	0
0.0148553 	-19.8571 	33.05 	-0.180477 	0
0.0154266 	-19.8959 	34.0765 	-0.168443 	0
0.015998 	-19.9343 	35.2011 	-0.151869 	0
0.0165693 	-19.9841 	35.8711 	-0.144688 	0
0.0171407 	-20.0366 	36.2394 	-0.14362 	0
0.0177121 	-20.089 	36.5863 	-0.142563 	0
0.0182834 	-20.1433 	36.9175 	-0.141432 	0
0.0188548 	-20.1981 	37.2279 	-0.140189 	0
0.0194261 	-20.2533 	37.5195 	-0.138847 	0
0.0199975 	-20.3093 	37.7986 	-0.137442 	0
0.0205688 	-20.366 	38.0705 	-0.135993 	0
0.0211402 	-20.4235 	38.3384 	-0.134513 	0
0.0217116 	-20.4811 	38.6019 	-0.132991 	0
0.0222829 	-20.5384 	38.8559 	-0.131406 	0
0.0228543 	-20.5981 	39.096 	-0.129758 	0
0.0234256 	-20.6584 	39.3209 	-0.128033 	0
0.023997 	-20.7171 	39.5129 	-0.126152 	0
0.0245683 	-20.7777 	39.6768 	-0.124157 	0
0.0251397 	-20.8393 	39.8218 	-0.122073 	0
0.0257111 	-20.8981 	39.9241 	-0.119822 	0
0.0262824 	-20.9606 	40.0199 	-0.11753 	0
0.0268538 	-21.019 	40.0923 	-0.11515 	0
0.0274251 	-21.0818 	40.1634 	-0.112738 	0
0.0279965 	-21.1401 	40.2288 	-0.110307 	0
0.0285678 	-21.203 	40.2939 	-0.107844 	0
0.0291392 	-21.2612 	40.3554 	-0.10536 	0
0.0297106 	-21.3237 	40.4171 	-0.102851 	0
0.0302819 	-21.3823 	40.4593 	-0.100253 	0
0.0308533 	-21.4422 	40.4993 	-0.0976314 	0
0.0314246 	-21.5032 	40.5231 	-0.0949318 	0
0.031996 	-21.5604 	40.5275 	-0.0921752 	0
0.0325673 	-21.6226 	40.5322 	-0.0893755 	0
0.0331387 	-21.6801 	40.5211 	-0.0865173 	0
0.0337101 	-21.7363 	40.5068 	-0.0836501 	0
0.0342814 	-21.7989 	40.4927 	-0.080717 	0
0.0348528 	-21.8541 	40.4883 	-0.0778354 	0
0.0354241 	-21.9093 	40.484 	-0.0749534 	0
0.0359955 	-21.9708 	40.4798 	-0.0720073 	0
0.0365668 	-22.0253 	40.4808 	-0.0690556 	0
0.0371382 	-22.0794 	40.4821 	-0.0661035 	0
0.0377095 	-22.1385 	40.4835 	-0.0630982 	0
0.0382809 	-22.1941 	40.4819 	-0.0600631 	0
0.0388523 	-22.2468 	40.4782 	-0.0570186 	0
0.0394236 	-22.3013 	40.4746 	-0.0539519 	0
0.039995 	-22.3601 	40.4713 	-0.0508339 	0
0.0405663 	-22.4112 	40.4735 	-0.0477314 	0
0.0411377 	-22.4623 	40.4758 	-0.0446289 	0
0.041709 	-22.5168 	40.4781 	-0.0414856 	0
0.0422804 	-22.573 	40.4821 	-0.0383052 	0
0.0428518 	-22.6224 	40.4942 	-0.0351167 	0
0.0434231 	-22.6719 	40.5063 	-0.0319283 	0
0.0439945 	-22.7243 	40.5184 	-0.028703 	0
0.0445658 	-22.7801 	40.5307 	-0.0254357 	0
0.0451372 	-22.8278 	40.5438 	-0.0221652 	0
0.0457085 	-22.8754 	40.557 	-0.0188947 	0
0.0462799 	-22.9235 	40.5701 	-0.0156181 	0
0.0468513 	-22.9775 	40.5835 	-0.0122637 	0
0.0474226 	-23.0274 	40.5941 	-0.00889272 	0
0.047994 	-23.0728 	40.602 	-0.00550392 	0
0.0485653 	-23.1182 	40.6098 	-0.00211513 	0
0.0491367 	-23.1657 	40.6177 	0.00130346 	0
0.049708 	-23.2176 	40.6257 	0.00478372 	0
0.0502794 	-23.2639 	40.6324 	0.00826784 	0
0.0508508 	-23.3067 	40.6384 	0.0117545 	0
0.0514221 	-23.3495 	40.6443 	0.0152411 	0
0.0519935 	-23.3935 	40.6503 	0.0187472 	0
0.0525648 	-23.4427 	40.6564 	0.022332 	0
0.0531362 	-23.4887 	40.6627 	0.025927 	0
0.0537075 	-23.5285 	40.6697 	0.029542 	0
0.0542789 	-23.5683 	40.6766 	0.033157 	0
0.0548503 	-23.6081 	40.6836 	0.036772 	0
0.0554216 	-23.652 	40.6906 	0.0404559 	0
0.055993 	-23.6982 	40.6977 	0.0441758 	0
0.0565643 	-23.738 	40.7043 	0.0479046 	0
0.0571357 	-23.7743 	40.7106 	0.0516381 	0
0.057707 	-23.8105 	40.7169 	0.0553716 	0
0.0582784 	-23.8468 	40.7232 	0.0591051 	0
0.0588497 	-23.8874 	40.7296 	0.0629146 	0
0.0594211 	-23.93 	40.7361 	0.0667613 	0
0.0599925 	-23.9672 	40.7419 	0.0705886 	0
0.0605638 	-23.9988 	40.7469 	0.0743966 	0
0.0611352 	-24.0304 	40.752 	0.0782046 	0
0.0617065 	-24.062 	40.757 	0.0820127 	0
0.0622779 	-24.0949 	40.7621 	0.0858452 	0
0.0628492 	-24.1329 	40.7673 	0.0897732 	0
0.0634206 	-24.1708 	40.7726 	0.0937012 	0
0.063992 	-24.1995 	40.777 	0.0976396 	0
0.0645633 	-24.2266 	40.7812 	0.10158 	0
0.0651347 	-24.2538 	40.7855 	0.10552 	0
0.065706 	-24.2809 	40.7898 	0.10946 	0
0.0662774 	-24.3117 	40.7942 	0.113473 	0
0.0668487 	-24.3452 	40.7986 	0.117542 	0
0.0674201 	-24.3763 	40.803 	0.12163 	0
0.0679915 	-24.3992 	40.8074 	0.125783 	0
0.0685628 	-24.4221 	40.8117 	0.129936 	0
0.0691342 	-24.445 	40.816 	0.134089 	0
0.0697055 	-24.4694 	40.8204 	0.138277 	0
0.0702769 	-24.4988 	40.8249 	0.142572 	0
0.0708482 	-24.5273 	40.8294 	0.146865 	0
0.0714196 	-24.5454 	40.8345 	0.151146 	0
0.071991 	-24.5636 	40.8396 	0.155426 	0
0.0725623 	-24.5817 	40.8447 	0.159706 	0
0.0731337 	-24.6024 	40.8499 	0.164046 	0
0.073705 	-24.627 	40.8551 	0.168477 	0
0.0742764 	-24.6473 	40.8609 	0.172901 	0
0.0748477 	-24.6608 	40.8674 	0.177313 	0
0.0754191 	-24.6742 	40.8739 	0.181725 	0
0.0759905 	-24.6876 	40.8804 	0.186136 	0
0.0765618 	-24.7074 	40.8871 	0.190705 	0
0.0771332 	-24.7261 	40.8938 	0.195271 	0
0.0777045 	-24.7349 	40.9009 	0.199791 	0
0.0782759 	-24.7438 	40.908 	0.204312 	0
0.0788472 	-24.7526 	40.9151 	0.208832 	0
0.0794186 	-24.7678 	40.9223 	0.213516 	0
0.0799899 	-24.7805 	40.9295 	0.21819 	0
0.0805613 	-24.7849 	40.9361 	0.222818 	0
0.0811327 	-24.7892 	40.9428 	0.227446 	0
0.081704 	-24.7957 	40.9495 	0.232131 	0
0.0822754 	-24.8067 	40.9563 	0.236938 	0
0.0828467 	-24.8096 	40.9628 	0.241681 	0
0.0834181 	-24.8096 	40.9693 	0.246401 	0
0.0839894 	-24.8098 	40.9757 	0.251126 	0
0.0845608 	-24.8164 	40.9823 	0.256033 	0
0.0851322 	-24.817 	40.9888 	0.260886 	0
0.0857035 	-24.8128 	40.9952 	0.265695 	0
0.0862749 	-24.8089 	41.0016 	0.270515 	0
0.0868462 	-24.8114 	41.0081 	0.275521 	0
0.0874176 	-24.8064 	41.0146 	0.280454 	0
0.0879889 	-24.7981 	41.021 	0.285355 	0
0.0885603 	-24.7922 	41.0275 	0.290332 	0
0.0891317 	-24.7894 	41.0338 	0.295423 	0
0.089703 	-24.7771 	41.0387 	0.300385 	0
0.0902744 	-24.7648 	41.0435 	0.305347 	0
0.0908457 	-24.7591 	41.0483 	0.310511 	0
0.0914171 	-24.7452 	41.0415 	0.315494 	0
0.0919884 	-24.7293 	41.0317 	0.320429 	0
0.0925598 	-24.7188 	41.0216 	0.325544 	0
0.0931312 	-24.7019 	40.9742 	0.330341 	0
0.0937025 	-24.6821 	40.913 	0.335005 	0
0.0942739 	-24.6684 	40.8508 	0.339857 	0
0.0948452 	-24.6467 	40.7178 	0.343945 	0
0.0954166 	-24.6252 	40.5759 	0.347972 	0
0.0959879 	-24.6069 	40.4248 	0.352013 	0
0.0965593 	-24.582 	40.2508 	0.355669 	0
0.0971307 	-24.5614 	40.0768 	0.359529 	0
0.097702 	-24.5335 	39.9131 	0.363802 	0
0.0982734 	-24.5061 	39.7518 	0.368195 	0
0.0988447 	-24.4794 	39.5826 	0.371869 	0
0.0994161 	-24.4519 	39.4089 	0.375 	0
0.0999874 	-24.421 	39.0681 	0.382139 	0
0.100559 	-24.3822 	38.5633 	0.39306 	0
0.10113 	-24.3565 	37.6696 	0.411794 	0
0.101702 	-24.3405 	36.4586 	0.436687 	0
0.102273 	-24.3512 	34.9918 	0.457201 	0
0.102844 	-24.3725 	33.4293 	0.475379 	0
0.103416 	-24.3793 	31.9575 	0.481126 	0
0.103987 	-24.3841 	30.469 	0.483362 	0
0.104558 	-24.3862 	28.974 	0.482106 	0
0.10513 	-24.3922 	27.4522 	0.477203 	0
0.105701 	-24.4089 	25.9317 	0.468504 	0
0.106272 	-24.4333 	24.4312 	0.456011 	0
0.106844 	-24.4624 	22.9736 	0.439399 	0
0.107415 	-24.4932 	21.5809 	0.418758 	0
0.107986 	-24.526 	20.2678 	0.394334 	0
0.108558 	-24.564 	19.0455 	0.366271 	0
0.109129 	-24.604 	17.9334 	0.334778 	0
0.109701 	-24.6226 	16.9426 	0.300342 	0
0.110272 	-24.615 	16.0228 	0.263955 	0
0.110843 	-24.59 	15.1648 	0.226353 	0
0.111415 	-24.5488 	14.3552 	0.187863 	0
0.111986 	-24.4894 	13.5729 	0.148787 	0
0.112557 	-24.4102 	12.7872 	0.109429 	0
0.113129 	-24.3134 	11.9274 	0.0702056 	0
0.1137 	-24.2102 	10.7376 	0.0318625 	0
