0.0131412 	-172.657 	20.9226 	-0.0187758 	0
0.0137126 	-172.635 	25.1602 	-0.0426009 	0
0.0142839 	-172.564 	28.3011 	-0.05716 	0
0.0148553 	-172.46 	31.2491 	-0.0616974 	0
0.0154266 	-172.325 	33.6231 	-0.0633937 	0
0.015998 	-172.167 	34.9789 	-0.0759084 	0
0.0165693 	-171.994 	35.8448 	-0.0916052 	0
0.0171407 	-171.8 	36.5544 	-0.107155 	0
0.0177121 	-171.589 	37.1805 	-0.122105 	0
0.0182834 	-171.369 	37.7477 	-0.136417 	0
0.0188548 	-171.124 	38.2557 	-0.150398 	0
0.0194261 	-170.854 	38.7181 	-0.16399 	0
0.0199975 	-170.602 	39.1616 	-0.176816 	0
0.0205688 	-170.299 	39.5528 	-0.189418 	0
0.0211402 	-170.022 	39.9389 	-0.201401 	0
0.0217116 	-169.696 	40.2832 	-0.213083 	0
0.0222829 	-169.407 	40.6288 	-0.224282 	0
0.0228543 	-169.061 	40.935 	-0.235015 	0
0.0234256 	-168.741 	41.2394 	-0.245406 	0
0.023997 	-168.408 	41.5287 	-0.255435 	0
0.0245683 	-168.044 	41.7965 	-0.265065 	0
0.0251397 	-167.715 	42.0654 	-0.274431 	0
0.0257111 	-167.358 	42.3173 	-0.283354 	0
0.0262824 	-166.977 	42.5538 	-0.291876 	0
0.0268538 	-166.63 	42.7912 	-0.30022 	0
0.0274251 	-166.275 	43.0226 	-0.30838 	0
0.0279965 	-165.882 	43.2307 	-0.315852 	0
0.0285678 	-165.504 	43.4392 	-0.323281 	0
0.0291392 	-165.144 	43.6482 	-0.330657 	0
0.0297106 	-164.766 	43.8358 	-0.337471 	0
0.0302819 	-164.364 	43.9925 	-0.343479 	0
0.0308533 	-163.973 	44.1496 	-0.349486 	0
0.0314246 	-163.601 	44.3074 	-0.355491 	0
0.031996 	-163.228 	44.4594 	-0.361395 	0
0.0325673 	-162.825 	44.5104 	-0.365539 	0
0.0331387 	-162.423 	44.5614 	-0.369683 	0
0.0337101 	-162.041 	44.6132 	-0.373905 	0
0.0342814 	-161.666 	44.6652 	-0.378155 	0
0.0348528 	-161.29 	44.7134 	-0.382312 	0
0.0354241 	-160.902 	44.7024 	-0.385042 	0
0.0359955 	-160.513 	44.6913 	-0.387771 	0
0.0365668 	-160.134 	44.6805 	-0.390569 	0
0.0371382 	-159.769 	44.6701 	-0.393468 	0
0.0377095 	-159.404 	44.6596 	-0.396368 	0
0.0382809 	-159.037 	44.6495 	-0.398889 	0
0.0388523 	-158.667 	44.64 	-0.400662 	0
0.0394236 	-158.296 	44.6306 	-0.402436 	0
0.039995 	-157.931 	44.6212 	-0.404264 	0
0.0405663 	-157.58 	44.6122 	-0.406229 	0
0.0411377 	-157.23 	44.6031 	-0.408194 	0
0.041709 	-156.879 	44.5941 	-0.410159 	0
0.0422804 	-156.53 	44.5854 	-0.411289 	0
0.0428518 	-156.18 	44.5769 	-0.412171 	0
0.0434231 	-155.831 	44.5684 	-0.413053 	0
0.0439945 	-155.486 	44.5599 	-0.413992 	0
0.0445658 	-155.153 	44.5518 	-0.41508 	0
0.0451372 	-154.821 	44.5436 	-0.416169 	0
0.0457085 	-154.489 	44.5355 	-0.417257 	0
0.0462799 	-154.158 	44.5275 	-0.418077 	0
0.0468513 	-153.834 	44.5199 	-0.418076 	0
0.0474226 	-153.511 	44.5123 	-0.418075 	0
0.047994 	-153.187 	44.5047 	-0.418074 	0
0.0485653 	-152.866 	44.4972 	-0.418124 	0
0.0491367 	-152.557 	44.49 	-0.41834 	0
0.049708 	-152.247 	44.4827 	-0.418556 	0
0.0502794 	-151.937 	44.4754 	-0.418771 	0
0.0508508 	-151.628 	44.4682 	-0.418987 	0
0.0514221 	-151.328 	44.4614 	-0.418563 	0
0.0519935 	-151.033 	44.4548 	-0.417745 	0
0.0525648 	-150.739 	44.4482 	-0.416926 	0
0.0531362 	-150.445 	44.4417 	-0.416108 	0
0.0537075 	-150.151 	44.4351 	-0.415294 	0
0.0542789 	-149.868 	44.4288 	-0.414696 	0
0.0548503 	-149.585 	44.4225 	-0.414098 	0
0.0554216 	-149.303 	44.4162 	-0.413501 	0
0.055993 	-149.02 	44.4099 	-0.412903 	0
0.0565643 	-148.737 	44.4036 	-0.412305 	0
0.0571357 	-148.475 	44.398 	-0.411032 	0
0.057707 	-148.221 	44.3927 	-0.409506 	0
0.0582784 	-147.967 	44.3873 	-0.40798 	0
0.0588497 	-147.712 	44.382 	-0.406453 	0
0.0594211 	-147.458 	44.3767 	-0.404927 	0
0.0599925 	-147.208 	44.3714 	-0.403499 	0
0.0605638 	-146.963 	44.3663 	-0.402187 	0
0.0611352 	-146.717 	44.3612 	-0.400876 	0
0.0617065 	-146.472 	44.3561 	-0.399564 	0
0.0622779 	-146.227 	44.3509 	-0.398252 	0
0.0628492 	-145.981 	44.3458 	-0.396941 	0
0.0634206 	-145.745 	44.341 	-0.395316 	0
0.063992 	-145.525 	44.3368 	-0.393192 	0
0.0645633 	-145.304 	44.3325 	-0.391069 	0
0.0651347 	-145.083 	44.3283 	-0.388945 	0
0.065706 	-144.862 	44.3241 	-0.386822 	0
0.0662774 	-144.642 	44.3199 	-0.384723 	0
0.0668487 	-144.428 	44.3158 	-0.382811 	0
0.0674201 	-144.214 	44.3117 	-0.380898 	0
0.0679915 	-144 	44.3076 	-0.378985 	0
0.0685628 	-143.787 	44.3036 	-0.377072 	0
0.0691342 	-143.573 	44.2995 	-0.375159 	0
0.0697055 	-143.36 	44.2954 	-0.373213 	0
0.0702769 	-143.165 	44.2922 	-0.370578 	0
0.0708482 	-142.97 	44.2889 	-0.367944 	0
0.0714196 	-142.775 	44.2857 	-0.365309 	0
0.071991 	-142.58 	44.2824 	-0.362675 	0
0.0725623 	-142.387 	44.2792 	-0.360135 	0
0.0731337 	-142.198 	44.2761 	-0.357711 	0
0.073705 	-142.008 	44.2729 	-0.355286 	0
0.0742764 	-141.819 	44.2698 	-0.352862 	0
0.0748477 	-141.63 	44.2666 	-0.350438 	0
0.0754191 	-141.444 	44.2637 	-0.347931 	0
0.0759905 	-141.276 	44.2614 	-0.344976 	0
0.0765618 	-141.107 	44.2592 	-0.34202 	0
0.0771332 	-140.939 	44.2569 	-0.339065 	0
0.0777045 	-140.772 	44.2547 	-0.33614 	0
0.0782759 	-140.608 	44.2525 	-0.333389 	0
0.0788472 	-140.444 	44.2504 	-0.330638 	0
0.0794186 	-140.281 	44.2482 	-0.327887 	0
0.0799899 	-140.117 	44.2461 	-0.325136 	0
0.0805613 	-139.963 	44.2444 	-0.322156 	0
0.0811327 	-139.818 	44.2431 	-0.318972 	0
0.081704 	-139.673 	44.2419 	-0.315788 	0
0.0822754 	-139.527 	44.2406 	-0.31261 	0
0.0828467 	-139.386 	44.2394 	-0.309625 	0
0.0834181 	-139.244 	44.2382 	-0.306641 	0
0.0839894 	-139.102 	44.2371 	-0.303656 	0
0.0845608 	-138.961 	44.2359 	-0.300671 	0
0.0851322 	-138.835 	44.2356 	-0.297322 	0
0.0857035 	-138.709 	44.2354 	-0.293973 	0
0.0862749 	-138.583 	44.2351 	-0.290625 	0
0.0868462 	-138.46 	44.235 	-0.287462 	0
0.0874176 	-138.337 	44.2348 	-0.284309 	0
0.0879889 	-138.214 	44.2346 	-0.281156 	0
0.0885603 	-138.097 	44.2349 	-0.277865 	0
0.0891317 	-137.988 	44.2357 	-0.274397 	0
0.089703 	-137.879 	44.2366 	-0.270929 	0
0.0902744 	-137.771 	44.2375 	-0.26761 	0
0.0908457 	-137.665 	44.2384 	-0.264335 	0
0.0914171 	-137.558 	44.2393 	-0.261059 	0
0.0919884 	-137.46 	44.241 	-0.257583 	0
0.0925598 	-137.364 	44.2431 	-0.254028 	0
0.0931312 	-137.27 	44.2452 	-0.250547 	0
0.0937025 	-137.177 	44.2473 	-0.247181 	0
0.0942739 	-137.085 	44.2494 	-0.243816 	0
0.0948452 	-136.999 	44.2525 	-0.240268 	0
0.0954166 	-136.916 	44.256 	-0.236649 	0
0.0959879 	-136.835 	44.2596 	-0.233161 	0
0.0965593 	-136.754 	44.2631 	-0.22973 	0
0.0971307 	-136.676 	44.2672 	-0.226214 	0
0.097702 	-136.604 	44.2724 	-0.22255 	0
0.0982734 	-136.533 	44.2776 	-0.218997 	0
0.0988447 	-136.462 	44.2828 	-0.215519 	0
0.0994161 	-136.396 	44.289 	-0.211917 	0
0.0999874 	-136.333 	44.2961 	-0.208226 	0
0.100559 	-136.271 	44.3033 	-0.204714 	0
0.10113 	-136.211 	44.3109 	-0.201151 	0
0.101702 	-136.156 	44.3203 	-0.197433 	0
0.102273 	-136.102 	44.3296 	-0.193882 	0
0.102844 	-136.05 	44.3399 	-0.190277 	0
0.103416 	-136.002 	44.3518 	-0.18658 	0
0.103987 	-135.955 	44.3637 	-0.183031 	0
0.104558 	-135.912 	44.3779 	-0.179323 	0
0.10513 	-135.871 	44.3926 	-0.175733 	0
0.105701 	-135.832 	44.4093 	-0.172058 	0
0.106272 	-135.796 	44.427 	-0.168452 	0
0.106844 	-135.763 	44.447 	-0.16476 	0
0.107415 	-135.731 	44.4681 	-0.16118 	0
0.107986 	-135.703 	44.4923 	-0.157508 	0
0.108558 	-135.677 	44.5184 	-0.153852 	0
0.109129 	-135.653 	44.5469 	-0.150236 	0
0.109701 	-135.632 	44.5783 	-0.146605 	0
0.110272 	-135.613 	44.6113 	-0.143045 	0
0.110843 	-135.596 	44.5669 	-0.138826 	0
0.111415 	-135.579 	43.822 	-0.125045 	0
0.111986 	-135.577 	41.0318 	-0.0840137 	0
0.112557 	-135.586 	37.1543 	-0.045742 	0
0.113129 	-135.608 	32.0289 	-0.0179052 	0
0.1137 	-135.628 	1.43788e-10 	-4.63655e-15 	0
