0 	-32.0759 	0 	0 	0
0.000571357 	-32.4867 	1.22807 	-0.113639 	0
0.00114271 	-33.1416 	1.94629 	-0.248288 	0
0.00171407 	-33.7457 	2.62184 	-0.384198 	0
0.00228543 	-34.2549 	3.31922 	-0.519944 	0
0.00285678 	-34.6713 	4.06302 	-0.655134 	0
0.00342814 	-35.0063 	4.86984 	-0.789456 	0
0.0039995 	-35.2784 	5.74851 	-0.922445 	0
0.00457085 	-35.5036 	6.7081 	-1.0541 	0
0.00514221 	-35.6959 	7.75358 	-1.18348 	0
0.00571357 	-35.8704 	8.89093 	-1.31101 	0
0.00628492 	-36.0039 	10.1232 	-1.43584 	0
0.00685628 	-36.026 	11.4814 	-1.55679 	0
0.00742764 	-36.0441 	13.0047 	-1.67375 	0
0.00799899 	-36.1466 	14.6695 	-1.78422 	0
0.00857035 	-36.3008 	16.4311 	-1.88972 	0
0.00914171 	-36.4998 	18.2832 	-1.98996 	0
0.00971307 	-36.7464 	20.1803 	-2.08471 	0
0.0102844 	-37.061 	22.0689 	-2.17138 	0
0.0108558 	-37.4269 	23.9088 	-2.25126 	0
0.0114271 	-37.8165 	25.6946 	-2.32309 	0
0.0119985 	-38.2185 	27.5082 	-2.38793 	0
0.0125698 	-38.5654 	29.0817 	-2.43681 	0
0.0131412 	-39.1228 	31.5035 	-2.49642 	0
0.0137126 	-39.6857 	33.7499 	-2.53917 	0
0.0142839 	-40.2849 	34.8349 	-2.55385 	0
0.0148553 	-40.879 	35.3359 	-2.55526 	0
0.0154266 	-41.4703 	35.7588 	-2.5515 	0
0.015998 	-42.0517 	36.1773 	-2.54778 	0
0.0165693 	-42.6284 	36.5808 	-2.54309 	0
0.0171407 	-43.1995 	36.957 	-2.53679 	0
0.0177121 	-43.765 	37.3142 	-2.52955 	0
0.0182834 	-44.3255 	37.6572 	-2.52161 	0
0.0188548 	-44.8659 	37.9835 	-2.51217 	0
0.0194261 	-45.4108 	38.2945 	-2.50271 	0
0.0199975 	-45.9427 	38.6 	-2.49257 	0
0.0205688 	-46.4671 	38.8857 	-2.48184 	0
0.0211402 	-46.9908 	39.1689 	-2.47104 	0
0.0217116 	-47.493 	39.4348 	-2.45929 	0
0.0222829 	-47.989 	39.701 	-2.44729 	0
0.0228543 	-48.4893 	39.9475 	-2.43553 	0
0.0234256 	-48.9655 	40.1937 	-2.42286 	0
0.023997 	-49.4594 	40.4285 	-2.41082 	0
0.0245683 	-49.9135 	40.6509 	-2.39745 	0
0.0251397 	-50.3676 	40.8733 	-2.38409 	0
0.0257111 	-50.8399 	41.0747 	-2.37098 	0
0.0262824 	-51.2686 	41.262 	-2.35629 	0
0.0268538 	-51.6973 	41.4492 	-2.34159 	0
0.0274251 	-52.142 	41.6219 	-2.32701 	0
0.0279965 	-52.5556 	41.7499 	-2.31033 	0
0.0285678 	-52.9551 	41.8794 	-2.29326 	0
0.0291392 	-53.3545 	42.0088 	-2.27618 	0
0.0297106 	-53.7804 	42.103 	-2.25876 	0
0.0302819 	-54.1445 	42.155 	-2.23801 	0
0.0308533 	-54.5085 	42.207 	-2.21726 	0
0.0314246 	-54.8726 	42.259 	-2.19651 	0
0.031996 	-55.2399 	42.3078 	-2.17583 	0
0.0325673 	-55.6028 	42.3023 	-2.15434 	0
0.0331387 	-55.9262 	42.2972 	-2.13162 	0
0.0337101 	-56.2495 	42.2921 	-2.10889 	0
0.0342814 	-56.5728 	42.287 	-2.08616 	0
0.0348528 	-56.8993 	42.2822 	-2.0637 	0
0.0354241 	-57.224 	42.2816 	-2.04377 	0
0.0359955 	-57.5053 	42.2795 	-2.02248 	0
0.0365668 	-57.7867 	42.2774 	-2.0012 	0
0.0371382 	-58.068 	42.2753 	-1.97991 	0
0.0377095 	-58.3494 	42.2732 	-1.95863 	0
0.0382809 	-58.6471 	42.2757 	-1.93871 	0
0.0388523 	-58.9114 	42.2854 	-1.91966 	0
0.0394236 	-59.1526 	42.2945 	-1.89996 	0
0.039995 	-59.3938 	42.3036 	-1.88026 	0
0.0405663 	-59.635 	42.3127 	-1.86056 	0
0.0411377 	-59.8762 	42.3218 	-1.84086 	0
0.041709 	-60.1174 	42.3309 	-1.82116 	0
0.0422804 	-60.3851 	42.3378 	-1.80361 	0
0.0428518 	-60.5881 	42.3424 	-1.78485 	0
0.0434231 	-60.7911 	42.347 	-1.7661 	0
0.0439945 	-60.9941 	42.3516 	-1.74735 	0
0.0445658 	-61.1971 	42.3562 	-1.72859 	0
0.0451372 	-61.4002 	42.3608 	-1.70984 	0
0.0457085 	-61.6032 	42.3654 	-1.69108 	0
0.0462799 	-61.8155 	42.3705 	-1.67305 	0
0.0468513 	-62.0219 	42.3759 	-1.65644 	0
0.0474226 	-62.1886 	42.3804 	-1.6389 	0
0.047994 	-62.3553 	42.3849 	-1.62135 	0
0.0485653 	-62.5221 	42.3894 	-1.60381 	0
0.0491367 	-62.6888 	42.3939 	-1.58627 	0
0.049708 	-62.8555 	42.3984 	-1.56873 	0
0.0502794 	-63.0223 	42.4029 	-1.55118 	0
0.0508508 	-63.189 	42.4074 	-1.53364 	0
0.0514221 	-63.3755 	42.4125 	-1.51769 	0
0.0519935 	-63.5274 	42.4168 	-1.50172 	0
0.0525648 	-63.661 	42.4207 	-1.48536 	0
0.0531362 	-63.7947 	42.4246 	-1.469 	0
0.0537075 	-63.9284 	42.4285 	-1.45264 	0
0.0542789 	-64.0621 	42.4324 	-1.43628 	0
0.0548503 	-64.1957 	42.4363 	-1.41992 	0
0.0554216 	-64.3294 	42.4402 	-1.40356 	0
0.055993 	-64.4631 	42.4441 	-1.38721 	0
0.0565643 	-64.5968 	42.448 	-1.37085 	0
0.0571357 	-64.7466 	42.4524 	-1.35643 	0
0.057707 	-64.8646 	42.4561 	-1.34198 	0
0.0582784 	-64.9662 	42.4594 	-1.32721 	0
0.0588497 	-65.0679 	42.4628 	-1.31243 	0
0.0594211 	-65.1695 	42.4661 	-1.29766 	0
0.0599925 	-65.2711 	42.4695 	-1.28289 	0
0.0605638 	-65.3728 	42.4728 	-1.26812 	0
0.0611352 	-65.4744 	42.4761 	-1.25334 	0
0.0617065 	-65.5761 	42.4795 	-1.23857 	0
0.0622779 	-65.6777 	42.4828 	-1.2238 	0
0.0628492 	-65.7794 	42.4862 	-1.20903 	0
0.0634206 	-65.8898 	42.4898 	-1.19497 	0
0.063992 	-65.9979 	42.4936 	-1.18175 	0
0.0645633 	-66.0766 	42.4966 	-1.16797 	0
0.0651347 	-66.1553 	42.4997 	-1.15419 	0
0.065706 	-66.2341 	42.5027 	-1.14041 	0
0.0662774 	-66.3128 	42.5058 	-1.12664 	0
0.0668487 	-66.3915 	42.5088 	-1.11286 	0
0.0674201 	-66.4702 	42.5119 	-1.09908 	0
0.0679915 	-66.549 	42.5149 	-1.08531 	0
0.0685628 	-66.6277 	42.518 	-1.07153 	0
0.0691342 	-66.7064 	42.5211 	-1.05775 	0
0.0697055 	-66.7863 	42.5242 	-1.04402 	0
0.0702769 	-66.8835 	42.528 	-1.03124 	0
0.0708482 	-66.947 	42.531 	-1.01784 	0
0.0714196 	-67.0105 	42.5341 	-1.00445 	0
0.071991 	-67.0741 	42.5371 	-0.991049 	0
0.0725623 	-67.1376 	42.5402 	-0.977651 	0
0.0731337 	-67.2011 	42.5432 	-0.964254 	0
0.073705 	-67.2647 	42.5462 	-0.950856 	0
0.0742764 	-67.3282 	42.5493 	-0.937459 	0
0.0748477 	-67.3917 	42.5523 	-0.924061 	0
0.0754191 	-67.4585 	42.5555 	-0.91085 	0
0.0759905 	-67.5305 	42.5591 	-0.89843 	0
0.0765618 	-67.5815 	42.5623 	-0.885629 	0
0.0771332 	-67.6325 	42.5654 	-0.872827 	0
0.0777045 	-67.6835 	42.5685 	-0.860026 	0
0.0782759 	-67.7344 	42.5716 	-0.847224 	0
0.0788472 	-67.7854 	42.5748 	-0.834422 	0
0.0794186 	-67.8364 	42.5779 	-0.821621 	0
0.0799899 	-67.8874 	42.581 	-0.808819 	0
0.0805613 	-67.9487 	42.5846 	-0.796524 	0
0.0811327 	-67.9949 	42.5881 	-0.784235 	0
0.081704 	-68.0367 	42.5915 	-0.771865 	0
0.0822754 	-68.0785 	42.5949 	-0.759494 	0
0.0828467 	-68.1204 	42.5982 	-0.747123 	0
0.0834181 	-68.1622 	42.6016 	-0.734752 	0
0.0839894 	-68.204 	42.605 	-0.722381 	0
0.0845608 	-68.2459 	42.6084 	-0.710013 	0
0.0851322 	-68.2953 	42.6125 	-0.698258 	0
0.0857035 	-68.3302 	42.6163 	-0.686223 	0
0.0862749 	-68.365 	42.6201 	-0.674187 	0
0.0868462 	-68.3999 	42.624 	-0.662152 	0
0.0874176 	-68.4347 	42.6278 	-0.650117 	0
0.0879889 	-68.4696 	42.6316 	-0.638081 	0
0.0885603 	-68.5114 	42.6359 	-0.626344 	0
0.0891317 	-68.5426 	42.6404 	-0.614591 	0
0.089703 	-68.5721 	42.6448 	-0.602803 	0
0.0902744 	-68.6016 	42.6493 	-0.591015 	0
0.0908457 	-68.631 	42.6537 	-0.579227 	0
0.0914171 	-68.6605 	42.6582 	-0.567439 	0
0.0919884 	-68.6953 	42.6634 	-0.555975 	0
0.0925598 	-68.7204 	42.6688 	-0.544385 	0
0.0931312 	-68.7456 	42.6741 	-0.532794 	0
0.0937025 	-68.7708 	42.6794 	-0.521204 	0
0.0942739 	-68.7959 	42.6847 	-0.509614 	0
0.0948452 	-68.825 	42.6911 	-0.498283 	0
0.0954166 	-68.8467 	42.6975 	-0.486843 	0
0.0959879 	-68.8683 	42.704 	-0.475403 	0
0.0965593 	-68.89 	42.7105 	-0.463963 	0
0.0971307 	-68.9155 	42.7177 	-0.452694 	0
0.097702 	-68.9343 	42.7256 	-0.441378 	0
0.0982734 	-68.9531 	42.7336 	-0.430062 	0
0.0988447 	-68.9719 	42.7416 	-0.418746 	0
0.0994161 	-68.9932 	42.7507 	-0.407591 	0
0.0999874 	-69.0096 	42.7605 	-0.396372 	0
0.100559 	-69.0259 	42.7703 	-0.385154 	0
0.10113 	-69.0446 	42.7807 	-0.374042 	0
0.101702 	-69.0591 	42.7927 	-0.36291 	0
0.102273 	-69.0735 	42.8047 	-0.351775 	0
0.102844 	-69.0895 	42.8177 	-0.340742 	0
0.103416 	-69.1022 	42.8322 	-0.329677 	0
0.103987 	-69.1148 	42.8468 	-0.318612 	0
0.104558 	-69.128 	42.8638 	-0.307655 	0
0.10513 	-69.1392 	42.8811 	-0.29664 	0
0.105701 	-69.1509 	42.9005 	-0.285726 	0
0.106272 	-69.1608 	42.921 	-0.274779 	0
0.106844 	-69.171 	42.944 	-0.263905 	0
0.107415 	-69.1801 	42.968 	-0.253011 	0
0.107986 	-69.1884 	42.9954 	-0.242246 	0
0.108558 	-69.1959 	43.0022 	-0.231471 	0
0.109129 	-69.2012 	42.8911 	-0.218946 	0
0.109701 	-69.2031 	42.4187 	-0.200383 	0
0.110272 	-69.2057 	41.2003 	-0.169898 	0
0.110843 	-69.2128 	39.3344 	-0.133014 	0
0.111415 	-69.2221 	37.1659 	-0.0977204 	0
0.111986 	-69.2362 	34.7918 	-0.0665877 	0
0.112557 	-69.2569 	32.0331 	-0.0397723 	0
0.113129 	-69.2828 	27.9078 	-0.0167101 	0
0.1137 	-69.3027 	1.17446e-10 	-3.92957e-15 	0
