0 	-77.4618 	0 	0 	0
0.000571357 	-77.4679 	-0.0671483 	-0.0763702 	0
0.00114271 	-77.4703 	1.25632 	-0.179414 	0
0.00171407 	-77.4687 	2.23025 	-0.27442 	0
0.00228543 	-77.471 	3.34511 	-0.366792 	0
0.00285678 	-77.4727 	4.668 	-0.454562 	0
0.00342814 	-77.4828 	6.45558 	-0.527734 	0
0.0039995 	-77.5029 	8.48845 	-0.583466 	0
0.00457085 	-77.5236 	10.4814 	-0.624892 	0
0.00514221 	-77.5373 	12.1408 	-0.665841 	0
0.00571357 	-77.5467 	13.5703 	-0.708742 	0
0.00628492 	-77.5548 	14.8625 	-0.752097 	0
0.00685628 	-77.5631 	16.0488 	-0.795569 	0
0.00742764 	-77.5732 	17.1422 	-0.839499 	0
0.00799899 	-77.5852 	18.1451 	-0.882851 	0
0.00857035 	-77.5994 	19.0741 	-0.926053 	0
0.00914171 	-77.6168 	19.922 	-0.969002 	0
0.00971307 	-77.6365 	20.7073 	-1.01112 	0
0.0102844 	-77.657 	21.4376 	-1.05123 	0
0.0108558 	-77.6804 	22.1475 	-1.08989 	0
0.0114271 	-77.7011 	22.8633 	-1.12358 	0
0.0119985 	-77.7225 	23.6031 	-1.15456 	0
0.0125698 	-77.7549 	24.2515 	-1.17886 	0
0.0131412 	-77.585 	24.6084 	-1.20449 	0
0.0137126 	-77.3613 	24.3258 	-1.2452 	0
0.0142839 	-77.242 	24.3032 	-1.29381 	0
0.0148553 	-77.1839 	24.4765 	-1.34718 	0
0.0154266 	-77.1674 	24.7843 	-1.40313 	0
0.015998 	-77.1824 	25.1912 	-1.46131 	0
0.0165693 	-77.2216 	25.6636 	-1.52019 	0
0.0171407 	-77.2818 	26.1849 	-1.57917 	0
0.0177121 	-77.3602 	26.7409 	-1.63777 	0
0.0182834 	-77.4533 	27.3203 	-1.69571 	0
0.0188548 	-77.5633 	27.9239 	-1.75397 	0
0.0194261 	-77.689 	28.5382 	-1.80946 	0
0.0199975 	-77.8218 	29.1601 	-1.86528 	0
0.0205688 	-77.976 	29.7906 	-1.91789 	0
0.0211402 	-78.1329 	30.4212 	-1.9701 	0
0.0217116 	-78.311 	31.0561 	-2.01967 	0
0.0222829 	-78.4896 	31.693 	-2.06988 	0
0.0228543 	-78.6895 	32.3201 	-2.11403 	0
0.0234256 	-78.8932 	32.9536 	-2.15973 	0
0.023997 	-79.1045 	33.5749 	-2.20117 	0
0.0245683 	-79.3345 	34.1986 	-2.24124 	0
0.0251397 	-79.5645 	34.8222 	-2.28132 	0
0.0257111 	-79.804 	35.4277 	-2.31583 	0
0.0262824 	-80.0609 	36.0355 	-2.34904 	0
0.0268538 	-80.3179 	36.6432 	-2.38226 	0
0.0274251 	-80.5771 	37.2398 	-2.41267 	0
0.0279965 	-80.8583 	37.8207 	-2.43681 	0
0.0285678 	-81.1422 	38.4066 	-2.46179 	0
0.0291392 	-81.4262 	38.9926 	-2.48677 	0
0.0297106 	-81.7132 	39.554 	-2.50611 	0
0.0302819 	-82.0227 	40.1116 	-2.52127 	0
0.0308533 	-82.3326 	40.6698 	-2.5365 	0
0.0314246 	-82.6425 	41.2281 	-2.55172 	0
0.031996 	-82.9525 	41.7826 	-2.56618 	0
0.0325673 	-83.2768 	42.2923 	-2.56885 	0
0.0331387 	-83.6097 	42.8162 	-2.57265 	0
0.0337101 	-83.9426 	43.34 	-2.57645 	0
0.0342814 	-84.2755 	43.8638 	-2.58024 	0
0.0348528 	-84.6083 	44.3831 	-2.58319 	0
0.0354241 	-84.9499 	44.8485 	-2.57352 	0
0.0359955 	-85.3015 	45.3299 	-2.56429 	0
0.0365668 	-85.6531 	45.8113 	-2.55506 	0
0.0371382 	-86.0047 	46.2926 	-2.54583 	0
0.0377095 	-86.3563 	46.774 	-2.53661 	0
0.0382809 	-86.7052 	47.2275 	-2.52287 	0
0.0388523 	-87.0617 	47.6465 	-2.49936 	0
0.0394236 	-87.424 	48.0748 	-2.47547 	0
0.039995 	-87.7864 	48.5031 	-2.45159 	0
0.0405663 	-88.1487 	48.9314 	-2.42771 	0
0.0411377 	-88.511 	49.3597 	-2.40382 	0
0.041709 	-88.8733 	49.788 	-2.37994 	0
0.0422804 	-89.2217 	50.1446 	-2.34673 	0
0.0428518 	-89.5813 	50.5049 	-2.30729 	0
0.0434231 	-89.941 	50.8651 	-2.26785 	0
0.0439945 	-90.3006 	51.2254 	-2.22841 	0
0.0445658 	-90.6602 	51.5856 	-2.18897 	0
0.0451372 	-91.0198 	51.9458 	-2.14953 	0
0.0457085 	-91.3794 	52.3061 	-2.11009 	0
0.0462799 	-91.7322 	52.64 	-2.06864 	0
0.0468513 	-92.0689 	52.9008 	-2.01857 	0
0.0474226 	-92.4131 	53.173 	-1.96483 	0
0.047994 	-92.7572 	53.4452 	-1.91108 	0
0.0485653 	-93.1014 	53.7174 	-1.85733 	0
0.0491367 	-93.4455 	53.9896 	-1.80358 	0
0.049708 	-93.7897 	54.2618 	-1.74984 	0
0.0502794 	-94.1338 	54.534 	-1.69609 	0
0.0508508 	-94.478 	54.8062 	-1.64234 	0
0.0514221 	-94.7905 	55.004 	-1.58677 	0
0.0519935 	-95.0859 	55.1623 	-1.52466 	0
0.0525648 	-95.3825 	55.3239 	-1.4596 	0
0.0531362 	-95.6791 	55.4855 	-1.39455 	0
0.0537075 	-95.9757 	55.6471 	-1.32949 	0
0.0542789 	-96.2723 	55.8088 	-1.26444 	0
0.0548503 	-96.5689 	55.9704 	-1.19939 	0
0.0554216 	-96.8655 	56.132 	-1.13433 	0
0.055993 	-97.1622 	56.2936 	-1.06928 	0
0.0565643 	-97.4588 	56.4552 	-1.00422 	0
0.0571357 	-97.7021 	56.5277 	-0.944482 	0
0.057707 	-97.921 	56.5684 	-0.881433 	0
0.0582784 	-98.137 	56.6101 	-0.815058 	0
0.0588497 	-98.3531 	56.6518 	-0.748684 	0
0.0594211 	-98.5691 	56.6935 	-0.682309 	0
0.0599925 	-98.7851 	56.7352 	-0.615935 	0
0.0605638 	-99.0012 	56.7769 	-0.54956 	0
0.0611352 	-99.2172 	56.8186 	-0.483185 	0
0.0617065 	-99.4332 	56.8604 	-0.416811 	0
0.0622779 	-99.6493 	56.9021 	-0.350436 	0
0.0628492 	-99.8653 	56.9438 	-0.284062 	0
0.0634206 	-100.057 	56.9265 	-0.220743 	0
0.063992 	-100.204 	56.8139 	-0.159922 	0
0.0645633 	-100.338 	56.6975 	-0.092857 	0
0.0651347 	-100.473 	56.5812 	-0.0257919 	0
0.065706 	-100.607 	56.4648 	0.0412732 	0
0.0662774 	-100.742 	56.3485 	0.108338 	0
0.0668487 	-100.876 	56.2321 	0.175403 	0
0.0674201 	-101.011 	56.1158 	0.242468 	0
0.0679915 	-101.145 	55.9994 	0.309534 	0
0.0685628 	-101.28 	55.8831 	0.376599 	0
0.0691342 	-101.414 	55.7667 	0.443664 	0
0.0697055 	-101.546 	55.6434 	0.510067 	0
0.0702769 	-101.62 	55.3748 	0.563391 	0
0.0708482 	-101.668 	55.0911 	0.623849 	0
0.0714196 	-101.717 	54.8074 	0.684306 	0
0.071991 	-101.766 	54.5237 	0.744764 	0
0.0725623 	-101.814 	54.24 	0.805221 	0
0.0731337 	-101.863 	53.9563 	0.865679 	0
0.073705 	-101.911 	53.6726 	0.926136 	0
0.0742764 	-101.96 	53.389 	0.986593 	0
0.0748477 	-102.008 	53.1053 	1.04705 	0
0.0754191 	-102.052 	52.81 	1.10415 	0
0.0759905 	-102.061 	52.4447 	1.14463 	0
0.0765618 	-102.049 	52.0631 	1.18894 	0
0.0771332 	-102.036 	51.6816 	1.23325 	0
0.0777045 	-102.024 	51.3 	1.27755 	0
0.0782759 	-102.012 	50.9185 	1.32186 	0
0.0788472 	-101.999 	50.5369 	1.36617 	0
0.0794186 	-101.987 	50.1554 	1.41047 	0
0.0799899 	-101.974 	49.7738 	1.45478 	0
0.0805613 	-101.958 	49.3686 	1.48956 	0
0.0811327 	-101.912 	48.9209 	1.51885 	0
0.081704 	-101.86 	48.4674 	1.54896 	0
0.0822754 	-101.807 	48.014 	1.57906 	0
0.0828467 	-101.755 	47.5605 	1.60916 	0
0.0834181 	-101.703 	47.1071 	1.63926 	0
0.0839894 	-101.651 	46.6536 	1.66936 	0
0.0845608 	-101.598 	46.2001 	1.69942 	0
0.0851322 	-101.535 	45.706 	1.71208 	0
0.0857035 	-101.451 	45.1933 	1.726 	0
0.0862749 	-101.367 	44.6806 	1.73992 	0
0.0868462 	-101.283 	44.1679 	1.75384 	0
0.0874176 	-101.199 	43.6552 	1.76776 	0
0.0879889 	-101.115 	43.1425 	1.78168 	0
0.0885603 	-101.04 	42.6193 	1.78971 	0
0.0891317 	-100.947 	42.0563 	1.79075 	0
0.089703 	-100.851 	41.4896 	1.79187 	0
0.0902744 	-100.756 	40.9229 	1.79299 	0
0.0908457 	-100.66 	40.3562 	1.7941 	0
0.0914171 	-100.564 	39.7895 	1.79522 	0
0.0919884 	-100.476 	39.2006 	1.78766 	0
0.0925598 	-100.372 	38.5818 	1.7762 	0
0.0931312 	-100.268 	37.9629 	1.76473 	0
0.0937025 	-100.164 	37.344 	1.75327 	0
0.0942739 	-100.06 	36.7251 	1.7418 	0
0.0948452 	-99.9678 	36.0817 	1.72347 	0
0.0954166 	-99.8647 	35.4103 	1.70149 	0
0.0959879 	-99.7617 	34.7389 	1.67951 	0
0.0965593 	-99.6586 	34.0675 	1.65753 	0
0.0971307 	-99.5654 	33.3875 	1.63306 	0
0.097702 	-99.467 	32.662 	1.60181 	0
0.0982734 	-99.3684 	31.9362 	1.57053 	0
0.0988447 	-99.2697 	31.2105 	1.53925 	0
0.0994161 	-99.1817 	30.462 	1.50452 	0
0.0999874 	-99.0903 	29.6786 	1.46531 	0
0.100559 	-98.9989 	28.8953 	1.42609 	0
0.10113 	-98.914 	28.1036 	1.38613 	0
0.101702 	-98.8319 	27.259 	1.34033 	0
0.102273 	-98.7493 	26.4135 	1.29441 	0
0.102844 	-98.6735 	25.5502 	1.24749 	0
0.103416 	-98.6001 	24.6364 	1.19596 	0
0.103987 	-98.5266 	23.7226 	1.14444 	0
0.104558 	-98.4634 	22.7506 	1.09001 	0
0.10513 	-98.3991 	21.7608 	1.03388 	0
0.105701 	-98.3421 	20.7207 	0.976247 	0
0.106272 	-98.2864 	19.6453 	0.916397 	0
0.106844 	-98.2376 	18.5033 	0.855272 	0
0.107415 	-98.1903 	17.3262 	0.792683 	0
0.107986 	-98.1501 	16.0442 	0.728019 	0
0.108558 	-98.1135 	14.6843 	0.662727 	0
0.109129 	-98.0811 	13.2034 	0.597227 	0
0.109701 	-98.0549 	11.4505 	0.532338 	0
0.110272 	-98.0413 	9.02715 	0.468777 	0
0.110843 	-98.0409 	6.32767 	0.406985 	0
0.111415 	-98.0392 	4.16269 	0.335262 	0
0.111986 	-98.0302 	2.94008 	0.246019 	0
0.112557 	-98.0139 	2.64147 	0.151628 	0
0.113129 	-97.9871 	2.5136 	0.0623211 	0
0.1137 	-97.9696 	7.44149e-13 	7.5589e-15 	0
