0 	-139.886 	0 	0 	0
0.000571357 	-141.994 	3.2035e-32 	-4.4888e-32 	0
0.00114271 	-144.254 	1.41449e-48 	-8.82528e-48 	0
0.00171407 	-139.773 	-2.4785e-64 	-1.50644e-63 	0
0.00228543 	-138.324 	-6.46137e-80 	-1.35274e-80 	0
0.00285678 	-139.892 	-2.29482e-96 	4.5578e-96 	0
0.00342814 	-142.742 	0 	0 	0
0.0039995 	-146.42 	0 	0 	0
0.00457085 	-150.131 	0 	0 	0
0.00514221 	-153.151 	0 	0 	0
0.00571357 	-155.008 	0 	0 	0
0.00628492 	-155.422 	0 	0 	0
0.00685628 	-154.294 	0 	0 	0
0.00742764 	-151.727 	0 	0 	0
0.00799899 	-147.796 	0 	0 	0
0.00857035 	-142.983 	0 	0 	0
0.00914171 	-137.755 	0 	0 	0
0.00971307 	-132.9 	0 	0 	0
0.0102844 	-129.419 	0 	0 	0
0.0108558 	-127.951 	0 	0 	0
0.0114271 	-127.84 	0 	0 	0
0.0119985 	-127.722 	0 	0 	0
0.0125698 	-127.467 	0 	0 	0
0.0131412 	-126.791 	23.5463 	-0.249325 	0
0.0137126 	-126.366 	27.6459 	-0.264888 	0
0.0142839 	-126.188 	30.6413 	-0.295914 	0
0.0148553 	-126.037 	33.449 	-0.336368 	0
0.0154266 	-125.837 	35.7287 	-0.384471 	0
0.015998 	-125.535 	37.0179 	-0.44291 	0
0.0165693 	-125.079 	37.8303 	-0.505888 	0
0.0171407 	-124.439 	38.4938 	-0.57069 	0
0.0177121 	-123.612 	39.076 	-0.635687 	0
0.0182834 	-122.619 	39.5991 	-0.699848 	0
0.0188548 	-121.432 	40.0625 	-0.762067 	0
0.0194261 	-120.07 	40.4798 	-0.821224 	0
0.0199975 	-118.632 	40.8767 	-0.878917 	0
0.0205688 	-116.982 	41.2215 	-0.93109 	0
0.0211402 	-115.307 	41.5598 	-0.982308 	0
0.0217116 	-113.471 	41.8572 	-1.02737 	0
0.0222829 	-111.635 	42.1546 	-1.07244 	0
0.0228543 	-109.674 	42.4143 	-1.11003 	0
0.0234256 	-107.704 	42.6715 	-1.14709 	0
0.023997 	-105.705 	42.9147 	-1.18079 	0
0.0245683 	-103.667 	43.1383 	-1.20972 	0
0.0251397 	-101.629 	43.3618 	-1.23865 	0
0.0257111 	-99.5903 	43.5709 	-1.26347 	0
0.0262824 	-97.5521 	43.7667 	-1.28454 	0
0.0268538 	-95.5139 	43.9626 	-1.30562 	0
0.0274251 	-93.4911 	44.1524 	-1.3253 	0
0.0279965 	-91.526 	44.3198 	-1.3397 	0
0.0285678 	-89.5609 	44.4872 	-1.35411 	0
0.0291392 	-87.5958 	44.6546 	-1.36851 	0
0.0297106 	-85.6825 	44.798 	-1.38023 	0
0.0302819 	-83.8436 	44.907 	-1.38809 	0
0.0308533 	-82.0047 	45.016 	-1.39595 	0
0.0314246 	-80.1658 	45.1251 	-1.40381 	0
0.031996 	-78.3377 	45.2287 	-1.41137 	0
0.0325673 	-76.696 	45.2401 	-1.41386 	0
0.0331387 	-75.0544 	45.2514 	-1.41635 	0
0.0337101 	-73.4128 	45.2627 	-1.41883 	0
0.0342814 	-71.7712 	45.274 	-1.42132 	0
0.0348528 	-70.1426 	45.2826 	-1.42366 	0
0.0354241 	-68.7158 	45.2508 	-1.4237 	0
0.0359955 	-67.2889 	45.219 	-1.42374 	0
0.0365668 	-65.862 	45.1872 	-1.42379 	0
0.0371382 	-64.4352 	45.1554 	-1.42383 	0
0.0377095 	-63.0083 	45.1236 	-1.42388 	0
0.0382809 	-61.6575 	45.0954 	-1.42407 	0
0.0388523 	-60.4572 	45.0742 	-1.42457 	0
0.0394236 	-59.257 	45.0529 	-1.42506 	0
0.039995 	-58.0567 	45.0317 	-1.42556 	0
0.0405663 	-56.8565 	45.0105 	-1.42605 	0
0.0411377 	-55.6562 	44.9893 	-1.42655 	0
0.041709 	-54.456 	44.9681 	-1.42704 	0
0.0422804 	-53.3781 	44.9485 	-1.42809 	0
0.0428518 	-52.3364 	44.9294 	-1.4293 	0
0.0434231 	-51.2947 	44.9104 	-1.43051 	0
0.0439945 	-50.2531 	44.8913 	-1.43173 	0
0.0445658 	-49.2114 	44.8722 	-1.43294 	0
0.0451372 	-48.1698 	44.8532 	-1.43415 	0
0.0457085 	-47.1281 	44.8341 	-1.43536 	0
0.0462799 	-46.1231 	44.8155 	-1.43679 	0
0.0468513 	-45.2302 	44.7986 	-1.43887 	0
0.0474226 	-44.3374 	44.7816 	-1.44096 	0
0.047994 	-43.4446 	44.7646 	-1.44304 	0
0.0485653 	-42.5518 	44.7476 	-1.44513 	0
0.0491367 	-41.6589 	44.7306 	-1.44722 	0
0.049708 	-40.7661 	44.7137 	-1.4493 	0
0.0502794 	-39.8733 	44.6967 	-1.45139 	0
0.0508508 	-38.9804 	44.6797 	-1.45347 	0
0.0514221 	-38.1331 	44.6627 	-1.45575 	0
0.0519935 	-37.3139 	44.6456 	-1.45814 	0
0.0525648 	-36.4946 	44.6285 	-1.46054 	0
0.0531362 	-35.6754 	44.6115 	-1.46293 	0
0.0537075 	-34.8562 	44.5944 	-1.46533 	0
0.0542789 	-34.0369 	44.5773 	-1.46772 	0
0.0548503 	-33.2177 	44.5602 	-1.47011 	0
0.0554216 	-32.3984 	44.5432 	-1.47251 	0
0.055993 	-31.5792 	44.5261 	-1.4749 	0
0.0565643 	-30.76 	44.509 	-1.47729 	0
0.0571357 	-29.9941 	44.4923 	-1.47877 	0
0.057707 	-29.2484 	44.4756 	-1.47991 	0
0.0582784 	-28.5026 	44.459 	-1.48104 	0
0.0588497 	-27.7568 	44.4423 	-1.48217 	0
0.0594211 	-27.0111 	44.4257 	-1.4833 	0
0.0599925 	-26.2653 	44.409 	-1.48444 	0
0.0605638 	-25.5196 	44.3924 	-1.48557 	0
0.0611352 	-24.7738 	44.3757 	-1.4867 	0
0.0617065 	-24.0281 	44.359 	-1.48784 	0
0.0622779 	-23.2823 	44.3424 	-1.48897 	0
0.0628492 	-22.5365 	44.3257 	-1.4901 	0
0.0634206 	-21.8042 	44.309 	-1.49081 	0
0.063992 	-21.0931 	44.2921 	-1.49084 	0
0.0645633 	-20.382 	44.2752 	-1.49088 	0
0.0651347 	-19.6709 	44.2583 	-1.49091 	0
0.065706 	-18.9598 	44.2413 	-1.49094 	0
0.0662774 	-18.2487 	44.2244 	-1.49097 	0
0.0668487 	-17.5376 	44.2075 	-1.49101 	0
0.0674201 	-16.8265 	44.1906 	-1.49104 	0
0.0679915 	-16.1154 	44.1737 	-1.49107 	0
0.0685628 	-15.4043 	44.1568 	-1.49111 	0
0.0691342 	-14.6932 	44.1399 	-1.49114 	0
0.0697055 	-13.9815 	44.1229 	-1.49106 	0
0.0702769 	-13.2587 	44.1044 	-1.48869 	0
0.0708482 	-12.5358 	44.0858 	-1.48632 	0
0.0714196 	-11.8129 	44.0673 	-1.48394 	0
0.071991 	-11.0901 	44.0488 	-1.48157 	0
0.0725623 	-10.3672 	44.0303 	-1.4792 	0
0.0731337 	-9.64433 	44.0117 	-1.47683 	0
0.073705 	-8.92146 	43.9932 	-1.47445 	0
0.0742764 	-8.1986 	43.9747 	-1.47208 	0
0.0748477 	-7.47573 	43.9562 	-1.46971 	0
0.0754191 	-6.75889 	43.9376 	-1.46688 	0
0.0759905 	-6.07486 	43.9192 	-1.46152 	0
0.0765618 	-5.39083 	43.9007 	-1.45617 	0
0.0771332 	-4.7068 	43.8823 	-1.45082 	0
0.0777045 	-4.02278 	43.8638 	-1.44547 	0
0.0782759 	-3.33875 	43.8454 	-1.44011 	0
0.0788472 	-2.65472 	43.8269 	-1.43476 	0
0.0794186 	-1.97069 	43.8084 	-1.42941 	0
0.0799899 	-1.28667 	43.79 	-1.42406 	0
0.0805613 	-0.610965 	43.7714 	-1.41707 	0
0.0811327 	0.0572834 	43.7527 	-1.40862 	0
0.081704 	0.725532 	43.7339 	-1.40017 	0
0.0822754 	1.39378 	43.7152 	-1.39172 	0
0.0828467 	2.06203 	43.6965 	-1.38327 	0
0.0834181 	2.73028 	43.6777 	-1.37482 	0
0.0839894 	3.39853 	43.659 	-1.36637 	0
0.0845608 	4.06665 	43.6403 	-1.35791 	0
0.0851322 	4.68334 	43.6228 	-1.34599 	0
0.0857035 	5.30004 	43.6054 	-1.33408 	0
0.0862749 	5.91673 	43.588 	-1.32216 	0
0.0868462 	6.53342 	43.5705 	-1.31024 	0
0.0874176 	7.15012 	43.5531 	-1.29833 	0
0.0879889 	7.76681 	43.5356 	-1.28641 	0
0.0885603 	8.36842 	43.5188 	-1.27332 	0
0.0891317 	8.95073 	43.5028 	-1.25871 	0
0.089703 	9.53303 	43.4868 	-1.2441 	0
0.0902744 	10.1153 	43.4707 	-1.22949 	0
0.0908457 	10.6976 	43.4547 	-1.21489 	0
0.0914171 	11.28 	43.4387 	-1.20028 	0
0.0919884 	11.8293 	43.4242 	-1.18386 	0
0.0925598 	12.3653 	43.4103 	-1.16671 	0
0.0931312 	12.9013 	43.3965 	-1.14957 	0
0.0937025 	13.4374 	43.3826 	-1.13242 	0
0.0942739 	13.9734 	43.3688 	-1.11527 	0
0.0948452 	14.4813 	43.3567 	-1.09678 	0
0.0954166 	14.9782 	43.3453 	-1.07777 	0
0.0959879 	15.4751 	43.334 	-1.05876 	0
0.0965593 	15.972 	43.3226 	-1.03974 	0
0.0971307 	16.4561 	43.3122 	-1.02019 	0
0.097702 	16.9178 	43.3036 	-0.999687 	0
0.0982734 	17.3794 	43.2949 	-0.979187 	0
0.0988447 	17.8411 	43.2863 	-0.958687 	0
0.0994161 	18.2848 	43.2794 	-0.937562 	0
0.0999874 	18.7146 	43.2738 	-0.915955 	0
0.100559 	19.1445 	43.2682 	-0.894348 	0
0.10113 	19.5679 	43.2634 	-0.872539 	0
0.101702 	19.972 	43.261 	-0.850127 	0
0.102273 	20.3761 	43.2586 	-0.827714 	0
0.102844 	20.7724 	43.2574 	-0.805089 	0
0.103416 	21.1548 	43.2584 	-0.782086 	0
0.103987 	21.5373 	43.2594 	-0.759083 	0
0.104558 	21.9055 	43.2633 	-0.735727 	0
0.10513 	22.2711 	43.2678 	-0.712304 	0
0.105701 	22.6288 	43.2745 	-0.688691 	0
0.106272 	22.9822 	43.2825 	-0.664972 	0
0.106844 	23.3301 	43.2931 	-0.64111 	0
0.107415 	23.6758 	43.3048 	-0.617186 	0
0.107986 	24.0192 	43.3198 	-0.593142 	0
0.108558 	24.3643 	43.3368 	-0.569038 	0
0.109129 	24.7129 	43.3565 	-0.544928 	0
0.109701 	25.0691 	43.3772 	-0.520915 	0
0.110272 	25.4428 	43.3449 	-0.495949 	0
0.110843 	25.8459 	42.8429 	-0.458096 	0
0.111415 	26.2309 	41.0241 	-0.381618 	0
0.111986 	26.4964 	37.8039 	-0.277179 	0
0.112557 	26.6207 	33.9525 	-0.17337 	0
0.113129 	26.5992 	28.8533 	-0.0738557 	0
0.1137 	26.5034 	1.19883e-10 	-3.08121e-15 	0
