0 	-755.984 	0 	0 	0
0.000571357 	-756.203 	-25.7245 	-0.0326102 	0
0.00114271 	-756.752 	-24.9817 	-0.109593 	0
0.00171407 	-757.508 	-23.0148 	-0.158496 	0
0.00228543 	-758.288 	-19.8795 	-0.181169 	0
0.00285678 	-759.205 	-17.1486 	-0.219889 	0
0.00342814 	-760.172 	-15.1635 	-0.283732 	0
0.0039995 	-761.253 	-13.3911 	-0.357618 	0
0.00457085 	-762.439 	-11.7081 	-0.439958 	0
0.00514221 	-763.574 	-10.0603 	-0.533134 	0
0.00571357 	-764.742 	-8.43334 	-0.633869 	0
0.00628492 	-765.909 	-6.81316 	-0.741162 	0
0.00685628 	-767.05 	-5.18661 	-0.853186 	0
0.00742764 	-768.151 	-3.54856 	-0.968251 	0
0.00799899 	-769.091 	-1.93233 	-1.08471 	0
0.00857035 	-769.995 	-0.364922 	-1.20637 	0
0.00914171 	-770.799 	1.10857 	-1.33539 	0
0.00971307 	-771.575 	2.46695 	-1.46718 	0
0.0102844 	-772.348 	3.705 	-1.59017 	0
0.0108558 	-773.261 	4.79487 	-1.74005 	0
0.0114271 	-774.173 	5.72398 	-1.86569 	0
0.0119985 	-774.553 	6.59672 	-1.81859 	0
0.0125698 	-775.261 	7.18045 	-1.89744 	0
0.0131412 	-782.103 	4.08733 	-2.34885 	0
0.0137126 	-786.292 	4.1743 	-2.37319 	0
0.0142839 	-788.77 	5.82234 	-2.29622 	0
0.0148553 	-790.28 	7.89083 	-2.1614 	0
0.0154266 	-791.145 	9.94016 	-2.00661 	0
0.015998 	-791.55 	11.8181 	-1.85617 	0
0.0165693 	-791.633 	13.541 	-1.71388 	0
0.0171407 	-791.513 	15.14 	-1.58425 	0
0.0177121 	-791.259 	16.654 	-1.46465 	0
0.0182834 	-790.794 	18.0894 	-1.35739 	0
0.0188548 	-790.263 	19.498 	-1.25624 	0
0.0194261 	-789.766 	20.8864 	-1.153 	0
0.0199975 	-789.025 	22.2532 	-1.05963 	0
0.0205688 	-788.407 	23.5964 	-0.956813 	0
0.0211402 	-787.599 	24.9354 	-0.859788 	0
0.0217116 	-786.875 	26.2339 	-0.751145 	0
0.0222829 	-785.925 	27.545 	-0.646934 	0
0.0228543 	-785.184 	28.7979 	-0.533502 	0
0.0234256 	-784.119 	30.0696 	-0.420618 	0
0.023997 	-783.159 	31.312 	-0.304613 	0
0.0245683 	-782.133 	32.5293 	-0.18174 	0
0.0251397 	-780.914 	33.7612 	-0.0566801 	0
0.0257111 	-779.803 	34.9469 	0.0684476 	0
0.0262824 	-778.565 	36.1073 	0.20121 	0
0.0268538 	-777.111 	37.2838 	0.3413 	0
0.0274251 	-775.686 	38.4381 	0.480604 	0
0.0279965 	-774.348 	39.5104 	0.618116 	0
0.0285678 	-772.5 	40.6142 	0.780074 	0
0.0291392 	-770.652 	41.718 	0.942031 	0
0.0297106 	-768.86 	42.7716 	1.09438 	0
0.0302819 	-767.092 	43.7558 	1.23565 	0
0.0308533 	-764.657 	44.7716 	1.41029 	0
0.0314246 	-762.222 	45.7874 	1.58494 	0
0.031996 	-759.794 	46.7913 	1.75867 	0
0.0325673 	-757.473 	47.5894 	1.91654 	0
0.0331387 	-754.544 	48.3942 	2.09797 	0
0.0337101 	-751.065 	49.2049 	2.30075 	0
0.0342814 	-747.585 	50.0156 	2.50353 	0
0.0348528 	-744.126 	50.812 	2.70287 	0
0.0354241 	-740.989 	51.3861 	2.84893 	0
0.0359955 	-737.269 	51.9486 	3.00946 	0
0.0365668 	-732.236 	52.4849 	3.20273 	0
0.0371382 	-727.202 	53.0212 	3.39599 	0
0.0377095 	-722.168 	53.5574 	3.58925 	0
0.0382809 	-717.425 	54.055 	3.757 	0
0.0388523 	-713.26 	54.4757 	3.87418 	0
0.0394236 	-708.167 	54.8631 	4.00514 	0
0.039995 	-701.143 	55.1812 	4.16481 	0
0.0405663 	-694.119 	55.4994 	4.32447 	0
0.0411377 	-687.094 	55.8175 	4.48413 	0
0.041709 	-680.07 	56.1356 	4.6438 	0
0.0422804 	-674.167 	56.5703 	4.72955 	0
0.0428518 	-668.597 	57.0395 	4.79342 	0
0.0434231 	-661.391 	57.4295 	4.86454 	0
0.0439945 	-652.31 	57.7287 	4.94398 	0
0.0445658 	-643.228 	58.0279 	5.02342 	0
0.0451372 	-634.147 	58.3272 	5.10285 	0
0.0457085 	-625.065 	58.6264 	5.18229 	0
0.0462799 	-616.857 	59.0856 	5.22222 	0
0.0468513 	-611.327 	60.035 	5.14104 	0
0.0474226 	-605.797 	60.9844 	5.05986 	0
0.047994 	-598.782 	61.8601 	4.95093 	0
0.0485653 	-590.789 	62.6871 	4.82372 	0
0.0491367 	-582.796 	63.5142 	4.6965 	0
0.049708 	-574.803 	64.3413 	4.56928 	0
0.0502794 	-566.81 	65.1684 	4.44206 	0
0.0508508 	-558.817 	65.9955 	4.31484 	0
0.0514221 	-554.137 	66.9829 	4.2021 	0
0.0519935 	-551.503 	68.0694 	4.09831 	0
0.0525648 	-548.869 	69.1559 	3.99452 	0
0.0531362 	-546.187 	70.2513 	3.83687 	0
0.0537075 	-543.471 	71.3529 	3.64145 	0
0.0542789 	-540.755 	72.4546 	3.44603 	0
0.0548503 	-538.04 	73.5562 	3.2506 	0
0.0554216 	-535.324 	74.6579 	3.05518 	0
0.055993 	-532.608 	75.7595 	2.85976 	0
0.0565643 	-529.892 	76.8612 	2.66434 	0
0.0571357 	-529.832 	77.444 	2.59868 	0
0.057707 	-530.772 	77.8317 	2.58184 	0
0.0582784 	-531.712 	78.2194 	2.565 	0
0.0588497 	-532.99 	78.6165 	2.52533 	0
0.0594211 	-535.269 	79.0419 	2.41794 	0
0.0599925 	-537.547 	79.4672 	2.31056 	0
0.0605638 	-539.826 	79.8925 	2.20318 	0
0.0611352 	-542.104 	80.3178 	2.09579 	0
0.0617065 	-544.382 	80.7431 	1.98841 	0
0.0622779 	-546.661 	81.1685 	1.88102 	0
0.0628492 	-548.939 	81.5938 	1.77364 	0
0.0634206 	-551.776 	81.6839 	1.70162 	0
0.063992 	-555.499 	81.2412 	1.68584 	0
0.0645633 	-559.222 	80.7984 	1.67006 	0
0.0651347 	-562.945 	80.3556 	1.65428 	0
0.065706 	-568.166 	79.9037 	1.55845 	0
0.0662774 	-573.531 	79.4509 	1.45489 	0
0.0668487 	-578.897 	78.9982 	1.35132 	0
0.0674201 	-584.262 	78.5454 	1.24776 	0
0.0679915 	-589.628 	78.0926 	1.1442 	0
0.0685628 	-594.993 	77.6398 	1.04063 	0
0.0691342 	-600.359 	77.187 	0.937067 	0
0.0697055 	-605.762 	76.7136 	0.835824 	0
0.0702769 	-611.954 	75.813 	0.782482 	0
0.0708482 	-618.145 	74.9124 	0.72914 	0
0.0714196 	-624.371 	74.0124 	0.674717 	0
0.071991 	-632.778 	73.1419 	0.553085 	0
0.0725623 	-641.185 	72.2714 	0.431453 	0
0.0731337 	-649.592 	71.4009 	0.30982 	0
0.073705 	-657.999 	70.5304 	0.188188 	0
0.0742764 	-666.406 	69.6599 	0.0665556 	0
0.0748477 	-674.813 	68.7894 	-0.0550768 	0
0.0754191 	-683.02 	67.9123 	-0.157304 	0
0.0759905 	-690.135 	66.9998 	-0.153808 	0
0.0765618 	-697.25 	66.0873 	-0.150311 	0
0.0771332 	-705.857 	65.2211 	-0.155889 	0
0.0777045 	-715.887 	64.399 	-0.170121 	0
0.0782759 	-725.916 	63.577 	-0.184352 	0
0.0788472 	-735.946 	62.755 	-0.198583 	0
0.0794186 	-745.976 	61.9329 	-0.212815 	0
0.0799899 	-756.006 	61.1109 	-0.227046 	0
0.0805613 	-764.046 	60.2238 	-0.200293 	0
0.0811327 	-770.306 	59.2784 	-0.136845 	0
0.081704 	-777.208 	58.3486 	-0.0721767 	0
0.0822754 	-786.359 	57.4734 	-0.00323162 	0
0.0828467 	-795.51 	56.5982 	0.0657135 	0
0.0834181 	-804.661 	55.723 	0.134659 	0
0.0839894 	-813.812 	54.8478 	0.203604 	0
0.0845608 	-822.953 	53.9721 	0.272549 	0
0.0851322 	-828.017 	52.8776 	0.341582 	0
0.0857035 	-833.081 	51.783 	0.410614 	0
0.0862749 	-840.657 	50.724 	0.488213 	0
0.0868462 	-848.254 	49.6654 	0.565886 	0
0.0874176 	-855.852 	48.6067 	0.643559 	0
0.0879889 	-863.45 	47.5481 	0.721233 	0
0.0885603 	-869.484 	46.4012 	0.802838 	0
0.0891317 	-873.516 	45.1412 	0.889476 	0
0.089703 	-879.099 	43.89 	0.983607 	0
0.0902744 	-885.398 	42.6429 	1.08119 	0
0.0908457 	-891.697 	41.3958 	1.17877 	0
0.0914171 	-897.996 	40.1487 	1.27636 	0
0.0919884 	-901.944 	38.755 	1.35771 	0
0.0925598 	-905.322 	37.3002 	1.4352 	0
0.0931312 	-910.368 	35.8362 	1.52459 	0
0.0937025 	-915.413 	34.3722 	1.61397 	0
0.0942739 	-920.458 	32.9082 	1.70336 	0
0.0948452 	-923.349 	31.3137 	1.77236 	0
0.0954166 	-926.102 	29.6495 	1.84357 	0
0.0959879 	-929.979 	27.9551 	1.931 	0
0.0965593 	-933.856 	26.2608 	2.01843 	0
0.0971307 	-936.732 	24.5107 	2.08456 	0
0.097702 	-938.156 	22.6385 	2.12013 	0
0.0982734 	-940.768 	20.6674 	2.18262 	0
0.0988447 	-943.38 	18.6962 	2.24512 	0
0.0994161 	-944.68 	16.68 	2.25285 	0
0.0999874 	-945.514 	14.4758 	2.22554 	0
0.100559 	-946.798 	12.1458 	2.20418 	0
0.10113 	-947.638 	9.85894 	2.15861 	0
0.101702 	-947.236 	7.61408 	2.0314 	0
0.102273 	-946.99 	5.21722 	1.88822 	0
0.102844 	-946.417 	2.91647 	1.73069 	0
0.103416 	-944.843 	0.644017 	1.58666 	0
0.103987 	-942.974 	-1.72861 	1.47001 	0
0.104558 	-940.988 	-3.82161 	1.29448 	0
0.10513 	-937.419 	-6.04974 	1.2017 	0
0.105701 	-934.74 	-7.97878 	1.03468 	0
0.106272 	-929.767 	-9.7013 	0.874742 	0
0.106844 	-926.22 	-11.3032 	0.700159 	0
0.107415 	-920.989 	-12.8001 	0.57572 	0
0.107986 	-917.042 	-14.1928 	0.450372 	0
0.108558 	-913.182 	-15.541 	0.338384 	0
0.109129 	-909.271 	-16.8322 	0.249817 	0
0.109701 	-905.416 	-18.0804 	0.185341 	0
0.110272 	-902.181 	-19.3517 	0.123625 	0
0.110843 	-899.149 	-20.6633 	0.0844107 	0
0.111415 	-896.476 	-22.0913 	0.0615242 	0
0.111986 	-894.511 	-24.4473 	0.0401349 	0
0.112557 	-893.014 	-27.2151 	0.0403439 	0
0.113129 	-891.903 	-27.5492 	0.00643245 	0
0.1137 	-891.507 	-9.23267e-11 	-9.63243e-14 	0
