0 	-24.8289 	0 	0 	0
0.000571357 	-24.8316 	5.37509 	-0.0251746 	0
0.00114271 	-24.8305 	6.65832 	-0.0614907 	0
0.00171407 	-24.8271 	7.27264 	-0.0989657 	0
0.00228543 	-24.8265 	8.25192 	-0.132124 	0
0.00285678 	-24.8282 	9.34101 	-0.163742 	0
0.00342814 	-24.8281 	10.4332 	-0.194089 	0
0.0039995 	-24.828 	11.6534 	-0.221363 	0
0.00457085 	-24.8309 	13.0268 	-0.243929 	0
0.00514221 	-24.8377 	14.4219 	-0.26301 	0
0.00571357 	-24.8473 	15.7478 	-0.279959 	0
0.00628492 	-24.858 	17.0038 	-0.295221 	0
0.00685628 	-24.869 	18.1932 	-0.30912 	0
0.00742764 	-24.8792 	19.3088 	-0.322448 	0
0.00799899 	-24.8879 	20.34 	-0.335594 	0
0.00857035 	-24.8962 	21.2979 	-0.349333 	0
0.00914171 	-24.9033 	22.1719 	-0.3634 	0
0.00971307 	-24.9104 	22.9701 	-0.378548 	0
0.0102844 	-24.9164 	23.6942 	-0.394405 	0
0.0108558 	-24.9212 	24.3817 	-0.410439 	0
0.0114271 	-24.9314 	25.0853 	-0.43307 	0
0.0119985 	-24.9469 	25.7846 	-0.459586 	0
0.0125698 	-24.9422 	26.2529 	-0.46895 	0
0.0131412 	-24.5893 	26.4893 	-0.484886 	0
0.0137126 	-24.5981 	26.7474 	-0.497627 	0
0.0142839 	-24.6245 	27.1126 	-0.514016 	0
0.0148553 	-24.6579 	27.5075 	-0.532969 	0
0.0154266 	-24.699 	27.9473 	-0.553328 	0
0.015998 	-24.748 	28.4248 	-0.57431 	0
0.0165693 	-24.8034 	28.9255 	-0.595912 	0
0.0171407 	-24.8651 	29.4432 	-0.617489 	0
0.0177121 	-24.9323 	29.9711 	-0.638816 	0
0.0182834 	-25.0055 	30.5063 	-0.660583 	0
0.0188548 	-25.0847 	31.0451 	-0.681607 	0
0.0194261 	-25.168 	31.5814 	-0.701323 	0
0.0199975 	-25.2573 	32.1216 	-0.722068 	0
0.0205688 	-25.3511 	32.6518 	-0.740268 	0
0.0211402 	-25.4497 	33.185 	-0.759379 	0
0.0217116 	-25.5526 	33.7045 	-0.775943 	0
0.0222829 	-25.6613 	34.2309 	-0.793877 	0
0.0228543 	-25.7703 	34.7331 	-0.807992 	0
0.0234256 	-25.8898 	35.2451 	-0.823702 	0
0.023997 	-26.0083 	35.7436 	-0.837502 	0
0.0245683 	-26.1319 	36.2296 	-0.849478 	0
0.0251397 	-26.2629 	36.723 	-0.862414 	0
0.0257111 	-26.3916 	37.1968 	-0.872804 	0
0.0262824 	-26.5257 	37.6594 	-0.881551 	0
0.0268538 	-26.6685 	38.1302 	-0.891116 	0
0.0274251 	-26.8101 	38.5922 	-0.89961 	0
0.0279965 	-26.9466 	39.0215 	-0.904067 	0
0.0285678 	-27.1011 	39.4656 	-0.909587 	0
0.0291392 	-27.256 	39.9101 	-0.915128 	0
0.0297106 	-27.4072 	40.3361 	-0.918511 	0
0.0302819 	-27.5532 	40.7355 	-0.918792 	0
0.0308533 	-27.7198 	41.1501 	-0.919676 	0
0.0314246 	-27.8864 	41.5647 	-0.92056 	0
0.031996 	-28.0523 	41.9768 	-0.921149 	0
0.0325673 	-28.2067 	42.3431 	-0.916638 	0
0.0331387 	-28.371 	42.716 	-0.912152 	0
0.0337101 	-28.5482 	43.0973 	-0.907696 	0
0.0342814 	-28.7253 	43.4785 	-0.90324 	0
0.0348528 	-28.9015 	43.8566 	-0.898466 	0
0.0354241 	-29.0626 	44.1866 	-0.888758 	0
0.0359955 	-29.2289 	44.5194 	-0.87893 	0
0.0365668 	-29.4148 	44.8633 	-0.868646 	0
0.0371382 	-29.6006 	45.2073 	-0.858361 	0
0.0377095 	-29.7865 	45.5512 	-0.848077 	0
0.0382809 	-29.9654 	45.8769 	-0.836129 	0
0.0388523 	-30.1304 	46.1663 	-0.820883 	0
0.0394236 	-30.301 	46.4583 	-0.805374 	0
0.039995 	-30.4926 	46.7602 	-0.788885 	0
0.0405663 	-30.6841 	47.0621 	-0.772396 	0
0.0411377 	-30.8756 	47.364 	-0.755906 	0
0.041709 	-31.0672 	47.6659 	-0.739417 	0
0.0422804 	-31.2379 	47.9227 	-0.719703 	0
0.0428518 	-31.4025 	48.1662 	-0.699033 	0
0.0434231 	-31.5763 	48.413 	-0.677702 	0
0.0439945 	-31.7683 	48.6667 	-0.655071 	0
0.0445658 	-31.9604 	48.9203 	-0.63244 	0
0.0451372 	-32.1525 	49.174 	-0.609809 	0
0.0457085 	-32.3445 	49.4276 	-0.587178 	0
0.0462799 	-32.5284 	49.6655 	-0.563861 	0
0.0468513 	-32.6871 	49.8548 	-0.538445 	0
0.0474226 	-32.8458 	50.0441 	-0.513029 	0
0.047994 	-33.0172 	50.2366 	-0.486468 	0
0.0485653 	-33.2037 	50.4331 	-0.458533 	0
0.0491367 	-33.3903 	50.6295 	-0.430598 	0
0.049708 	-33.5768 	50.826 	-0.402664 	0
0.0502794 	-33.7634 	51.0224 	-0.374729 	0
0.0508508 	-33.9499 	51.2188 	-0.346794 	0
0.0514221 	-34.1106 	51.3679 	-0.318335 	0
0.0519935 	-34.2553 	51.4877 	-0.289552 	0
0.0525648 	-34.4 	51.6075 	-0.260769 	0
0.0531362 	-34.5556 	51.7288 	-0.230762 	0
0.0537075 	-34.7266 	51.8522 	-0.19905 	0
0.0542789 	-34.8975 	51.9756 	-0.167338 	0
0.0548503 	-35.0684 	52.0991 	-0.135626 	0
0.0554216 	-35.2393 	52.2225 	-0.103914 	0
0.055993 	-35.4103 	52.3459 	-0.0722027 	0
0.0565643 	-35.5812 	52.4693 	-0.0404909 	0
0.0571357 	-35.7132 	52.5249 	-0.0105705 	0
0.057707 	-35.8305 	52.555 	0.0186759 	0
0.0582784 	-35.9478 	52.5851 	0.0479223 	0
0.0588497 	-36.0663 	52.6152 	0.077339 	0
0.0594211 	-36.2055 	52.6461 	0.10954 	0
0.0599925 	-36.3446 	52.6769 	0.141742 	0
0.0605638 	-36.4837 	52.7077 	0.173944 	0
0.0611352 	-36.6228 	52.7385 	0.206145 	0
0.0617065 	-36.7619 	52.7694 	0.238347 	0
0.0622779 	-36.9011 	52.8002 	0.270548 	0
0.0628492 	-37.0402 	52.831 	0.30275 	0
0.0634206 	-37.1594 	52.8163 	0.333657 	0
0.063992 	-37.2469 	52.729 	0.362506 	0
0.0645633 	-37.3344 	52.6417 	0.391354 	0
0.0651347 	-37.422 	52.5544 	0.420203 	0
0.065706 	-37.5221 	52.4645 	0.451295 	0
0.0662774 	-37.6271 	52.3736 	0.48327 	0
0.0668487 	-37.7322 	52.2827 	0.515245 	0
0.0674201 	-37.8372 	52.1918 	0.54722 	0
0.0679915 	-37.9423 	52.1009 	0.579195 	0
0.0685628 	-38.0473 	52.0099 	0.61117 	0
0.0691342 	-38.1524 	51.919 	0.643145 	0
0.0697055 	-38.2551 	51.8231 	0.674791 	0
0.0702769 	-38.3108 	51.6231 	0.699633 	0
0.0708482 	-38.3664 	51.4232 	0.724475 	0
0.0714196 	-38.422 	51.2232 	0.749316 	0
0.071991 	-38.4884 	51.0157 	0.776697 	0
0.0725623 	-38.5567 	50.8068 	0.804538 	0
0.0731337 	-38.625 	50.5979 	0.83238 	0
0.073705 	-38.6933 	50.389 	0.860222 	0
0.0742764 	-38.7616 	50.1801 	0.888064 	0
0.0748477 	-38.8299 	49.9712 	0.915905 	0
0.0754191 	-38.8918 	49.7539 	0.94218 	0
0.0759905 	-38.9189 	49.4901 	0.959914 	0
0.0765618 	-38.9459 	49.2264 	0.977648 	0
0.0771332 	-38.976 	48.9583 	0.996233 	0
0.0777045 	-39.0113 	48.6826 	1.01631 	0
0.0782759 	-39.0466 	48.4068 	1.03638 	0
0.0788472 	-39.0819 	48.131 	1.05645 	0
0.0794186 	-39.1172 	47.8553 	1.07653 	0
0.0799899 	-39.1525 	47.5795 	1.0966 	0
0.0805613 	-39.1723 	47.2832 	1.1118 	0
0.0811327 	-39.1782 	46.9686 	1.12265 	0
0.081704 	-39.1845 	46.6527 	1.13366 	0
0.0822754 	-39.1956 	46.3237 	1.14628 	0
0.0828467 	-39.2067 	45.9947 	1.1589 	0
0.0834181 	-39.2178 	45.6657 	1.17152 	0
0.0839894 	-39.2289 	45.3368 	1.18414 	0
0.0845608 	-39.24 	45.0077 	1.19674 	0
0.0851322 	-39.2288 	44.6467 	1.19996 	0
0.0857035 	-39.2176 	44.2856 	1.20317 	0
0.0862749 	-39.2088 	43.9105 	1.20732 	0
0.0868462 	-39.2004 	43.5335 	1.21159 	0
0.0874176 	-39.1919 	43.1565 	1.21586 	0
0.0879889 	-39.1835 	42.7795 	1.22014 	0
0.0885603 	-39.1692 	42.3895 	1.22104 	0
0.0891317 	-39.1474 	41.9827 	1.21762 	0
0.089703 	-39.1265 	41.5658 	1.21451 	0
0.0902744 	-39.1061 	41.1419 	1.21163 	0
0.0908457 	-39.0857 	40.718 	1.20874 	0
0.0914171 	-39.0653 	40.2941 	1.20585 	0
0.0919884 	-39.0384 	39.8488 	1.1979 	0
0.0925598 	-39.0089 	39.3932 	1.18792 	0
0.0931312 	-38.9796 	38.9214 	1.17791 	0
0.0937025 	-38.9502 	38.4496 	1.16791 	0
0.0942739 	-38.9209 	37.9778 	1.15791 	0
0.0948452 	-38.8887 	37.4829 	1.14384 	0
0.0954166 	-38.8553 	36.9733 	1.12805 	0
0.0959879 	-38.8215 	36.4511 	1.11194 	0
0.0965593 	-38.7878 	35.9288 	1.09583 	0
0.0971307 	-38.7536 	35.3936 	1.078 	0
0.097702 	-38.7184 	34.8332 	1.05704 	0
0.0982734 	-38.6824 	34.2567 	1.03534 	0
0.0988447 	-38.6465 	33.6802 	1.01364 	0
0.0994161 	-38.6111 	33.0806 	0.989897 	0
0.0999874 	-38.5757 	32.4542 	0.963985 	0
0.100559 	-38.5397 	31.8184 	0.937463 	0
0.10113 	-38.5043 	31.1706 	0.910266 	0
0.101702 	-38.4703 	30.4815 	0.880582 	0
0.102273 	-38.4356 	29.7799 	0.849872 	0
0.102844 	-38.402 	29.0581 	0.818514 	0
0.103416 	-38.3699 	28.291 	0.78505 	0
0.103987 	-38.3373 	27.5157 	0.750785 	0
0.104558 	-38.3076 	26.6831 	0.715406 	0
0.10513 	-38.2776 	25.825 	0.678139 	0
0.105701 	-38.25 	24.9168 	0.640633 	0
0.106272 	-38.2229 	23.9649 	0.600922 	0
0.106844 	-38.1982 	22.944 	0.561024 	0
0.107415 	-38.1741 	21.8801 	0.51929 	0
0.107986 	-38.1532 	20.7031 	0.476822 	0
0.108558 	-38.1342 	19.382 	0.435023 	0
0.109129 	-38.1197 	17.8061 	0.393587 	0
0.109701 	-38.1143 	15.8052 	0.352512 	0
0.110272 	-38.1189 	13.6087 	0.312022 	0
0.110843 	-38.1219 	11.7496 	0.265429 	0
0.111415 	-38.1236 	10.3467 	0.20905 	0
0.111986 	-38.1213 	9.56858 	0.148727 	0
0.112557 	-38.108 	9.08589 	0.089317 	0
0.113129 	-38.0877 	8.15482 	0.0360105 	0
0.1137 	-38.0745 	1.76987e-11 	4.91174e-15 	0
