0 	4.59483 	0 	0 	0
0.000571357 	1.53154 	29.9856 	-1.41464 	0
0.00114271 	-3.74792 	28.5393 	-3.03615 	0
0.00171407 	-11.4108 	27.159 	-4.49445 	0
0.00228543 	-20.3518 	25.9895 	-5.76485 	0
0.00285678 	-30.2242 	25.181 	-6.89113 	0
0.00342814 	-40.736 	24.5519 	-7.8637 	0
0.0039995 	-51.8943 	24.0022 	-8.72874 	0
0.00457085 	-63.1015 	23.3749 	-9.50803 	0
0.00514221 	-74.0568 	22.6615 	-10.214 	0
0.00571357 	-85.5405 	21.831 	-10.8914 	0
0.00628492 	-97.3711 	20.7881 	-11.4494 	0
0.00685628 	-107.319 	19.5591 	-11.543 	0
0.00742764 	-103.51 	17.9934 	-10.8769 	0
0.00799899 	-80.3696 	14.3677 	-8.99343 	0
0.00857035 	-50.0594 	11.8749 	-6.16357 	0
0.00914171 	-21.4248 	9.38889 	-3.2427 	0
0.00971307 	-5.32836 	9.2427 	-0.38013 	0
0.0102844 	-6.16569 	10.3293 	2.4088 	0
0.0108558 	-19.277 	10.2497 	5.3923 	0
0.0114271 	-39.0222 	9.77005 	8.12174 	0
0.0119985 	-60.8371 	8.65075 	10.1264 	0
0.0125698 	-72.9666 	7.23634 	11.3448 	0
0.0131412 	-22.0619 	6.54529 	12.6096 	0
0.0137126 	34.677 	7.41819 	12.7654 	0
0.0142839 	70.512 	8.83305 	12.8393 	0
0.0148553 	96.4574 	10.5318 	12.9048 	0
0.0154266 	115.388 	12.3577 	12.951 	0
0.015998 	127.423 	14.2432 	12.9737 	0
0.0165693 	135.106 	16.1308 	12.9322 	0
0.0171407 	138.929 	17.9953 	12.8527 	0
0.0177121 	140.067 	19.8208 	12.7375 	0
0.0182834 	138.275 	21.5565 	12.5113 	0
0.0188548 	135.058 	23.2605 	12.2902 	0
0.0194261 	131.495 	24.9152 	12.069 	0
0.0199975 	125.109 	26.429 	11.7217 	0
0.0205688 	119.646 	27.8315 	11.3781 	0
0.0211402 	111.982 	29.1062 	10.9513 	0
0.0217116 	105.609 	30.2547 	10.4787 	0
0.0222829 	96.8106 	31.3455 	10.0256 	0
0.0228543 	90.6022 	32.2819 	9.43064 	0
0.0234256 	81.6868 	33.2709 	9.04141 	0
0.023997 	73.7979 	34.1785 	8.5766 	0
0.0245683 	66.6036 	35.0239 	8.12011 	0
0.0251397 	58.0571 	35.9638 	7.86918 	0
0.0257111 	50.6467 	36.8054 	7.5418 	0
0.0262824 	43.8363 	37.5895 	7.22247 	0
0.0268538 	36.0793 	38.4433 	7.07245 	0
0.0274251 	28.7223 	39.2609 	6.89874 	0
0.0279965 	22.8731 	39.9419 	6.63574 	0
0.0285678 	16.3204 	40.6438 	6.47157 	0
0.0291392 	9.61681 	41.3502 	6.3286 	0
0.0297106 	3.66324 	41.9928 	6.15609 	0
0.0302819 	-1.21274 	42.5437 	5.94114 	0
0.0308533 	-6.54136 	43.0937 	5.77312 	0
0.0314246 	-11.9686 	43.6435 	5.61534 	0
0.031996 	-17.3049 	44.184 	5.45478 	0
0.0325673 	-21.0658 	44.5632 	5.24617 	0
0.0331387 	-24.9172 	44.9419 	5.04617 	0
0.0337101 	-29.0674 	45.3189 	4.87465 	0
0.0342814 	-33.2175 	45.696 	4.70313 	0
0.0348528 	-37.2629 	46.0633 	4.52982 	0
0.0354241 	-39.6893 	46.2802 	4.32888 	0
0.0359955 	-42.1157 	46.4971 	4.12795 	0
0.0365668 	-44.8345 	46.713 	3.95059 	0
0.0371382 	-47.5618 	46.9288 	3.77391 	0
0.0377095 	-50.2891 	47.1447 	3.59723 	0
0.0382809 	-52.5109 	47.3219 	3.41116 	0
0.0388523 	-53.7309 	47.4227 	3.20648 	0
0.0394236 	-54.951 	47.5235 	3.0018 	0
0.039995 	-56.4022 	47.6288 	2.81522 	0
0.0405663 	-57.868 	47.7343 	2.62979 	0
0.0411377 	-59.3338 	47.8399 	2.44435 	0
0.041709 	-60.7997 	47.9454 	2.25892 	0
0.0422804 	-61.2171 	47.9834 	2.0858 	0
0.0428518 	-61.3239 	48.0014 	1.91634 	0
0.0434231 	-61.4364 	48.0195 	1.74719 	0
0.0439945 	-61.7646 	48.0446 	1.58966 	0
0.0445658 	-62.0929 	48.0698 	1.43213 	0
0.0451372 	-62.4212 	48.0949 	1.27459 	0
0.0457085 	-62.7495 	48.12 	1.11706 	0
0.0462799 	-62.7383 	48.1394 	0.96044 	0
0.0468513 	-61.6867 	48.1416 	0.806601 	0
0.0474226 	-60.6352 	48.1437 	0.652761 	0
0.047994 	-59.6077 	48.1455 	0.499546 	0
0.0485653 	-58.8023 	48.1448 	0.352087 	0
0.0491367 	-57.997 	48.144 	0.204628 	0
0.049708 	-57.1916 	48.1432 	0.0571681 	0
0.0502794 	-56.3862 	48.1424 	-0.0902912 	0
0.0508508 	-55.5808 	48.1417 	-0.237751 	0
0.0514221 	-54.2964 	48.1343 	-0.416509 	0
0.0519935 	-52.7161 	48.1229 	-0.614598 	0
0.0525648 	-51.1358 	48.1114 	-0.812687 	0
0.0531362 	-49.5575 	48.0999 	-1.01059 	0
0.0537075 	-48.1938 	48.0797 	-1.18867 	0
0.0542789 	-46.8302 	48.0594 	-1.36674 	0
0.0548503 	-45.4665 	48.0392 	-1.54481 	0
0.0554216 	-44.1029 	48.0189 	-1.72288 	0
0.055993 	-42.7392 	47.9987 	-1.90096 	0
0.0565643 	-41.3756 	47.9785 	-2.07903 	0
0.0571357 	-40.1662 	47.9755 	-2.29632 	0
0.057707 	-39.0148 	47.9791 	-2.52836 	0
0.0582784 	-37.8635 	47.9827 	-2.76041 	0
0.0588497 	-36.7121 	47.9864 	-2.99245 	0
0.0594211 	-35.596 	47.9867 	-3.20468 	0
0.0599925 	-34.5045 	47.9847 	-3.40307 	0
0.0605638 	-33.4131 	47.9827 	-3.60147 	0
0.0611352 	-32.3216 	47.9807 	-3.79986 	0
0.0617065 	-31.2301 	47.9787 	-3.99825 	0
0.0622779 	-30.1386 	47.9767 	-4.19664 	0
0.0628492 	-29.0471 	47.9747 	-4.39503 	0
0.0634206 	-28.2021 	47.9715 	-4.61201 	0
0.063992 	-27.7491 	47.9665 	-4.85857 	0
0.0645633 	-27.2961 	47.9615 	-5.10512 	0
0.0651347 	-26.843 	47.9565 	-5.35167 	0
0.065706 	-26.3596 	47.9518 	-5.59092 	0
0.0662774 	-25.7841 	47.948 	-5.80805 	0
0.0668487 	-25.2086 	47.9443 	-6.02519 	0
0.0674201 	-24.6332 	47.9406 	-6.24233 	0
0.0679915 	-24.0577 	47.9369 	-6.45946 	0
0.0685628 	-23.4822 	47.9331 	-6.6766 	0
0.0691342 	-22.9068 	47.9294 	-6.89374 	0
0.0697055 	-22.3423 	47.9231 	-7.11117 	0
0.0702769 	-22.0038 	47.8642 	-7.33474 	0
0.0708482 	-21.6654 	47.8053 	-7.55831 	0
0.0714196 	-21.327 	47.7464 	-7.78188 	0
0.071991 	-20.8998 	47.6885 	-7.9935 	0
0.0725623 	-20.3584 	47.632 	-8.18974 	0
0.0731337 	-19.817 	47.5755 	-8.38598 	0
0.073705 	-19.2756 	47.5189 	-8.58222 	0
0.0742764 	-18.7342 	47.4624 	-8.77846 	0
0.0748477 	-18.1928 	47.4059 	-8.9747 	0
0.0754191 	-17.562 	47.3392 	-9.17683 	0
0.0759905 	-16.4439 	47.2171 	-9.41107 	0
0.0765618 	-15.3259 	47.0949 	-9.6453 	0
0.0771332 	-14.2068 	46.9728 	-9.87926 	0
0.0777045 	-12.9332 	46.8551 	-10.0749 	0
0.0782759 	-11.6595 	46.7375 	-10.2706 	0
0.0788472 	-10.3858 	46.6199 	-10.4663 	0
0.0794186 	-9.11219 	46.5023 	-10.662 	0
0.0799899 	-7.83853 	46.3847 	-10.8576 	0
0.0805613 	-6.20983 	46.1901 	-11.0587 	0
0.0811327 	-4.26327 	45.9267 	-11.2647 	0
0.081704 	-2.31671 	45.6634 	-11.4707 	0
0.0822754 	-0.316754 	45.4192 	-11.6448 	0
0.0828467 	1.6981 	45.1804 	-11.8099 	0
0.0834181 	3.71296 	44.9416 	-11.9751 	0
0.0839894 	5.72781 	44.7027 	-12.1403 	0
0.0845608 	7.74442 	44.4636 	-12.3052 	0
0.0851322 	10.4971 	44.0723 	-12.392 	0
0.0857035 	13.2498 	43.6811 	-12.4787 	0
0.0862749 	15.9555 	43.3211 	-12.5486 	0
0.0868462 	18.6308 	42.9814 	-12.6075 	0
0.0874176 	21.3061 	42.6417 	-12.6664 	0
0.0879889 	23.9814 	42.302 	-12.7253 	0
0.0885603 	27.0536 	41.897 	-12.7254 	0
0.0891317 	30.6341 	41.4083 	-12.6501 	0
0.089703 	34.1263 	40.9455 	-12.5745 	0
0.0902744 	37.4542 	40.5308 	-12.4983 	0
0.0908457 	40.7821 	40.1162 	-12.4221 	0
0.0914171 	44.11 	39.7016 	-12.346 	0
0.0919884 	47.9538 	39.2273 	-12.1447 	0
0.0925598 	52.0048 	38.7291 	-11.8932 	0
0.0931312 	55.6259 	38.291 	-11.6443 	0
0.0937025 	59.1945 	37.8604 	-11.3957 	0
0.0942739 	62.7631 	37.4297 	-11.147 	0
0.0948452 	66.9953 	37.0126 	-10.8208 	0
0.0954166 	71.3915 	36.6085 	-10.4659 	0
0.0959879 	75.1546 	36.2564 	-10.1221 	0
0.0965593 	78.9178 	35.9043 	-9.77828 	0
0.0971307 	82.8761 	35.5635 	-9.37946 	0
0.097702 	87.1762 	35.2427 	-8.88443 	0
0.0982734 	90.6697 	34.9821 	-8.45696 	0
0.0988447 	94.1446 	34.7229 	-8.03105 	0
0.0994161 	97.7464 	34.5078 	-7.50917 	0
0.0999874 	101.147 	34.3378 	-6.9495 	0
0.100559 	104.005 	34.1874 	-6.45565 	0
0.10113 	106.862 	34.0676 	-5.93057 	0
0.101702 	109.575 	34.0373 	-5.33645 	0
0.102273 	111.701 	34.0004 	-4.84273 	0
0.102844 	113.71 	34.0122 	-4.30899 	0
0.103416 	115.287 	34.0912 	-3.76305 	0
0.103987 	116.58 	34.1459 	-3.29216 	0
0.104558 	117.517 	34.3132 	-2.77761 	0
0.10513 	118.121 	34.4316 	-2.3547 	0
0.105701 	118.413 	34.6265 	-1.92226 	0
0.106272 	118.48 	34.7897 	-1.5491 	0
0.106844 	118.209 	35.0084 	-1.19091 	0
0.107415 	117.881 	35.1936 	-0.86652 	0
0.107986 	117.249 	35.4163 	-0.570651 	0
0.108558 	116.521 	35.6216 	-0.294269 	0
0.109129 	115.764 	35.7918 	-0.0346442 	0
0.109701 	114.995 	35.9076 	0.212756 	0
0.110272 	114.252 	35.9508 	0.448451 	0
0.110843 	113.612 	35.8422 	0.66874 	0
0.111415 	113.099 	35.3803 	0.854872 	0
0.111986 	112.746 	34.1704 	0.944977 	0
0.112557 	112.564 	31.5768 	0.86998 	0
0.113129 	112.572 	26.2298 	0.524102 	0
0.1137 	112.989 	1.03253e-10 	1.3975e-13 	0
