0.0131412 	-49.95 	20.486 	-0.00986836 	0
0.0137126 	-49.9309 	25.397 	-0.0160558 	0
0.0142839 	-49.893 	29.3775 	-0.00545978 	0
0.0148553 	-49.8476 	32.3298 	0.00694847 	0
0.0154266 	-49.8071 	33.8368 	0.0022525 	0
0.015998 	-49.7596 	34.8025 	-0.00685383 	0
0.0165693 	-49.7048 	35.6156 	-0.0159809 	0
0.0171407 	-49.6426 	36.3212 	-0.0250234 	0
0.0177121 	-49.5735 	36.9476 	-0.03397 	0
0.0182834 	-49.4982 	37.5163 	-0.0428184 	0
0.0188548 	-49.4134 	38.0271 	-0.0517317 	0
0.0194261 	-49.3221 	38.4936 	-0.0603919 	0
0.0199975 	-49.2285 	38.9406 	-0.0689294 	0
0.0205688 	-49.1196 	39.3369 	-0.0775645 	0
0.0211402 	-49.0132 	39.7273 	-0.0858815 	0
0.0217116 	-48.8904 	40.0772 	-0.0943179 	0
0.0222829 	-48.7725 	40.4274 	-0.102473 	0
0.0228543 	-48.6357 	40.7394 	-0.110647 	0
0.0234256 	-48.4973 	41.0488 	-0.118843 	0
0.023997 	-48.3589 	41.3436 	-0.126586 	0
0.0245683 	-48.203 	41.6173 	-0.134526 	0
0.0251397 	-48.0499 	41.891 	-0.142353 	0
0.0257111 	-47.8905 	42.1485 	-0.149848 	0
0.0262824 	-47.7153 	42.3907 	-0.157455 	0
0.0268538 	-47.54 	42.633 	-0.165061 	0
0.0274251 	-47.3726 	42.8696 	-0.172187 	0
0.0279965 	-47.1765 	43.0835 	-0.179474 	0
0.0285678 	-46.9804 	43.2974 	-0.186761 	0
0.0291392 	-46.7895 	43.5115 	-0.193898 	0
0.0297106 	-46.5943 	43.7048 	-0.200619 	0
0.0302819 	-46.3752 	43.8678 	-0.207243 	0
0.0308533 	-46.1561 	44.0308 	-0.213868 	0
0.0314246 	-45.9384 	44.1939 	-0.22046 	0
0.031996 	-45.7364 	44.352 	-0.226619 	0
0.0325673 	-45.497 	44.4085 	-0.232261 	0
0.0331387 	-45.2576 	44.465 	-0.237902 	0
0.0337101 	-45.0181 	44.5216 	-0.243544 	0
0.0342814 	-44.7835 	44.5783 	-0.249106 	0
0.0348528 	-44.5627 	44.6317 	-0.25438 	0
0.0354241 	-44.3088 	44.6246 	-0.259233 	0
0.0359955 	-44.055 	44.6175 	-0.264085 	0
0.0365668 	-43.8012 	44.6104 	-0.268937 	0
0.0371382 	-43.5474 	44.6033 	-0.27379 	0
0.0377095 	-43.3081 	44.5966 	-0.278462 	0
0.0382809 	-43.0645 	44.5901 	-0.282934 	0
0.0388523 	-42.7984 	44.5837 	-0.287181 	0
0.0394236 	-42.5323 	44.5773 	-0.291427 	0
0.039995 	-42.2663 	44.571 	-0.295674 	0
0.0405663 	-42.0002 	44.5646 	-0.299921 	0
0.0411377 	-41.7409 	44.5584 	-0.304101 	0
0.041709 	-41.4969 	44.5525 	-0.308134 	0
0.0422804 	-41.2284 	44.5464 	-0.311814 	0
0.0428518 	-40.9527 	44.5402 	-0.315391 	0
0.0434231 	-40.6769 	44.534 	-0.318967 	0
0.0439945 	-40.4012 	44.5279 	-0.322543 	0
0.0445658 	-40.1254 	44.5217 	-0.326119 	0
0.0451372 	-39.8499 	44.5156 	-0.329694 	0
0.0457085 	-39.5964 	44.5099 	-0.333112 	0
0.0462799 	-39.3361 	44.5041 	-0.336372 	0
0.0468513 	-39.055 	44.4982 	-0.339149 	0
0.0474226 	-38.7739 	44.4922 	-0.341926 	0
0.047994 	-38.4929 	44.4863 	-0.344703 	0
0.0485653 	-38.2118 	44.4804 	-0.347479 	0
0.0491367 	-37.9307 	44.4744 	-0.350256 	0
0.049708 	-37.6497 	44.4685 	-0.353033 	0
0.0502794 	-37.3826 	44.4628 	-0.355748 	0
0.0508508 	-37.1235 	44.4573 	-0.358429 	0
0.0514221 	-36.8507 	44.4517 	-0.360612 	0
0.0519935 	-36.5695 	44.446 	-0.362486 	0
0.0525648 	-36.2883 	44.4404 	-0.36436 	0
0.0531362 	-36.0072 	44.4347 	-0.366234 	0
0.0537075 	-35.726 	44.429 	-0.368109 	0
0.0542789 	-35.4448 	44.4233 	-0.369983 	0
0.0548503 	-35.1637 	44.4176 	-0.371857 	0
0.0554216 	-34.8835 	44.412 	-0.37373 	0
0.055993 	-34.6235 	44.4068 	-0.375574 	0
0.0565643 	-34.3635 	44.4015 	-0.377418 	0
0.0571357 	-34.098 	44.3963 	-0.378538 	0
0.057707 	-33.8305 	44.3912 	-0.379384 	0
0.0582784 	-33.563 	44.386 	-0.380231 	0
0.0588497 	-33.2955 	44.3808 	-0.381078 	0
0.0594211 	-33.028 	44.3757 	-0.381924 	0
0.0599925 	-32.7605 	44.3705 	-0.382771 	0
0.0605638 	-32.493 	44.3653 	-0.383618 	0
0.0611352 	-32.2255 	44.3602 	-0.384464 	0
0.0617065 	-31.9589 	44.355 	-0.385313 	0
0.0622779 	-31.7109 	44.3503 	-0.386197 	0
0.0628492 	-31.463 	44.3456 	-0.387082 	0
0.0634206 	-31.2127 	44.3408 	-0.387568 	0
0.063992 	-30.9586 	44.3362 	-0.38742 	0
0.0645633 	-30.7045 	44.3315 	-0.387271 	0
0.0651347 	-30.4505 	44.3269 	-0.387122 	0
0.065706 	-30.1964 	44.3222 	-0.386974 	0
0.0662774 	-29.9423 	44.3176 	-0.386825 	0
0.0668487 	-29.6883 	44.3129 	-0.386677 	0
0.0674201 	-29.4342 	44.3083 	-0.386528 	0
0.0679915 	-29.1801 	44.3036 	-0.386379 	0
0.0685628 	-28.9389 	44.2993 	-0.386305 	0
0.0691342 	-28.703 	44.295 	-0.386262 	0
0.0697055 	-28.4669 	44.2908 	-0.38617 	0
0.0702769 	-28.225 	44.2867 	-0.385083 	0
0.0708482 	-27.9832 	44.2826 	-0.383996 	0
0.0714196 	-27.7414 	44.2785 	-0.382909 	0
0.071991 	-27.4996 	44.2744 	-0.381822 	0
0.0725623 	-27.2577 	44.2703 	-0.380735 	0
0.0731337 	-27.0159 	44.2662 	-0.379648 	0
0.073705 	-26.7741 	44.262 	-0.378561 	0
0.0742764 	-26.5404 	44.2581 	-0.377555 	0
0.0748477 	-26.3158 	44.2544 	-0.37664 	0
0.0754191 	-26.0917 	44.2508 	-0.375577 	0
0.0759905 	-25.8706 	44.2474 	-0.373705 	0
0.0765618 	-25.6496 	44.2441 	-0.371834 	0
0.0771332 	-25.4285 	44.2408 	-0.369963 	0
0.0777045 	-25.2075 	44.2374 	-0.368091 	0
0.0782759 	-24.9864 	44.2341 	-0.36622 	0
0.0788472 	-24.7653 	44.2307 	-0.364348 	0
0.0794186 	-24.5529 	44.2276 	-0.362602 	0
0.0799899 	-24.3477 	44.2246 	-0.360958 	0
0.0805613 	-24.1451 	44.2219 	-0.358856 	0
0.0811327 	-23.945 	44.2195 	-0.356345 	0
0.081704 	-23.7448 	44.217 	-0.353834 	0
0.0822754 	-23.5447 	44.2145 	-0.351323 	0
0.0828467 	-23.3446 	44.212 	-0.348811 	0
0.0834181 	-23.1444 	44.2095 	-0.3463 	0
0.0839894 	-22.9553 	44.2073 	-0.344 	0
0.0845608 	-22.7696 	44.2052 	-0.341762 	0
0.0851322 	-22.5896 	44.2037 	-0.338731 	0
0.0857035 	-22.4096 	44.2022 	-0.335701 	0
0.0862749 	-22.2296 	44.2007 	-0.332671 	0
0.0868462 	-22.0496 	44.1992 	-0.329641 	0
0.0874176 	-21.8696 	44.1977 	-0.32661 	0
0.0879889 	-21.7024 	44.1965 	-0.323888 	0
0.0885603 	-21.538 	44.1956 	-0.320852 	0
0.0891317 	-21.3767 	44.1952 	-0.317407 	0
0.089703 	-21.2155 	44.1948 	-0.313961 	0
0.0902744 	-21.0542 	44.1944 	-0.310515 	0
0.0908457 	-20.8936 	44.194 	-0.307088 	0
0.0914171 	-20.7443 	44.1939 	-0.30399 	0
0.0919884 	-20.5987 	44.1945 	-0.300407 	0
0.0925598 	-20.4546 	44.1954 	-0.296629 	0
0.0931312 	-20.3105 	44.1962 	-0.292851 	0
0.0937025 	-20.1665 	44.1971 	-0.289072 	0
0.0942739 	-20.032 	44.1982 	-0.285628 	0
0.0948452 	-19.9022 	44.2002 	-0.281765 	0
0.0954166 	-19.7737 	44.2025 	-0.277723 	0
0.0959879 	-19.6452 	44.2048 	-0.27368 	0
0.0965593 	-19.5205 	44.2073 	-0.269791 	0
0.0971307 	-19.4034 	44.2104 	-0.265925 	0
0.097702 	-19.289 	44.2144 	-0.261673 	0
0.0982734 	-19.1746 	44.2185 	-0.257421 	0
0.0988447 	-19.0643 	44.2226 	-0.253357 	0
0.0994161 	-18.961 	44.2279 	-0.249193 	0
0.0999874 	-18.8593 	44.234 	-0.244775 	0
0.100559 	-18.7578 	44.24 	-0.240369 	0
0.10113 	-18.6652 	44.2468 	-0.236242 	0
0.101702 	-18.5749 	44.2551 	-0.231695 	0
0.102273 	-18.485 	44.2635 	-0.227165 	0
0.102844 	-18.4032 	44.2729 	-0.222866 	0
0.103416 	-18.3232 	44.2838 	-0.21822 	0
0.103987 	-18.2461 	44.2948 	-0.213769 	0
0.104558 	-18.1749 	44.3081 	-0.209133 	0
0.10513 	-18.105 	44.3219 	-0.204483 	0
0.105701 	-18.0415 	44.3376 	-0.199892 	0
0.106272 	-17.9797 	44.3544 	-0.195195 	0
0.106844 	-17.9236 	44.3736 	-0.190519 	0
0.107415 	-17.8702 	44.3938 	-0.185885 	0
0.107986 	-17.8207 	44.417 	-0.181038 	0
0.108558 	-17.7762 	44.4422 	-0.176343 	0
0.109129 	-17.735 	44.4698 	-0.171615 	0
0.109701 	-17.6977 	44.5002 	-0.16686 	0
0.110272 	-17.6644 	44.5338 	-0.162076 	0
0.110843 	-17.6349 	44.571 	-0.157296 	0
0.111415 	-17.6094 	44.5904 	-0.152672 	0
0.111986 	-17.5845 	43.5885 	-0.133115 	0
0.112557 	-17.5856 	39.4636 	-0.0756649 	0
0.113129 	-17.6096 	33.3778 	-0.0278939 	0
0.1137 	-17.6406 	1.54557e-10 	-7.14105e-15 	0
