0 	-195.029 	0 	0 	0
0.000571357 	-195.05 	-13.2708 	-0.293267 	0
0.00114271 	-195.106 	-13.3612 	-0.627492 	0
0.00171407 	-195.19 	-12.1141 	-0.936814 	0
0.00228543 	-195.257 	-10.3839 	-1.21835 	0
0.00285678 	-195.289 	-9.15631 	-1.50342 	0
0.00342814 	-195.297 	-8.08771 	-1.79021 	0
0.0039995 	-195.282 	-7.03457 	-2.07802 	0
0.00457085 	-195.25 	-5.93309 	-2.36591 	0
0.00514221 	-195.208 	-4.74609 	-2.65257 	0
0.00571357 	-195.174 	-3.45511 	-2.93749 	0
0.00628492 	-195.158 	-2.05308 	-3.21859 	0
0.00685628 	-195.183 	-0.540217 	-3.49449 	0
0.00742764 	-195.232 	1.06729 	-3.76155 	0
0.00799899 	-195.236 	2.73544 	-4.01387 	0
0.00857035 	-195.194 	4.45629 	-4.25225 	0
0.00914171 	-195.101 	6.21633 	-4.47214 	0
0.00971307 	-194.972 	8.01389 	-4.67649 	0
0.0102844 	-194.81 	9.83879 	-4.86316 	0
0.0108558 	-194.625 	11.6814 	-5.03058 	0
0.0114271 	-194.424 	13.5359 	-5.17919 	0
0.0119985 	-194.117 	15.3922 	-5.29278 	0
0.0125698 	-194.432 	17.1684 	-5.46054 	0
0.0131412 	-187.576 	18.9543 	-5.49712 	0
0.0137126 	-183.754 	20.0459 	-5.63088 	0
0.0142839 	-181.898 	21.0279 	-5.78684 	0
0.0148553 	-181.014 	21.9953 	-5.95248 	0
0.0154266 	-180.716 	22.9632 	-6.12127 	0
0.015998 	-180.852 	23.9288 	-6.28401 	0
0.0165693 	-181.284 	24.8891 	-6.44027 	0
0.0171407 	-181.941 	25.8416 	-6.58731 	0
0.0177121 	-182.804 	26.771 	-6.7171 	0
0.0182834 	-183.782 	27.6916 	-6.83688 	0
0.0188548 	-184.873 	28.5869 	-6.93959 	0
0.0194261 	-186.039 	29.4563 	-7.02559 	0
0.0199975 	-187.247 	30.3034 	-7.09628 	0
0.0205688 	-188.473 	31.1273 	-7.15152 	0
0.0211402 	-189.694 	31.928 	-7.1916 	0
0.0217116 	-190.902 	32.6969 	-7.21535 	0
0.0222829 	-192.083 	33.434 	-7.2246 	0
0.0228543 	-193.209 	34.1505 	-7.22107 	0
0.0234256 	-194.244 	34.8533 	-7.2041 	0
0.023997 	-195.237 	35.5131 	-7.1744 	0
0.0245683 	-196.155 	36.1506 	-7.13444 	0
0.0251397 	-196.938 	36.7805 	-7.08218 	0
0.0257111 	-197.711 	37.3566 	-7.02283 	0
0.0262824 	-198.292 	37.9383 	-6.95036 	0
0.0268538 	-198.862 	38.4715 	-6.8735 	0
0.0274251 	-199.256 	39.0044 	-6.78544 	0
0.0279965 	-199.638 	39.4939 	-6.69477 	0
0.0285678 	-199.821 	39.9862 	-6.59269 	0
0.0291392 	-200.047 	40.4295 	-6.49237 	0
0.0297106 	-200.006 	40.8834 	-6.37765 	0
0.0302819 	-200.033 	41.2879 	-6.26737 	0
0.0308533 	-199.861 	41.6923 	-6.147 	0
0.0314246 	-199.645 	42.0749 	-6.02552 	0
0.031996 	-199.421 	42.4302 	-5.90511 	0
0.0325673 	-198.956 	42.7901 	-5.77303 	0
0.0331387 	-198.574 	43.1088 	-5.64819 	0
0.0337101 	-198.075 	43.4207 	-5.51868 	0
0.0342814 	-197.416 	43.7343 	-5.38185 	0
0.0348528 	-196.87 	44.0022 	-5.25532 	0
0.0354241 	-196.18 	44.2703 	-5.12261 	0
0.0359955 	-195.348 	44.5389 	-4.98382 	0
0.0365668 	-194.635 	44.7682 	-4.85604 	0
0.0371382 	-193.844 	44.9942 	-4.7256 	0
0.0377095 	-192.868 	45.2196 	-4.58764 	0
0.0382809 	-191.978 	45.4215 	-4.45784 	0
0.0388523 	-191.143 	45.6087 	-4.33313 	0
0.0394236 	-190.085 	45.7937 	-4.2 	0
0.039995 	-189.002 	45.9771 	-4.06621 	0
0.0405663 	-188.067 	46.1281 	-3.94626 	0
0.0411377 	-187.095 	46.2785 	-3.82504 	0
0.041709 	-185.928 	46.4256 	-3.69703 	0
0.0422804 	-184.79 	46.5679 	-3.5716 	0
0.0428518 	-183.789 	46.6862 	-3.45877 	0
0.0434231 	-182.76 	46.8038 	-3.34503 	0
0.0439945 	-181.553 	46.9174 	-3.22574 	0
0.0445658 	-180.345 	47.0309 	-3.10645 	0
0.0451372 	-179.313 	47.1209 	-3.00262 	0
0.0457085 	-178.282 	47.2107 	-2.8989 	0
0.0462799 	-177.108 	47.2963 	-2.79133 	0
0.0468513 	-175.897 	47.3808 	-2.68279 	0
0.0474226 	-174.775 	47.4564 	-2.58164 	0
0.047994 	-173.75 	47.5224 	-2.48847 	0
0.0485653 	-172.708 	47.5877 	-2.39495 	0
0.0491367 	-171.531 	47.6483 	-2.2986 	0
0.049708 	-170.353 	47.709 	-2.20226 	0
0.0502794 	-169.292 	47.7614 	-2.11462 	0
0.0508508 	-168.307 	47.8084 	-2.03266 	0
0.0514221 	-167.315 	47.8553 	-1.95063 	0
0.0519935 	-166.206 	47.8973 	-1.86704 	0
0.0525648 	-165.096 	47.9394 	-1.78345 	0
0.0531362 	-164.052 	47.9784 	-1.70413 	0
0.0537075 	-163.137 	48.0117 	-1.63317 	0
0.0542789 	-162.222 	48.0449 	-1.5622 	0
0.0548503 	-161.252 	48.0757 	-1.4911 	0
0.0554216 	-160.241 	48.1047 	-1.41989 	0
0.055993 	-159.23 	48.1337 	-1.34868 	0
0.0565643 	-158.344 	48.1583 	-1.28374 	0
0.0571357 	-157.525 	48.1806 	-1.2222 	0
0.057707 	-156.706 	48.2029 	-1.16066 	0
0.0582784 	-155.841 	48.2231 	-1.0997 	0
0.0588497 	-154.954 	48.2424 	-1.03904 	0
0.0594211 	-154.066 	48.2617 	-0.978371 	0
0.0599925 	-153.275 	48.272 	-0.920785 	0
0.0605638 	-152.581 	48.2735 	-0.866256 	0
0.0611352 	-151.887 	48.2749 	-0.811727 	0
0.0617065 	-151.181 	48.2759 	-0.757618 	0
0.0622779 	-150.445 	48.2756 	-0.704616 	0
0.0628492 	-149.709 	48.2753 	-0.651615 	0
0.0634206 	-148.973 	48.275 	-0.598613 	0
0.063992 	-148.372 	48.2491 	-0.547564 	0
0.0645633 	-147.792 	48.2191 	-0.49683 	0
0.0651347 	-147.212 	48.1891 	-0.446096 	0
0.065706 	-146.621 	48.1583 	-0.396476 	0
0.0662774 	-146.024 	48.1272 	-0.347497 	0
0.0668487 	-145.427 	48.096 	-0.298518 	0
0.0674201 	-144.855 	48.0597 	-0.249595 	0
0.0679915 	-144.368 	48.0055 	-0.200868 	0
0.0685628 	-143.882 	47.9512 	-0.152141 	0
0.0691342 	-143.397 	47.8968 	-0.103797 	0
0.0697055 	-142.916 	47.842 	-0.0567027 	0
0.0702769 	-142.435 	47.7871 	-0.00960869 	0
0.0708482 	-141.959 	47.7315 	0.0375761 	0
0.0714196 	-141.547 	47.6659 	0.0858942 	0
0.071991 	-141.136 	47.6002 	0.134212 	0
0.0725623 	-140.732 	47.5347 	0.1822 	0
0.0731337 	-140.345 	47.4696 	0.229454 	0
0.073705 	-139.957 	47.4044 	0.276707 	0
0.0742764 	-139.576 	47.3347 	0.325189 	0
0.0748477 	-139.204 	47.2577 	0.375636 	0
0.0754191 	-138.831 	47.1806 	0.426082 	0
0.0759905 	-138.492 	47.1047 	0.476405 	0
0.0765618 	-138.16 	47.0291 	0.526702 	0
0.0771332 	-137.823 	46.9514 	0.577403 	0
0.0777045 	-137.454 	46.8588 	0.631126 	0
0.0782759 	-137.085 	46.7662 	0.684848 	0
0.0788472 	-136.755 	46.6749 	0.739298 	0
0.0794186 	-136.438 	46.584 	0.793992 	0
0.0799899 	-136.1 	46.4878 	0.849264 	0
0.0805613 	-135.7 	46.375 	0.906338 	0
0.0811327 	-135.303 	46.2623 	0.963524 	0
0.081704 	-134.963 	46.1512 	1.0228 	0
0.0822754 	-134.623 	46.0401 	1.08208 	0
0.0828467 	-134.194 	45.9098 	1.14159 	0
0.0834181 	-133.732 	45.7723 	1.2012 	0
0.0839894 	-133.315 	45.6357 	1.26322 	0
0.0845608 	-132.918 	45.4994 	1.32627 	0
0.0851322 	-132.437 	45.3465 	1.38801 	0
0.0857035 	-131.887 	45.1802 	1.44869 	0
0.0862749 	-131.382 	45.0142 	1.51248 	0
0.0868462 	-130.897 	44.8482 	1.57777 	0
0.0874176 	-130.296 	44.6597 	1.63932 	0
0.0879889 	-129.641 	44.4609 	1.69917 	0
0.0885603 	-129.043 	44.2611 	1.76433 	0
0.0891317 	-128.429 	44.0576 	1.82885 	0
0.089703 	-127.658 	43.8231 	1.88572 	0
0.0902744 	-126.912 	43.5873 	1.94576 	0
0.0908457 	-126.191 	43.3502 	2.00898 	0
0.0914171 	-125.335 	43.0848 	2.06305 	0
0.0919884 	-124.456 	42.8107 	2.11684 	0
0.0925598 	-123.603 	42.5335 	2.17535 	0
0.0931312 	-122.638 	42.2301 	2.22365 	0
0.0937025 	-121.639 	41.9148 	2.27057 	0
0.0942739 	-120.654 	41.5952 	2.32198 	0
0.0948452 	-119.556 	41.244 	2.35924 	0
0.0954166 	-118.447 	40.8838 	2.39887 	0
0.0959879 	-117.315 	40.511 	2.43661 	0
0.0965593 	-116.112 	40.1117 	2.46222 	0
0.0971307 	-114.897 	39.7028 	2.49353 	0
0.097702 	-113.633 	39.2654 	2.5102 	0
0.0982734 	-112.337 	38.8132 	2.52786 	0
0.0988447 	-111.02 	38.3382 	2.53682 	0
0.0994161 	-109.668 	37.841 	2.54089 	0
0.0999874 	-108.304 	37.321 	2.53855 	0
0.100559 	-106.913 	36.7755 	2.52949 	0
0.10113 	-105.524 	36.2038 	2.51302 	0
0.101702 	-104.104 	35.6059 	2.49106 	0
0.102273 	-102.727 	34.9755 	2.45873 	0
0.102844 	-101.298 	34.3158 	2.42218 	0
0.103416 	-99.9269 	33.6168 	2.37465 	0
0.103987 	-98.5764 	32.8836 	2.32049 	0
0.104558 	-97.2161 	32.1107 	2.25853 	0
0.10513 	-95.9123 	31.2922 	2.18774 	0
0.105701 	-94.6717 	30.4213 	2.10875 	0
0.106272 	-93.4761 	29.4978 	2.02215 	0
0.106844 	-92.3347 	28.5135 	1.92747 	0
0.107415 	-91.257 	27.4595 	1.82454 	0
0.107986 	-90.2508 	26.3264 	1.71344 	0
0.108558 	-89.3222 	25.1043 	1.59443 	0
0.109129 	-88.4824 	23.7791 	1.46832 	0
0.109701 	-87.7542 	22.3239 	1.33698 	0
0.110272 	-87.0992 	20.7277 	1.19617 	0
0.110843 	-86.547 	18.952 	1.04927 	0
0.111415 	-86.0974 	16.9431 	0.896379 	0
0.111986 	-85.7389 	14.6291 	0.735441 	0
0.112557 	-85.4713 	11.8055 	0.567422 	0
0.113129 	-85.3142 	7.84726 	0.390219 	0
0.1137 	-85.2294 	4.07481 	0.170592 	0
