0 	-477.274 	0 	0 	0
0.000571357 	-477.303 	-17.1481 	-0.0756717 	0
0.00114271 	-477.387 	-16.4832 	-0.193891 	0
0.00171407 	-477.511 	-15.8201 	-0.313707 	0
0.00228543 	-477.663 	-14.0442 	-0.423447 	0
0.00285678 	-477.788 	-10.8279 	-0.51493 	0
0.00342814 	-477.948 	-7.46371 	-0.617318 	0
0.0039995 	-478.175 	-5.17491 	-0.736131 	0
0.00457085 	-478.444 	-3.16228 	-0.862852 	0
0.00514221 	-478.752 	-1.31099 	-0.992629 	0
0.00571357 	-479.093 	0.415222 	-1.12335 	0
0.00628492 	-479.466 	2.02611 	-1.25148 	0
0.00685628 	-479.871 	3.54347 	-1.37528 	0
0.00742764 	-480.306 	4.99402 	-1.49401 	0
0.00799899 	-480.764 	6.39777 	-1.60713 	0
0.00857035 	-481.259 	7.7951 	-1.7144 	0
0.00914171 	-481.762 	9.17462 	-1.81432 	0
0.00971307 	-482.303 	10.5672 	-1.91106 	0
0.0102844 	-482.886 	11.9739 	-2.00719 	0
0.0108558 	-483.394 	13.3883 	-2.07069 	0
0.0114271 	-483.947 	14.8158 	-2.14508 	0
0.0119985 	-484.974 	16.3243 	-2.35647 	0
0.0125698 	-485.5 	17.5704 	-2.4146 	0
0.0131412 	-486.944 	14.6939 	-2.25345 	0
0.0137126 	-488.644 	12.299 	-2.38195 	0
0.0142839 	-489.972 	11.2439 	-2.51475 	0
0.0148553 	-491.127 	10.9104 	-2.64389 	0
0.0154266 	-492.207 	11.0227 	-2.7653 	0
0.015998 	-493.21 	11.4278 	-2.87979 	0
0.0165693 	-494.185 	12.0289 	-2.98513 	0
0.0171407 	-495.139 	12.7769 	-3.0803 	0
0.0177121 	-496.075 	13.6307 	-3.16487 	0
0.0182834 	-496.994 	14.5585 	-3.23928 	0
0.0188548 	-497.874 	15.5173 	-3.3127 	0
0.0194261 	-498.746 	16.5433 	-3.36912 	0
0.0199975 	-499.606 	17.5984 	-3.41508 	0
0.0205688 	-500.416 	18.6394 	-3.46652 	0
0.0211402 	-501.224 	19.7305 	-3.49505 	0
0.0217116 	-501.983 	20.788 	-3.53349 	0
0.0222829 	-502.735 	21.8859 	-3.55026 	0
0.0228543 	-503.429 	22.9483 	-3.57381 	0
0.0234256 	-504.118 	24.0063 	-3.59866 	0
0.023997 	-504.748 	25.0975 	-3.59228 	0
0.0245683 	-505.347 	26.1381 	-3.60617 	0
0.0251397 	-505.934 	27.1905 	-3.61016 	0
0.0257111 	-506.444 	28.2416 	-3.59696 	0
0.0262824 	-506.926 	29.2534 	-3.60048 	0
0.0268538 	-507.408 	30.2654 	-3.60376 	0
0.0274251 	-507.799 	31.299 	-3.57086 	0
0.0279965 	-508.131 	32.2719 	-3.56565 	0
0.0285678 	-508.463 	33.2448 	-3.56045 	0
0.0291392 	-508.764 	34.2245 	-3.54135 	0
0.0297106 	-508.964 	35.1914 	-3.50905 	0
0.0302819 	-509.107 	36.1195 	-3.49968 	0
0.0308533 	-509.25 	37.0475 	-3.49031 	0
0.0314246 	-509.382 	37.9756 	-3.47686 	0
0.031996 	-509.414 	38.9016 	-3.42922 	0
0.0325673 	-509.307 	39.7875 	-3.41858 	0
0.0331387 	-509.2 	40.6734 	-3.40794 	0
0.0337101 	-509.094 	41.5593 	-3.39729 	0
0.0342814 	-508.958 	42.4382 	-3.37665 	0
0.0348528 	-508.731 	43.2973 	-3.33058 	0
0.0354241 	-508.336 	44.1626 	-3.33114 	0
0.0359955 	-507.941 	45.0279 	-3.33171 	0
0.0365668 	-507.546 	45.8932 	-3.33227 	0
0.0371382 	-507.151 	46.7585 	-3.33284 	0
0.0377095 	-506.688 	47.5937 	-3.31533 	0
0.0382809 	-506.116 	48.4324 	-3.30121 	0
0.0388523 	-505.381 	49.3022 	-3.30836 	0
0.0394236 	-504.647 	50.1721 	-3.31551 	0
0.039995 	-503.913 	51.0419 	-3.32266 	0
0.0405663 	-503.179 	51.9118 	-3.3298 	0
0.0411377 	-502.432 	52.7722 	-3.33572 	0
0.041709 	-501.659 	53.6149 	-3.33934 	0
0.0422804 	-500.567 	54.4887 	-3.33985 	0
0.0428518 	-499.38 	55.3718 	-3.33943 	0
0.0434231 	-498.193 	56.2549 	-3.33901 	0
0.0439945 	-497.006 	57.138 	-3.33859 	0
0.0445658 	-495.819 	58.0211 	-3.33818 	0
0.0451372 	-494.63 	58.9058 	-3.33899 	0
0.0457085 	-493.405 	59.8194 	-3.36149 	0
0.0462799 	-492.086 	60.711 	-3.36707 	0
0.0468513 	-490.475 	61.5355 	-3.32077 	0
0.0474226 	-488.863 	62.3599 	-3.27446 	0
0.047994 	-487.252 	63.1844 	-3.22816 	0
0.0485653 	-485.641 	64.0088 	-3.18185 	0
0.0491367 	-484.03 	64.8332 	-3.13554 	0
0.049708 	-482.419 	65.6577 	-3.08924 	0
0.0502794 	-480.721 	66.5625 	-3.07358 	0
0.0508508 	-478.984 	67.5033 	-3.07165 	0
0.0514221 	-477.216 	68.1829 	-2.98365 	0
0.0519935 	-475.431 	68.7012 	-2.8425 	0
0.0525648 	-473.645 	69.2194 	-2.70136 	0
0.0531362 	-471.859 	69.7377 	-2.56021 	0
0.0537075 	-470.074 	70.2559 	-2.41906 	0
0.0542789 	-468.288 	70.7742 	-2.27792 	0
0.0548503 	-466.502 	71.2925 	-2.13677 	0
0.0554216 	-464.701 	71.823 	-1.99906 	0
0.055993 	-462.759 	72.4608 	-1.8914 	0
0.0565643 	-460.818 	73.0987 	-1.78375 	0
0.0571357 	-459.223 	73.3462 	-1.62199 	0
0.057707 	-457.759 	73.447 	-1.43989 	0
0.0582784 	-456.294 	73.5477 	-1.25778 	0
0.0588497 	-454.83 	73.6484 	-1.07567 	0
0.0594211 	-453.365 	73.7491 	-0.893561 	0
0.0599925 	-451.901 	73.8498 	-0.711452 	0
0.0605638 	-450.437 	73.9506 	-0.529344 	0
0.0611352 	-448.972 	74.0513 	-0.347236 	0
0.0617065 	-447.504 	74.1557 	-0.166478 	0
0.0622779 	-446 	74.2904 	0.0033569 	0
0.0628492 	-444.497 	74.4251 	0.173192 	0
0.0634206 	-443.196 	74.3971 	0.344467 	0
0.063992 	-442.216 	74.1107 	0.518031 	0
0.0645633 	-441.236 	73.8242 	0.691595 	0
0.0651347 	-440.256 	73.5378 	0.86516 	0
0.065706 	-439.276 	73.2513 	1.03872 	0
0.0662774 	-438.296 	72.9648 	1.21229 	0
0.0668487 	-437.316 	72.6784 	1.38585 	0
0.0674201 	-436.336 	72.3919 	1.55942 	0
0.0679915 	-435.356 	72.1054 	1.73298 	0
0.0685628 	-434.488 	71.7907 	1.90049 	0
0.0691342 	-433.652 	71.4676 	2.06619 	0
0.0697055 	-432.825 	71.1297 	2.2305 	0
0.0702769 	-432.188 	70.4876 	2.3661 	0
0.0708482 	-431.551 	69.8456 	2.5017 	0
0.0714196 	-430.913 	69.2036 	2.6373 	0
0.071991 	-430.276 	68.5616 	2.7729 	0
0.0725623 	-429.639 	67.9196 	2.90849 	0
0.0731337 	-429.001 	67.2775 	3.04409 	0
0.073705 	-428.364 	66.6355 	3.17969 	0
0.0742764 	-427.889 	65.9562 	3.30864 	0
0.0748477 	-427.558 	65.244 	3.43172 	0
0.0754191 	-427.214 	64.5151 	3.54866 	0
0.0759905 	-426.806 	63.695 	3.63216 	0
0.0765618 	-426.399 	62.8749 	3.71566 	0
0.0771332 	-425.991 	62.0548 	3.79916 	0
0.0777045 	-425.583 	61.2347 	3.88266 	0
0.0782759 	-425.175 	60.4147 	3.96616 	0
0.0788472 	-424.767 	59.5946 	4.04966 	0
0.0794186 	-424.569 	58.7338 	4.12677 	0
0.0799899 	-424.512 	57.8458 	4.1996 	0
0.0805613 	-424.286 	56.9501 	4.26214 	0
0.0811327 	-423.908 	56.0474 	4.31545 	0
0.081704 	-423.531 	55.1448 	4.36877 	0
0.0822754 	-423.153 	54.2421 	4.42208 	0
0.0828467 	-422.776 	53.3394 	4.4754 	0
0.0834181 	-422.398 	52.4367 	4.52871 	0
0.0839894 	-422.258 	51.4873 	4.5789 	0
0.0845608 	-422.173 	50.527 	4.62829 	0
0.0851322 	-421.718 	49.5568 	4.64761 	0
0.0857035 	-421.263 	48.5866 	4.66693 	0
0.0862749 	-420.808 	47.6164 	4.68625 	0
0.0868462 	-420.353 	46.6462 	4.70556 	0
0.0874176 	-419.902 	45.6751 	4.72488 	0
0.0879889 	-419.667 	44.6453 	4.74419 	0
0.0885603 	-419.315 	43.6137 	4.75238 	0
0.0891317 	-418.814 	42.5797 	4.74635 	0
0.089703 	-418.313 	41.5457 	4.74033 	0
0.0902744 	-417.812 	40.5118 	4.7343 	0
0.0908457 	-417.324 	39.4719 	4.72855 	0
0.0914171 	-416.971 	38.3713 	4.72568 	0
0.0919884 	-416.472 	37.2739 	4.70124 	0
0.0925598 	-415.915 	36.1777 	4.66814 	0
0.0931312 	-415.358 	35.0815 	4.63504 	0
0.0937025 	-414.801 	33.9853 	4.60194 	0
0.0942739 	-414.306 	32.8191 	4.5716 	0
0.0948452 	-413.75 	31.6592 	4.52065 	0
0.0954166 	-413.169 	30.5041 	4.46156 	0
0.0959879 	-412.588 	29.349 	4.40248 	0
0.0965593 	-412.006 	28.159 	4.34378 	0
0.0971307 	-411.426 	26.9299 	4.27656 	0
0.097702 	-410.852 	25.7198 	4.19345 	0
0.0982734 	-410.279 	24.5098 	4.11034 	0
0.0988447 	-409.679 	23.256 	4.02615 	0
0.0994161 	-409.097 	21.9768 	3.92964 	0
0.0999874 	-408.554 	20.7149 	3.82454 	0
0.100559 	-408.006 	19.4486 	3.71915 	0
0.10113 	-407.402 	18.1024 	3.60446 	0
0.101702 	-406.904 	16.79 	3.47988 	0
0.102273 	-406.398 	15.4723 	3.35474 	0
0.102844 	-405.841 	14.0789 	3.21743 	0
0.103416 	-405.393 	12.7141 	3.07601 	0
0.103987 	-404.887 	11.3065 	2.92828 	0
0.104558 	-404.46 	9.87747 	2.77252 	0
0.10513 	-404.041 	8.43857 	2.61379 	0
0.105701 	-403.626 	6.93743 	2.44375 	0
0.106272 	-403.252 	5.4282 	2.27187 	0
0.106844 	-402.894 	3.84714 	2.09021 	0
0.107415 	-402.538 	2.2269 	1.90232 	0
0.107986 	-402.253 	0.550975 	1.71452 	0
0.108558 	-401.954 	-1.19462 	1.51782 	0
0.109129 	-401.69 	-2.96291 	1.32266 	0
0.109701 	-401.468 	-4.75167 	1.13179 	0
0.110272 	-401.296 	-6.55789 	0.949034 	0
0.110843 	-401.183 	-8.53576 	0.777711 	0
0.111415 	-401.129 	-11.3171 	0.623631 	0
0.111986 	-401.13 	-14.1209 	0.484523 	0
0.112557 	-401.113 	-14.9288 	0.316314 	0
0.113129 	-401.072 	-14.353 	0.139913 	0
0.1137 	-401.037 	-6.65472e-11 	2.81383e-14 	0
