0 	-79.3514 	0 	0 	0
0.000571357 	-80.1863 	-13.9861 	-0.952864 	0
0.00114271 	-81.708 	-12.0886 	-1.93072 	0
0.00171407 	-84.4176 	-10.1272 	-2.91904 	0
0.00228543 	-88.4827 	-8.68238 	-3.94417 	0
0.00285678 	-93.7614 	-7.31428 	-4.98284 	0
0.00342814 	-100.049 	-5.85136 	-6.02438 	0
0.0039995 	-107.084 	-4.26477 	-7.06785 	0
0.00457085 	-114.893 	-2.58359 	-8.12006 	0
0.00514221 	-123.346 	-0.818255 	-9.16705 	0
0.00571357 	-132.239 	1.04329 	-10.1914 	0
0.00628492 	-141.118 	2.99835 	-11.1513 	0
0.00685628 	-149.628 	5.0425 	-12.0108 	0
0.00742764 	-157.523 	7.18788 	-12.7446 	0
0.00799899 	-164.297 	9.37985 	-13.3053 	0
0.00857035 	-169.902 	11.6012 	-13.7079 	0
0.00914171 	-173.857 	13.8186 	-13.9214 	0
0.00971307 	-176.276 	15.9907 	-13.9822 	0
0.0102844 	-177.15 	18.0442 	-13.8947 	0
0.0108558 	-176.365 	19.9944 	-13.6674 	0
0.0114271 	-174.288 	21.8002 	-13.3255 	0
0.0119985 	-171.353 	23.3996 	-12.8893 	0
0.0125698 	-168.594 	24.5467 	-12.4915 	0
0.0131412 	-160.85 	28.3966 	-11.8445 	0
0.0137126 	-153.319 	31.1924 	-11.1487 	0
0.0142839 	-145.96 	32.8945 	-10.4491 	0
0.0148553 	-138.558 	34.0675 	-9.78237 	0
0.0154266 	-131.245 	34.9574 	-9.1616 	0
0.015998 	-123.964 	35.6564 	-8.58507 	0
0.0165693 	-116.9 	36.2429 	-8.04787 	0
0.0171407 	-110.12 	36.75 	-7.54819 	0
0.0177121 	-103.657 	37.2016 	-7.08161 	0
0.0182834 	-97.5003 	37.6151 	-6.6422 	0
0.0188548 	-91.5546 	37.9854 	-6.23597 	0
0.0194261 	-86.2051 	38.34 	-5.85633 	0
0.0199975 	-80.9049 	38.6784 	-5.49098 	0
0.0205688 	-76.308 	38.9983 	-5.16167 	0
0.0211402 	-71.7668 	39.3144 	-4.838 	0
0.0217116 	-67.8097 	39.615 	-4.54897 	0
0.0222829 	-63.7648 	39.9118 	-4.26139 	0
0.0228543 	-60.5941 	40.206 	-4.00746 	0
0.0234256 	-57.2729 	40.4908 	-3.75947 	0
0.023997 	-54.4526 	40.7805 	-3.52484 	0
0.0245683 	-51.8565 	41.0561 	-3.31696 	0
0.0251397 	-49.2603 	41.3318 	-3.10908 	0
0.0257111 	-47.2209 	41.6112 	-2.91907 	0
0.0262824 	-45.3012 	41.8777 	-2.75071 	0
0.0268538 	-43.3814 	42.1442 	-2.58235 	0
0.0274251 	-41.6896 	42.4113 	-2.42142 	0
0.0279965 	-40.4832 	42.6645 	-2.29232 	0
0.0285678 	-39.1747 	42.9134 	-2.16425 	0
0.0291392 	-37.8663 	43.1623 	-2.03618 	0
0.0297106 	-36.9177 	43.3965 	-1.92318 	0
0.0302819 	-36.1141 	43.5929 	-1.83374 	0
0.0308533 	-35.2799 	43.7879 	-1.74447 	0
0.0314246 	-34.4458 	43.983 	-1.65519 	0
0.031996 	-33.6485 	44.1734 	-1.56825 	0
0.0325673 	-33.3289 	44.2765 	-1.52116 	0
0.0331387 	-32.8459 	44.3722 	-1.47358 	0
0.0337101 	-32.3629 	44.468 	-1.426 	0
0.0342814 	-31.88 	44.5637 	-1.37843 	0
0.0348528 	-31.4212 	44.6566 	-1.33302 	0
0.0354241 	-31.2351 	44.7016 	-1.31982 	0
0.0359955 	-30.9091 	44.7407 	-1.30486 	0
0.0365668 	-30.5832 	44.7798 	-1.2899 	0
0.0371382 	-30.2572 	44.819 	-1.27495 	0
0.0377095 	-29.9313 	44.8581 	-1.25999 	0
0.0382809 	-29.6812 	44.8968 	-1.25527 	0
0.0388523 	-29.4805 	44.9309 	-1.26831 	0
0.0394236 	-29.2133 	44.9626 	-1.27968 	0
0.039995 	-28.9461 	44.9942 	-1.29104 	0
0.0405663 	-28.6789 	45.0259 	-1.30241 	0
0.0411377 	-28.4117 	45.0575 	-1.31377 	0
0.041709 	-28.1445 	45.0892 	-1.32514 	0
0.0422804 	-27.9104 	45.1065 	-1.35213 	0
0.0428518 	-27.5883 	45.1169 	-1.37961 	0
0.0434231 	-27.2589 	45.1271 	-1.40678 	0
0.0439945 	-26.9295 	45.1373 	-1.43395 	0
0.0445658 	-26.6002 	45.1475 	-1.46113 	0
0.0451372 	-26.2708 	45.1577 	-1.4883 	0
0.0457085 	-25.9414 	45.1679 	-1.51547 	0
0.0462799 	-25.5931 	45.1743 	-1.54528 	0
0.0468513 	-25.1718 	45.1686 	-1.58197 	0
0.0474226 	-24.7135 	45.1625 	-1.61563 	0
0.047994 	-24.2552 	45.1564 	-1.64929 	0
0.0485653 	-23.7968 	45.1503 	-1.68295 	0
0.0491367 	-23.3385 	45.1442 	-1.71661 	0
0.049708 	-22.8802 	45.1381 	-1.75027 	0
0.0502794 	-22.4219 	45.132 	-1.78393 	0
0.0508508 	-21.9635 	45.1259 	-1.81759 	0
0.0514221 	-21.4257 	45.1111 	-1.85375 	0
0.0519935 	-20.8301 	45.0913 	-1.88949 	0
0.0525648 	-20.2262 	45.0718 	-1.92338 	0
0.0531362 	-19.6223 	45.0522 	-1.95726 	0
0.0537075 	-19.0185 	45.0327 	-1.99115 	0
0.0542789 	-18.4146 	45.0131 	-2.02503 	0
0.0548503 	-17.8108 	44.9935 	-2.05891 	0
0.0554216 	-17.2069 	44.974 	-2.0928 	0
0.055993 	-16.6031 	44.9544 	-2.12668 	0
0.0565643 	-15.9992 	44.9349 	-2.16057 	0
0.0571357 	-15.3126 	44.9147 	-2.19205 	0
0.057707 	-14.5952 	44.8943 	-2.22111 	0
0.0582784 	-13.8783 	44.874 	-2.24841 	0
0.0588497 	-13.1614 	44.8537 	-2.27571 	0
0.0594211 	-12.4446 	44.8335 	-2.30301 	0
0.0599925 	-11.7277 	44.8132 	-2.33031 	0
0.0605638 	-11.0108 	44.7929 	-2.35761 	0
0.0611352 	-10.2939 	44.7726 	-2.38491 	0
0.0617065 	-9.57705 	44.7523 	-2.41221 	0
0.0622779 	-8.86018 	44.732 	-2.4395 	0
0.0628492 	-8.1433 	44.7117 	-2.4668 	0
0.0634206 	-7.3897 	44.6923 	-2.49736 	0
0.063992 	-6.57869 	44.674 	-2.5326 	0
0.0645633 	-5.7748 	44.6554 	-2.56425 	0
0.0651347 	-4.97092 	44.6369 	-2.5959 	0
0.065706 	-4.16703 	44.6183 	-2.62755 	0
0.0662774 	-3.36315 	44.5997 	-2.6592 	0
0.0668487 	-2.55926 	44.5811 	-2.69085 	0
0.0674201 	-1.75537 	44.5625 	-2.7225 	0
0.0679915 	-0.95149 	44.5439 	-2.75415 	0
0.0685628 	-0.147604 	44.5253 	-2.7858 	0
0.0691342 	0.656281 	44.5067 	-2.81745 	0
0.0697055 	1.46402 	44.4877 	-2.84936 	0
0.0702769 	2.35127 	44.4584 	-2.8867 	0
0.0708482 	3.22396 	44.4297 	-2.91975 	0
0.0714196 	4.09575 	44.4011 	-2.95255 	0
0.071991 	4.96753 	44.3725 	-2.98534 	0
0.0725623 	5.83932 	44.3438 	-3.01813 	0
0.0731337 	6.71111 	44.3152 	-3.05092 	0
0.073705 	7.5829 	44.2865 	-3.08371 	0
0.0742764 	8.45468 	44.2579 	-3.11651 	0
0.0748477 	9.32647 	44.2293 	-3.1493 	0
0.0754191 	10.2104 	44.1983 	-3.18169 	0
0.0759905 	11.1541 	44.1551 	-3.21112 	0
0.0765618 	12.0714 	44.1139 	-3.23728 	0
0.0771332 	12.9887 	44.0727 	-3.26345 	0
0.0777045 	13.906 	44.0315 	-3.28961 	0
0.0782759 	14.8233 	43.9903 	-3.31578 	0
0.0788472 	15.7406 	43.9491 	-3.34194 	0
0.0794186 	16.6579 	43.9079 	-3.36811 	0
0.0799899 	17.5752 	43.8667 	-3.39428 	0
0.0805613 	18.5164 	43.814 	-3.41464 	0
0.0811327 	19.4484 	43.7542 	-3.42792 	0
0.081704 	20.3666 	43.696 	-3.44036 	0
0.0822754 	21.2848 	43.6378 	-3.45279 	0
0.0828467 	22.203 	43.5796 	-3.46522 	0
0.0834181 	23.1212 	43.5214 	-3.47766 	0
0.0839894 	24.0394 	43.4632 	-3.49009 	0
0.0845608 	24.9575 	43.405 	-3.50247 	0
0.0851322 	25.8417 	43.3355 	-3.49223 	0
0.0857035 	26.6897 	43.2706 	-3.48173 	0
0.0862749 	27.5377 	43.2056 	-3.47124 	0
0.0868462 	28.3857 	43.1407 	-3.46074 	0
0.0874176 	29.2337 	43.0758 	-3.45024 	0
0.0879889 	30.0817 	43.0108 	-3.43975 	0
0.0885603 	30.9324 	42.9418 	-3.42011 	0
0.0891317 	31.7445 	42.8731 	-3.39017 	0
0.089703 	32.5461 	42.8059 	-3.36058 	0
0.0902744 	33.3477 	42.7386 	-3.331 	0
0.0908457 	34.1493 	42.6713 	-3.30142 	0
0.0914171 	34.9509 	42.604 	-3.27183 	0
0.0919884 	35.6991 	42.5353 	-3.22518 	0
0.0925598 	36.3902 	42.4714 	-3.17489 	0
0.0931312 	37.0812 	42.4075 	-3.12459 	0
0.0937025 	37.7723 	42.3436 	-3.07429 	0
0.0942739 	38.4633 	42.2797 	-3.02399 	0
0.0948452 	39.1125 	42.2196 	-2.95981 	0
0.0954166 	39.72 	42.1652 	-2.89425 	0
0.0959879 	40.3274 	42.1107 	-2.82869 	0
0.0965593 	40.9349 	42.0562 	-2.76313 	0
0.0971307 	41.5171 	42.0039 	-2.69082 	0
0.097702 	42.0302 	41.9598 	-2.61355 	0
0.0982734 	42.5417 	41.9161 	-2.53672 	0
0.0988447 	43.0532 	41.8724 	-2.45989 	0
0.0994161 	43.5233 	41.8347 	-2.37581 	0
0.0999874 	43.9516 	41.8038 	-2.29146 	0
0.100559 	44.38 	41.7729 	-2.20711 	0
0.10113 	44.7912 	41.7446 	-2.11976 	0
0.101702 	45.1479 	41.7256 	-2.03129 	0
0.102273 	45.5043 	41.7068 	-1.94344 	0
0.102844 	45.8351 	41.6921 	-1.85254 	0
0.103416 	46.1269 	41.6851 	-1.76297 	0
0.103987 	46.4187 	41.6782 	-1.6734 	0
0.104558 	46.6641 	41.6804 	-1.58237 	0
0.10513 	46.9062 	41.6841 	-1.49353 	0
0.105701 	47.1149 	41.6945 	-1.4039 	0
0.106272 	47.3144 	41.7079 	-1.31655 	0
0.106844 	47.4852 	41.7282 	-1.2297 	0
0.107415 	47.6515 	41.7508 	-1.14483 	0
0.107986 	47.7937 	41.7813 	-1.06236 	0
0.108558 	47.9261 	41.8161 	-0.981873 	0
0.109129 	48.0531 	41.8462 	-0.904044 	0
0.109701 	48.1813 	41.809 	-0.828913 	0
0.110272 	48.3189 	41.371 	-0.754856 	0
0.110843 	48.486 	39.7945 	-0.674966 	0
0.111415 	48.731 	36.9298 	-0.579426 	0
0.111986 	49.0373 	33.3649 	-0.45229 	0
0.112557 	49.2786 	29.5254 	-0.302458 	0
0.113129 	49.3413 	24.6857 	-0.145917 	0
0.1137 	49.2461 	8.90212e-11 	-3.65794e-14 	0
