0 	-614.044 	0 	0 	0
0.000571357 	-623.566 	-23.1278 	3.16093 	0
0.00114271 	-644.763 	-23.8116 	3.46398 	0
0.00171407 	-663.854 	-21.8202 	3.54138 	0
0.00228543 	-680.998 	-19.0812 	3.58637 	0
0.00285678 	-696.309 	-17.0135 	3.61282 	0
0.00342814 	-709.538 	-15.3725 	3.63887 	0
0.0039995 	-721.515 	-13.8923 	3.65808 	0
0.00457085 	-732.277 	-12.4993 	3.66907 	0
0.00514221 	-741.784 	-11.1434 	3.67255 	0
0.00571357 	-750.264 	-9.78279 	3.669 	0
0.00628492 	-757.829 	-8.37167 	3.65892 	0
0.00685628 	-764.469 	-6.88592 	3.64037 	0
0.00742764 	-770.125 	-5.32494 	3.61079 	0
0.00799899 	-774.566 	-3.70592 	3.57636 	0
0.00857035 	-778.213 	-2.07234 	3.52485 	0
0.00914171 	-780.697 	-0.468932 	3.46859 	0
0.00971307 	-782.47 	1.2928 	3.4079 	0
0.0102844 	-783.619 	2.76444 	3.38934 	0
0.0108558 	-784.648 	4.04456 	3.41209 	0
0.0114271 	-785.654 	5.32478 	3.47057 	0
0.0119985 	-786.496 	6.53892 	3.68297 	0
0.0125698 	-787.926 	7.07741 	3.95138 	0
0.0131412 	-796.836 	5.06271 	3.91698 	0
0.0137126 	-802.636 	5.6448 	3.98525 	0
0.0142839 	-805.696 	7.29635 	3.95542 	0
0.0148553 	-807.397 	9.01758 	3.85679 	0
0.0154266 	-808.296 	10.681 	3.73462 	0
0.015998 	-808.523 	12.2942 	3.61332 	0
0.0165693 	-808.39 	13.8644 	3.50687 	0
0.0171407 	-807.892 	15.4026 	3.41277 	0
0.0177121 	-807.097 	16.925 	3.33269 	0
0.0182834 	-806.104 	18.4541 	3.26754 	0
0.0188548 	-804.782 	19.9728 	3.21492 	0
0.0194261 	-803.177 	21.4823 	3.17578 	0
0.0199975 	-801.457 	23.0152 	3.14582 	0
0.0205688 	-799.326 	24.5293 	3.1296 	0
0.0211402 	-797.104 	26.0609 	3.11809 	0
0.0217116 	-794.498 	27.5622 	3.1253 	0
0.0222829 	-791.782 	29.0926 	3.13061 	0
0.0228543 	-788.747 	30.5427 	3.16794 	0
0.0234256 	-785.417 	32.0353 	3.19956 	0
0.023997 	-781.961 	33.4931 	3.24988 	0
0.0245683 	-778.199 	34.9201 	3.32325 	0
0.0251397 	-774.175 	36.3838 	3.38974 	0
0.0257111 	-769.984 	37.7927 	3.48807 	0
0.0262824 	-765.489 	39.1697 	3.61349 	0
0.0268538 	-760.611 	40.5913 	3.73424 	0
0.0274251 	-755.663 	41.9772 	3.86832 	0
0.0279965 	-750.453 	43.2288 	4.05264 	0
0.0285678 	-744.701 	44.5203 	4.23699 	0
0.0291392 	-738.808 	45.8222 	4.42134 	0
0.0297106 	-732.777 	47.052 	4.62143 	0
0.0302819 	-726.548 	48.178 	4.84412 	0
0.0308533 	-719.694 	49.3245 	5.06988 	0
0.0314246 	-712.671 	50.4766 	5.29648 	0
0.031996 	-705.625 	51.6122 	5.52427 	0
0.0325673 	-698.198 	52.4634 	5.7726 	0
0.0331387 	-690.619 	53.3138 	6.01925 	0
0.0337101 	-682.406 	54.1605 	6.25878 	0
0.0342814 	-674.193 	55.0072 	6.49831 	0
0.0348528 	-665.973 	55.8306 	6.73649 	0
0.0354241 	-657.658 	56.2945 	6.95365 	0
0.0359955 	-649.342 	56.7584 	7.17082 	0
0.0365668 	-640.508 	57.1907 	7.36139 	0
0.0371382 	-631.632 	57.6205 	7.54982 	0
0.0377095 	-622.756 	58.0502 	7.73824 	0
0.0382809 	-613.945 	58.3825 	7.91489 	0
0.0388523 	-605.266 	58.5215 	8.06818 	0
0.0394236 	-596.587 	58.6606 	8.22147 	0
0.039995 	-587.778 	58.7593 	8.33405 	0
0.0405663 	-578.953 	58.8528 	8.44145 	0
0.0411377 	-570.128 	58.9464 	8.54886 	0
0.041709 	-561.304 	59.0399 	8.65627 	0
0.0422804 	-552.68 	59.0177 	8.7321 	0
0.0428518 	-544.116 	58.9611 	8.79859 	0
0.0434231 	-535.551 	58.9045 	8.86507 	0
0.0439945 	-527.195 	58.7811 	8.89029 	0
0.0445658 	-518.847 	58.6552 	8.91399 	0
0.0451372 	-510.498 	58.5293 	8.9377 	0
0.0457085 	-502.149 	58.4034 	8.96141 	0
0.0462799 	-494.135 	58.4212 	8.94202 	0
0.0468513 	-487.143 	58.879 	8.79052 	0
0.0474226 	-480.152 	59.3369 	8.63903 	0
0.047994 	-473.164 	59.7923 	8.48747 	0
0.0485653 	-466.278 	60.16 	8.33341 	0
0.0491367 	-459.391 	60.5277 	8.17935 	0
0.049708 	-452.505 	60.8954 	8.02529 	0
0.0502794 	-445.619 	61.2631 	7.87123 	0
0.0508508 	-438.733 	61.6308 	7.71717 	0
0.0514221 	-433.794 	62.3868 	7.43503 	0
0.0519935 	-430.058 	63.3827 	7.0738 	0
0.0525648 	-426.321 	64.3785 	6.71257 	0
0.0531362 	-422.585 	65.3744 	6.35134 	0
0.0537075 	-418.592 	66.3162 	5.97743 	0
0.0542789 	-414.58 	67.2538 	5.60254 	0
0.0548503 	-410.568 	68.1915 	5.22766 	0
0.0554216 	-406.555 	69.1292 	4.85278 	0
0.055993 	-402.543 	70.0669 	4.4779 	0
0.0565643 	-398.531 	71.0046 	4.10301 	0
0.0571357 	-398.658 	71.5944 	3.70005 	0
0.057707 	-400.343 	72.0533 	3.28651 	0
0.0582784 	-402.028 	72.5123 	2.87298 	0
0.0588497 	-403.713 	72.9712 	2.45945 	0
0.0594211 	-405.267 	73.4253 	2.01291 	0
0.0599925 	-406.688 	73.8745 	1.53296 	0
0.0605638 	-408.109 	74.3238 	1.05302 	0
0.0611352 	-409.53 	74.773 	0.573077 	0
0.0617065 	-410.952 	75.2223 	0.0931345 	0
0.0622779 	-412.373 	75.6715 	-0.386808 	0
0.0628492 	-413.794 	76.1208 	-0.866751 	0
0.0634206 	-417.362 	76.2418 	-1.31018 	0
0.063992 	-424.343 	75.841 	-1.69554 	0
0.0645633 	-431.324 	75.4402 	-2.0809 	0
0.0651347 	-438.305 	75.0394 	-2.46627 	0
0.065706 	-445.287 	74.6437 	-2.86126 	0
0.0662774 	-452.277 	74.2747 	-3.3081 	0
0.0668487 	-459.268 	73.9058 	-3.75494 	0
0.0674201 	-466.258 	73.5369 	-4.20178 	0
0.0679915 	-473.249 	73.168 	-4.64862 	0
0.0685628 	-480.239 	72.7991 	-5.09546 	0
0.0691342 	-487.229 	72.4302 	-5.5423 	0
0.0697055 	-494.365 	72.047 	-5.98021 	0
0.0702769 	-504.503 	71.3696 	-6.23368 	0
0.0708482 	-514.641 	70.6922 	-6.48715 	0
0.0714196 	-524.778 	70.0147 	-6.74062 	0
0.071991 	-534.951 	69.3633 	-7.00242 	0
0.0725623 	-545.186 	68.7586 	-7.27918 	0
0.0731337 	-555.422 	68.154 	-7.55595 	0
0.073705 	-565.657 	67.5494 	-7.83272 	0
0.0742764 	-575.893 	66.9447 	-8.10948 	0
0.0748477 	-586.128 	66.3401 	-8.38625 	0
0.0754191 	-596.593 	65.7386 	-8.62626 	0
0.0759905 	-608.309 	65.1545 	-8.66596 	0
0.0765618 	-620.024 	64.5703 	-8.70567 	0
0.0771332 	-631.739 	63.9862 	-8.74538 	0
0.0777045 	-643.551 	63.4577 	-8.8023 	0
0.0782759 	-655.37 	62.9329 	-8.86036 	0
0.0788472 	-667.189 	62.4081 	-8.91842 	0
0.0794186 	-679.008 	61.8833 	-8.97649 	0
0.0799899 	-690.827 	61.3585 	-9.03455 	0
0.0805613 	-702.595 	60.6974 	-9.04307 	0
0.0811327 	-714.317 	59.9144 	-9.00723 	0
0.081704 	-726.038 	59.1314 	-8.97139 	0
0.0822754 	-737.873 	58.3551 	-8.95627 	0
0.0828467 	-749.75 	57.5815 	-8.94917 	0
0.0834181 	-761.628 	56.8079 	-8.94208 	0
0.0839894 	-773.506 	56.0343 	-8.93498 	0
0.0845608 	-785.38 	55.2601 	-8.92787 	0
0.0851322 	-795.849 	54.1959 	-8.91649 	0
0.0857035 	-806.318 	53.1318 	-8.90511 	0
0.0862749 	-816.813 	52.0595 	-8.91063 	0
0.0868462 	-827.329 	50.9807 	-8.92973 	0
0.0874176 	-837.846 	49.9018 	-8.94884 	0
0.0879889 	-848.362 	48.8229 	-8.96794 	0
0.0885603 	-858.162 	47.6493 	-8.98484 	0
0.0891317 	-867.047 	46.3543 	-8.99891 	0
0.089703 	-875.861 	45.0519 	-9.02261 	0
0.0902744 	-884.515 	43.7327 	-9.06845 	0
0.0908457 	-893.17 	42.4135 	-9.11429 	0
0.0914171 	-901.824 	41.0943 	-9.16013 	0
0.0919884 	-909.198 	39.6079 	-9.21737 	0
0.0925598 	-916.057 	38.0543 	-9.27921 	0
0.0931312 	-922.395 	36.4758 	-9.36186 	0
0.0937025 	-928.64 	34.8931 	-9.44815 	0
0.0942739 	-934.886 	33.3103 	-9.53445 	0
0.0948452 	-939.915 	31.5288 	-9.63587 	0
0.0954166 	-944.373 	29.6691 	-9.74321 	0
0.0959879 	-947.9 	27.8018 	-9.85084 	0
0.0965593 	-951.428 	25.9345 	-9.95847 	0
0.0971307 	-954.22 	23.9409 	-10.0655 	0
0.097702 	-955.724 	21.7262 	-10.1714 	0
0.0982734 	-956.041 	19.6055 	-10.2282 	0
0.0988447 	-956.292 	17.49 	-10.2823 	0
0.0994161 	-955.456 	15.2393 	-10.2708 	0
0.0999874 	-953.385 	12.9678 	-10.1813 	0
0.100559 	-950.504 	10.8673 	-10.0358 	0
0.10113 	-947.583 	8.79709 	-9.88045 	0
0.101702 	-944.309 	6.83824 	-9.68422 	0
0.102273 	-939.894 	4.97892 	-9.43498 	0
0.102844 	-935.469 	3.10264 	-9.13532 	0
0.103416 	-930.358 	1.175 	-8.76287 	0
0.103987 	-924.325 	-0.781926 	-8.41376 	0
0.104558 	-916.474 	-2.87062 	-8.07036 	0
0.10513 	-907.175 	-4.90943 	-7.68995 	0
0.105701 	-896.832 	-6.70764 	-7.43309 	0
0.106272 	-885.121 	-8.28331 	-7.09624 	0
0.106844 	-873.1 	-9.63697 	-6.73318 	0
0.107415 	-860.099 	-10.8869 	-6.30746 	0
0.107986 	-846.882 	-12.0247 	-5.94614 	0
0.108558 	-833.529 	-13.1051 	-5.57036 	0
0.109129 	-819.829 	-14.1262 	-5.17505 	0
0.109701 	-805.995 	-15.1159 	-4.77689 	0
0.110272 	-792.284 	-16.1066 	-4.37776 	0
0.110843 	-778.424 	-17.1405 	-3.97227 	0
0.111415 	-764.106 	-18.2928 	-3.56008 	0
0.111986 	-749.791 	-19.9449 	-3.15054 	0
0.112557 	-735.031 	-22.4067 	-2.71704 	0
0.113129 	-719.364 	-23.1434 	-2.27782 	0
0.1137 	-710.236 	1.41177e-10 	-7.71402e-13 	0
