0 	108.811 	0 	0 	0
0.000571357 	105.814 	9.04435 	-1.54182 	0
0.00114271 	101.643 	11.8408 	-3.04245 	0
0.00171407 	96.4971 	13.6216 	-4.1591 	0
0.00228543 	90.8351 	14.4824 	-5.05537 	0
0.00285678 	84.0675 	15.0617 	-5.8539 	0
0.00342814 	76.2196 	15.7252 	-6.58098 	0
0.0039995 	68.3573 	16.4886 	-7.28152 	0
0.00457085 	60.6803 	17.2072 	-7.98743 	0
0.00514221 	53.1916 	17.782 	-8.72002 	0
0.00571357 	46.6178 	18.2377 	-9.43056 	0
0.00628492 	40.4053 	18.662 	-10.1191 	0
0.00685628 	34.6694 	19.071 	-10.7698 	0
0.00742764 	29.8102 	19.4081 	-11.3997 	0
0.00799899 	26.2659 	19.5778 	-12.0353 	0
0.00857035 	23.5233 	19.5707 	-12.729 	0
0.00914171 	20.9888 	19.3409 	-13.4833 	0
0.00971307 	17.9169 	18.8871 	-14.3243 	0
0.0102844 	13.9841 	18.1815 	-15.2539 	0
0.0108558 	12.4031 	17.2128 	-16.1376 	0
0.0114271 	14.7592 	16.0675 	-16.8769 	0
0.0119985 	11.1218 	14.7694 	-17.0233 	0
0.0125698 	-6.64732 	13.4342 	-16.9115 	0
0.0131412 	6.09469 	13.9634 	-16.1538 	0
0.0137126 	50.3293 	15.3288 	-14.202 	0
0.0142839 	79.2163 	16.9737 	-12.3644 	0
0.0148553 	99.8683 	18.5687 	-10.6816 	0
0.0154266 	115.175 	20.0686 	-9.17082 	0
0.015998 	126.634 	21.5166 	-7.77186 	0
0.0165693 	134.837 	22.8723 	-6.52125 	0
0.0171407 	140.047 	24.1231 	-5.43099 	0
0.0177121 	142.736 	25.2791 	-4.4886 	0
0.0182834 	143.487 	26.364 	-3.6624 	0
0.0188548 	141.855 	27.4199 	-2.93698 	0
0.0194261 	139.103 	28.3823 	-2.33803 	0
0.0199975 	135.786 	29.327 	-1.7715 	0
0.0205688 	130.491 	30.2439 	-1.29798 	0
0.0211402 	125.625 	31.122 	-0.839854 	0
0.0217116 	119.366 	31.9709 	-0.457281 	0
0.0222829 	113.584 	32.7981 	-0.0744891 	0
0.0228543 	107.041 	33.583 	0.222824 	0
0.0234256 	100.364 	34.3686 	0.514172 	0
0.023997 	94.2537 	35.1016 	0.776806 	0
0.0245683 	87.5634 	35.8253 	0.982605 	0
0.0251397 	80.8732 	36.5489 	1.1884 	0
0.0257111 	74.9157 	37.2061 	1.36533 	0
0.0262824 	68.5866 	37.8579 	1.49403 	0
0.0268538 	62.2575 	38.5096 	1.62272 	0
0.0274251 	56.555 	39.1159 	1.75063 	0
0.0279965 	50.8505 	39.6843 	1.80885 	0
0.0285678 	45.1459 	40.2527 	1.86708 	0
0.0291392 	39.4572 	40.8203 	1.92589 	0
0.0297106 	34.5246 	41.324 	1.9777 	0
0.0302819 	29.6848 	41.7912 	1.98249 	0
0.0308533 	24.8449 	42.2583 	1.98729 	0
0.0314246 	20.005 	42.7254 	1.99208 	0
0.031996 	15.5755 	43.1636 	2.01087 	0
0.0325673 	11.7074 	43.4797 	1.96121 	0
0.0331387 	7.83929 	43.7958 	1.91155 	0
0.0337101 	3.97117 	44.1119 	1.86189 	0
0.0342814 	0.103058 	44.428 	1.81223 	0
0.0348528 	-3.41394 	44.7172 	1.77667 	0
0.0354241 	-6.11324 	44.8964 	1.68722 	0
0.0359955 	-8.81254 	45.0755 	1.59777 	0
0.0365668 	-11.5118 	45.2546 	1.50832 	0
0.0371382 	-14.2111 	45.4338 	1.41887 	0
0.0377095 	-16.8562 	45.6094 	1.33395 	0
0.0382809 	-19.0564 	45.7538 	1.24806 	0
0.0388523 	-20.6847 	45.8563 	1.13441 	0
0.0394236 	-22.313 	45.9588 	1.02076 	0
0.039995 	-23.9413 	46.0614 	0.907114 	0
0.0405663 	-25.5696 	46.1639 	0.793467 	0
0.0411377 	-27.1979 	46.2665 	0.67982 	0
0.041709 	-28.7398 	46.3652 	0.578902 	0
0.0422804 	-29.5969 	46.415 	0.470121 	0
0.0428518 	-30.2563 	46.4506 	0.358233 	0
0.0434231 	-30.9158 	46.4862 	0.246344 	0
0.0439945 	-31.5752 	46.5218 	0.134456 	0
0.0445658 	-32.2347 	46.5573 	0.0225671 	0
0.0451372 	-32.8941 	46.5929 	-0.0893215 	0
0.0457085 	-33.5436 	46.6283 	-0.196277 	0
0.0462799 	-33.9642 	46.6538 	-0.300021 	0
0.0468513 	-33.7198 	46.6496 	-0.411799 	0
0.0474226 	-33.4754 	46.6454 	-0.523578 	0
0.047994 	-33.231 	46.6411 	-0.635356 	0
0.0485653 	-32.9866 	46.6369 	-0.747135 	0
0.0491367 	-32.7422 	46.6327 	-0.858913 	0
0.049708 	-32.4978 	46.6284 	-0.970692 	0
0.0502794 	-32.2538 	46.6242 	-1.08239 	0
0.0508508 	-32.064 	46.6201 	-1.1844 	0
0.0514221 	-31.5025 	46.6 	-1.29286 	0
0.0519935 	-30.7116 	46.57 	-1.4053 	0
0.0525648 	-29.9206 	46.54 	-1.51774 	0
0.0531362 	-29.1296 	46.5099 	-1.63018 	0
0.0537075 	-28.3386 	46.4799 	-1.74262 	0
0.0542789 	-27.5477 	46.4498 	-1.85506 	0
0.0548503 	-26.7567 	46.4198 	-1.9675 	0
0.0554216 	-25.9657 	46.3898 	-2.07994 	0
0.055993 	-25.2004 	46.3599 	-2.18845 	0
0.0565643 	-24.4896 	46.3306 	-2.2886 	0
0.0571357 	-23.6491 	46.3116 	-2.39292 	0
0.057707 	-22.7597 	46.2964 	-2.49881 	0
0.0582784 	-21.8704 	46.2813 	-2.60469 	0
0.0588497 	-20.981 	46.2662 	-2.71058 	0
0.0594211 	-20.0917 	46.251 	-2.81646 	0
0.0599925 	-19.2023 	46.2359 	-2.92235 	0
0.0605638 	-18.313 	46.2208 	-3.02824 	0
0.0611352 	-17.4236 	46.2057 	-3.13412 	0
0.0617065 	-16.5343 	46.1905 	-3.24001 	0
0.0622779 	-15.6528 	46.175 	-3.34281 	0
0.0628492 	-14.8005 	46.1581 	-3.43423 	0
0.0634206 	-13.9632 	46.1455 	-3.54021 	0
0.063992 	-13.1498 	46.1397 	-3.66935 	0
0.0645633 	-12.3363 	46.1339 	-3.79849 	0
0.0651347 	-11.5228 	46.1281 	-3.92762 	0
0.065706 	-10.7093 	46.1223 	-4.05676 	0
0.0662774 	-9.89587 	46.1165 	-4.1859 	0
0.0668487 	-9.08239 	46.1108 	-4.31504 	0
0.0674201 	-8.26892 	46.105 	-4.44418 	0
0.0679915 	-7.45545 	46.0992 	-4.57332 	0
0.0685628 	-6.64197 	46.0934 	-4.70246 	0
0.0691342 	-5.81044 	46.0861 	-4.81753 	0
0.0697055 	-4.97248 	46.077 	-4.93108 	0
0.0702769 	-4.05608 	46.0341 	-5.05562 	0
0.0708482 	-3.13967 	45.9913 	-5.18016 	0
0.0714196 	-2.22326 	45.9484 	-5.30469 	0
0.071991 	-1.30685 	45.9055 	-5.42923 	0
0.0725623 	-0.390442 	45.8626 	-5.55377 	0
0.0731337 	0.525967 	45.8197 	-5.6783 	0
0.073705 	1.44238 	45.7768 	-5.80284 	0
0.0742764 	2.35878 	45.7339 	-5.92737 	0
0.0748477 	3.29737 	45.6932 	-6.0424 	0
0.0754191 	4.30974 	45.6453 	-6.15316 	0
0.0759905 	5.68359 	45.5547 	-6.258 	0
0.0765618 	7.05744 	45.4642 	-6.36284 	0
0.0771332 	8.43129 	45.3736 	-6.46769 	0
0.0777045 	9.80514 	45.2831 	-6.57253 	0
0.0782759 	11.179 	45.1925 	-6.67737 	0
0.0788472 	12.5528 	45.1019 	-6.78222 	0
0.0794186 	13.9267 	45.0114 	-6.88706 	0
0.0799899 	15.2691 	44.9271 	-6.98025 	0
0.0805613 	16.8313 	44.8034 	-7.06373 	0
0.0811327 	18.5927 	44.6441 	-7.13947 	0
0.081704 	20.3542 	44.4848 	-7.21521 	0
0.0822754 	22.1156 	44.3254 	-7.29095 	0
0.0828467 	23.8771 	44.1661 	-7.36669 	0
0.0834181 	25.6385 	44.0068 	-7.44243 	0
0.0839894 	27.3776 	43.8507 	-7.51563 	0
0.0845608 	29.0356 	43.7065 	-7.57938 	0
0.0851322 	31.0228 	43.4998 	-7.58176 	0
0.0857035 	33.01 	43.2932 	-7.58415 	0
0.0862749 	34.9973 	43.0866 	-7.58654 	0
0.0868462 	36.9845 	42.88 	-7.58892 	0
0.0874176 	38.9717 	42.6734 	-7.59131 	0
0.0879889 	40.874 	42.4783 	-7.59223 	0
0.0885603 	42.8537 	42.2739 	-7.56303 	0
0.0891317 	45.0433 	42.0423 	-7.49715 	0
0.089703 	47.2328 	41.8107 	-7.43128 	0
0.0902744 	49.4223 	41.5791 	-7.36541 	0
0.0908457 	51.6119 	41.3475 	-7.29954 	0
0.0914171 	53.6527 	41.1333 	-7.23601 	0
0.0919884 	55.6927 	40.9092 	-7.1174 	0
0.0925598 	57.7667 	40.6771 	-6.97612 	0
0.0931312 	59.8407 	40.445 	-6.83484 	0
0.0937025 	61.9147 	40.2129 	-6.69355 	0
0.0942739 	63.8552 	39.9956 	-6.55913 	0
0.0948452 	65.7385 	39.7943 	-6.37596 	0
0.0954166 	67.6468 	39.5938 	-6.17134 	0
0.0959879 	69.5551 	39.3933 	-5.96672 	0
0.0965593 	71.4461 	39.1945 	-5.76374 	0
0.0971307 	73.0768 	39.0263 	-5.55915 	0
0.097702 	74.6823 	38.87 	-5.31069 	0
0.0982734 	76.2877 	38.7136 	-5.06222 	0
0.0988447 	77.8506 	38.5606 	-4.81934 	0
0.0994161 	79.1386 	38.4439 	-4.57247 	0
0.0999874 	80.3676 	38.3431 	-4.30235 	0
0.100559 	81.5966 	38.2423 	-4.03224 	0
0.10113 	82.6317 	38.1589 	-3.77757 	0
0.101702 	83.4925 	38.1083 	-3.50376 	0
0.102273 	84.3532 	38.0576 	-3.22994 	0
0.102844 	85.0245 	38.0227 	-2.96979 	0
0.103416 	85.5378 	38.013 	-2.69604 	0
0.103987 	86.0295 	38.0028 	-2.42917 	0
0.104558 	86.2821 	38.0215 	-2.16674 	0
0.10513 	86.5015 	38.0461 	-1.90108 	0
0.105701 	86.5482 	38.0861 	-1.64906 	0
0.106272 	86.5249 	38.1378 	-1.39198 	0
0.106844 	86.3563 	38.2042 	-1.14584 	0
0.107415 	86.1291 	38.2781 	-0.901311 	0
0.107986 	85.7579 	38.3737 	-0.657785 	0
0.108558 	85.3056 	38.4773 	-0.420709 	0
0.109129 	84.764 	38.5856 	-0.184758 	0
0.109701 	84.1237 	38.6747 	0.0524558 	0
0.110272 	83.3801 	38.6463 	0.292472 	0
0.110843 	82.548 	38.1917 	0.514747 	0
0.111415 	81.6576 	36.7967 	0.655532 	0
0.111986 	80.8289 	33.7978 	0.623461 	0
0.112557 	80.2484 	28.8401 	0.410623 	0
0.113129 	80.0295 	21.8918 	0.169667 	0
0.1137 	80.1496 	7.07802e-11 	2.443e-14 	0
