0.0131412 	-207.976 	20.6857 	-0.0132518 	0
0.0137126 	-207.96 	25.085 	-0.0286543 	0
0.0142839 	-207.914 	28.4724 	-0.0328925 	0
0.0148553 	-207.849 	31.5418 	-0.0272366 	0
0.0154266 	-207.771 	33.7322 	-0.0250154 	0
0.015998 	-207.689 	34.8885 	-0.0349695 	0
0.0165693 	-207.594 	35.7219 	-0.0469858 	0
0.0171407 	-207.486 	36.4321 	-0.0588135 	0
0.0177121 	-207.366 	37.0609 	-0.0704754 	0
0.0182834 	-207.234 	37.6307 	-0.0819683 	0
0.0188548 	-207.092 	38.1421 	-0.0930813 	0
0.0194261 	-206.933 	38.6082 	-0.104114 	0
0.0199975 	-206.771 	39.0545 	-0.114927 	0
0.0205688 	-206.589 	39.4497 	-0.12546 	0
0.0211402 	-206.403 	39.8386 	-0.135915 	0
0.0217116 	-206.201 	40.187 	-0.145969 	0
0.0222829 	-206 	40.5354 	-0.155952 	0
0.0228543 	-205.772 	40.8453 	-0.165636 	0
0.0234256 	-205.549 	41.1527 	-0.175111 	0
0.023997 	-205.307 	41.445 	-0.18453 	0
0.0245683 	-205.061 	41.7165 	-0.193443 	0
0.0251397 	-204.814 	41.9879 	-0.202355 	0
0.0257111 	-204.544 	42.2426 	-0.21108 	0
0.0262824 	-204.272 	42.4824 	-0.219309 	0
0.0268538 	-204.001 	42.7223 	-0.227538 	0
0.0274251 	-203.717 	42.956 	-0.235703 	0
0.0279965 	-203.416 	43.1672 	-0.243308 	0
0.0285678 	-203.12 	43.3785 	-0.250838 	0
0.0291392 	-202.824 	43.5899 	-0.258369 	0
0.0297106 	-202.505 	43.7799 	-0.265561 	0
0.0302819 	-202.184 	43.9404 	-0.272009 	0
0.0308533 	-201.864 	44.101 	-0.278445 	0
0.0314246 	-201.544 	44.2615 	-0.284881 	0
0.031996 	-201.221 	44.4162 	-0.291245 	0
0.0325673 	-200.87 	44.4701 	-0.296296 	0
0.0331387 	-200.533 	44.5245 	-0.301292 	0
0.0337101 	-200.197 	44.5788 	-0.306287 	0
0.0342814 	-199.86 	44.6332 	-0.311282 	0
0.0348528 	-199.521 	44.6837 	-0.316204 	0
0.0354241 	-199.163 	44.6741 	-0.319991 	0
0.0359955 	-198.821 	44.6649 	-0.323776 	0
0.0365668 	-198.48 	44.6558 	-0.327561 	0
0.0371382 	-198.138 	44.6466 	-0.331345 	0
0.0377095 	-197.796 	44.6374 	-0.33513 	0
0.0382809 	-197.446 	44.6284 	-0.338563 	0
0.0388523 	-197.096 	44.6198 	-0.34135 	0
0.0394236 	-196.755 	44.6115 	-0.344163 	0
0.039995 	-196.414 	44.6032 	-0.346976 	0
0.0405663 	-196.073 	44.5949 	-0.34979 	0
0.0411377 	-195.733 	44.5865 	-0.352603 	0
0.041709 	-195.392 	44.5782 	-0.355416 	0
0.0422804 	-195.038 	44.57 	-0.357383 	0
0.0428518 	-194.704 	44.5623 	-0.359235 	0
0.0434231 	-194.37 	44.5547 	-0.361091 	0
0.0439945 	-194.037 	44.547 	-0.362946 	0
0.0445658 	-193.703 	44.5393 	-0.364801 	0
0.0451372 	-193.37 	44.5316 	-0.366656 	0
0.0457085 	-193.036 	44.524 	-0.368511 	0
0.0462799 	-192.701 	44.5164 	-0.370079 	0
0.0468513 	-192.368 	44.5091 	-0.37083 	0
0.0474226 	-192.049 	44.5022 	-0.371706 	0
0.047994 	-191.73 	44.4952 	-0.372583 	0
0.0485653 	-191.411 	44.4883 	-0.373459 	0
0.0491367 	-191.092 	44.4813 	-0.374335 	0
0.049708 	-190.772 	44.4744 	-0.375211 	0
0.0502794 	-190.453 	44.4674 	-0.376087 	0
0.0508508 	-190.134 	44.4605 	-0.376963 	0
0.0514221 	-189.818 	44.4538 	-0.377127 	0
0.0519935 	-189.513 	44.4475 	-0.376979 	0
0.0525648 	-189.216 	44.4414 	-0.376923 	0
0.0531362 	-188.918 	44.4353 	-0.376868 	0
0.0537075 	-188.621 	44.4292 	-0.376813 	0
0.0542789 	-188.324 	44.4231 	-0.376758 	0
0.0548503 	-188.026 	44.4169 	-0.376702 	0
0.0554216 	-187.729 	44.4108 	-0.376647 	0
0.055993 	-187.431 	44.4047 	-0.376592 	0
0.0565643 	-187.134 	44.3986 	-0.376536 	0
0.0571357 	-186.853 	44.3931 	-0.375708 	0
0.057707 	-186.584 	44.3879 	-0.374715 	0
0.0582784 	-186.322 	44.3829 	-0.373829 	0
0.0588497 	-186.061 	44.3779 	-0.372943 	0
0.0594211 	-185.799 	44.3729 	-0.372057 	0
0.0599925 	-185.537 	44.3679 	-0.37117 	0
0.0605638 	-185.275 	44.3628 	-0.370284 	0
0.0611352 	-185.013 	44.3578 	-0.369398 	0
0.0617065 	-184.751 	44.3528 	-0.368512 	0
0.0622779 	-184.489 	44.3478 	-0.367626 	0
0.0628492 	-184.227 	44.3428 	-0.36674 	0
0.0634206 	-183.973 	44.3381 	-0.365499 	0
0.063992 	-183.735 	44.3339 	-0.363742 	0
0.0645633 	-183.504 	44.3299 	-0.362174 	0
0.0651347 	-183.274 	44.3259 	-0.360607 	0
0.065706 	-183.044 	44.3219 	-0.359039 	0
0.0662774 	-182.814 	44.3179 	-0.357472 	0
0.0668487 	-182.584 	44.3139 	-0.355904 	0
0.0674201 	-182.353 	44.3099 	-0.354337 	0
0.0679915 	-182.123 	44.3059 	-0.352769 	0
0.0685628 	-181.893 	44.3019 	-0.351202 	0
0.0691342 	-181.663 	44.2979 	-0.349634 	0
0.0697055 	-181.433 	44.294 	-0.34803 	0
0.0702769 	-181.22 	44.2907 	-0.345669 	0
0.0708482 	-181.016 	44.2877 	-0.343546 	0
0.0714196 	-180.811 	44.2846 	-0.341422 	0
0.071991 	-180.606 	44.2815 	-0.339299 	0
0.0725623 	-180.402 	44.2785 	-0.337176 	0
0.0731337 	-180.197 	44.2754 	-0.335053 	0
0.073705 	-179.993 	44.2723 	-0.332929 	0
0.0742764 	-179.788 	44.2693 	-0.330806 	0
0.0748477 	-179.583 	44.2662 	-0.328683 	0
0.0754191 	-179.382 	44.2633 	-0.326468 	0
0.0759905 	-179.2 	44.2611 	-0.323811 	0
0.0765618 	-179.023 	44.259 	-0.321331 	0
0.0771332 	-178.846 	44.2569 	-0.31885 	0
0.0777045 	-178.67 	44.2548 	-0.316369 	0
0.0782759 	-178.493 	44.2528 	-0.313888 	0
0.0788472 	-178.316 	44.2507 	-0.311407 	0
0.0794186 	-178.139 	44.2486 	-0.308927 	0
0.0799899 	-177.962 	44.2465 	-0.306446 	0
0.0805613 	-177.795 	44.2449 	-0.303712 	0
0.0811327 	-177.641 	44.2437 	-0.300922 	0
0.081704 	-177.488 	44.2426 	-0.298191 	0
0.0822754 	-177.335 	44.2415 	-0.295461 	0
0.0828467 	-177.183 	44.2404 	-0.29273 	0
0.0834181 	-177.03 	44.2393 	-0.289999 	0
0.0839894 	-176.877 	44.2382 	-0.287268 	0
0.0845608 	-176.725 	44.237 	-0.284537 	0
0.0851322 	-176.589 	44.2369 	-0.281476 	0
0.0857035 	-176.457 	44.2368 	-0.278568 	0
0.0862749 	-176.325 	44.2366 	-0.27566 	0
0.0868462 	-176.193 	44.2365 	-0.272752 	0
0.0874176 	-176.061 	44.2364 	-0.269844 	0
0.0879889 	-175.929 	44.2363 	-0.266936 	0
0.0885603 	-175.804 	44.2366 	-0.263877 	0
0.0891317 	-175.689 	44.2376 	-0.260808 	0
0.089703 	-175.575 	44.2385 	-0.257774 	0
0.0902744 	-175.461 	44.2395 	-0.25474 	0
0.0908457 	-175.347 	44.2405 	-0.251706 	0
0.0914171 	-175.233 	44.2414 	-0.248672 	0
0.0919884 	-175.128 	44.2432 	-0.245461 	0
0.0925598 	-175.03 	44.2454 	-0.242336 	0
0.0931312 	-174.931 	44.2476 	-0.239212 	0
0.0937025 	-174.833 	44.2498 	-0.236087 	0
0.0942739 	-174.734 	44.252 	-0.232963 	0
0.0948452 	-174.644 	44.2551 	-0.229695 	0
0.0954166 	-174.559 	44.2587 	-0.226506 	0
0.0959879 	-174.474 	44.2623 	-0.223317 	0
0.0965593 	-174.389 	44.2659 	-0.220128 	0
0.0971307 	-174.308 	44.2701 	-0.216847 	0
0.097702 	-174.234 	44.2753 	-0.213605 	0
0.0982734 	-174.161 	44.2805 	-0.210371 	0
0.0988447 	-174.087 	44.2858 	-0.207136 	0
0.0994161 	-174.019 	44.2921 	-0.203813 	0
0.0999874 	-173.956 	44.2992 	-0.200547 	0
0.100559 	-173.892 	44.3064 	-0.197282 	0
0.10113 	-173.831 	44.3141 	-0.19396 	0
0.101702 	-173.776 	44.3235 	-0.190663 	0
0.102273 	-173.721 	44.3329 	-0.187377 	0
0.102844 	-173.669 	44.3431 	-0.184032 	0
0.103416 	-173.621 	44.355 	-0.180734 	0
0.103987 	-173.574 	44.367 	-0.177435 	0
0.104558 	-173.532 	44.3812 	-0.174085 	0
0.10513 	-173.491 	44.3959 	-0.170779 	0
0.105701 	-173.453 	44.4125 	-0.167433 	0
0.106272 	-173.418 	44.4302 	-0.164125 	0
0.106844 	-173.386 	44.4502 	-0.160784 	0
0.107415 	-173.355 	44.4712 	-0.157469 	0
0.107986 	-173.329 	44.4953 	-0.154146 	0
0.108558 	-173.304 	44.5213 	-0.150819 	0
0.109129 	-173.282 	44.5497 	-0.147502 	0
0.109701 	-173.262 	44.581 	-0.144198 	0
0.110272 	-173.245 	44.6155 	-0.140884 	0
0.110843 	-173.231 	44.6365 	-0.137715 	0
0.111415 	-173.216 	44.3059 	-0.130161 	0
0.111986 	-173.212 	41.9069 	-0.093103 	0
0.112557 	-173.223 	37.8415 	-0.0501403 	0
0.113129 	-173.246 	32.4706 	-0.0190166 	0
0.1137 	-173.268 	1.46125e-10 	-4.85629e-15 	0
