0 	31.0492 	0 	0 	0
0.000571357 	30.8289 	50.1495 	-0.0730086 	0
0.00114271 	30.6642 	49.4953 	-0.282755 	0
0.00171407 	30.3531 	42.9912 	-0.723002 	0
0.00228543 	29.7805 	36.2231 	-1.33376 	0
0.00285678 	28.7188 	29.8237 	-2.05583 	0
0.00342814 	27.1304 	24.2075 	-2.81146 	0
0.0039995 	24.7294 	19.7043 	-3.52451 	0
0.00457085 	21.8138 	16.2934 	-4.16713 	0
0.00514221 	18.4708 	13.9442 	-4.70514 	0
0.00571357 	15.2988 	12.2999 	-5.15876 	0
0.00628492 	12.4449 	11.3186 	-5.52251 	0
0.00685628 	10.0132 	10.8963 	-5.79897 	0
0.00742764 	7.95561 	10.8377 	-6.00476 	0
0.00799899 	5.97302 	10.9955 	-6.15249 	0
0.00857035 	3.8563 	11.3693 	-6.24889 	0
0.00914171 	2.05228 	11.7572 	-6.31356 	0
0.00971307 	1.04531 	12.2006 	-6.3464 	0
0.0102844 	1.63078 	12.6398 	-6.33359 	0
0.0108558 	3.9185 	13.0257 	-6.26797 	0
0.0114271 	6.14929 	13.4054 	-6.15144 	0
0.0119985 	6.47387 	13.8754 	-5.72221 	0
0.0125698 	1.28849 	14.4309 	-5.61061 	0
0.0131412 	-47.0195 	25.72 	-5.84928 	0
0.0137126 	-55.8454 	30.696 	-5.70059 	0
0.0142839 	-57.1757 	32.11 	-5.60728 	0
0.0148553 	-56.8418 	32.7054 	-5.51896 	0
0.0154266 	-56.2299 	33.1226 	-5.43831 	0
0.015998 	-55.9513 	33.555 	-5.3384 	0
0.0165693 	-55.891 	34.1074 	-5.2205 	0
0.0171407 	-55.8888 	34.7177 	-5.09049 	0
0.0177121 	-55.853 	35.326 	-4.95285 	0
0.0182834 	-55.7479 	35.896 	-4.81296 	0
0.0188548 	-55.6433 	36.4253 	-4.66436 	0
0.0194261 	-55.3983 	36.882 	-4.52852 	0
0.0199975 	-55.0644 	37.2917 	-4.40107 	0
0.0205688 	-54.8221 	37.6696 	-4.26807 	0
0.0211402 	-54.3787 	37.9886 	-4.15543 	0
0.0217116 	-54.0963 	38.2913 	-4.03667 	0
0.0222829 	-53.6052 	38.5578 	-3.93414 	0
0.0228543 	-53.2947 	38.7931 	-3.8293 	0
0.0234256 	-53.0041 	39.0283 	-3.72356 	0
0.023997 	-52.4545 	39.2145 	-3.6384 	0
0.0245683 	-52.2063 	39.3932 	-3.54155 	0
0.0251397 	-51.8477 	39.5675 	-3.44982 	0
0.0257111 	-51.3871 	39.7083 	-3.36779 	0
0.0262824 	-51.1951 	39.8331 	-3.27788 	0
0.0268538 	-51.0002 	39.9578 	-3.18806 	0
0.0274251 	-50.4065 	40.0628 	-3.11373 	0
0.0279965 	-50.2835 	40.1316 	-3.0293 	0
0.0285678 	-50.1605 	40.2003 	-2.94487 	0
0.0291392 	-49.866 	40.2656 	-2.86501 	0
0.0297106 	-49.4588 	40.3084 	-2.79164 	0
0.0302819 	-49.4063 	40.3289 	-2.71386 	0
0.0308533 	-49.3538 	40.3495 	-2.63607 	0
0.0314246 	-49.2497 	40.3683 	-2.55932 	0
0.031996 	-48.716 	40.3722 	-2.49178 	0
0.0325673 	-48.7311 	40.3765 	-2.42346 	0
0.0331387 	-48.7463 	40.3808 	-2.35515 	0
0.0337101 	-48.7614 	40.3851 	-2.28684 	0
0.0342814 	-48.6528 	40.3838 	-2.22032 	0
0.0348528 	-48.2249 	40.3688 	-2.15916 	0
0.0354241 	-48.3005 	40.3926 	-2.10148 	0
0.0359955 	-48.3762 	40.4165 	-2.04381 	0
0.0365668 	-48.4518 	40.4403 	-1.98613 	0
0.0371382 	-48.5274 	40.4641 	-1.92846 	0
0.0377095 	-48.298 	40.4729 	-1.8742 	0
0.0382809 	-48.1054 	40.4853 	-1.82283 	0
0.0388523 	-48.2321 	40.5169 	-1.77442 	0
0.0394236 	-48.3587 	40.5485 	-1.72602 	0
0.039995 	-48.4853 	40.5801 	-1.67761 	0
0.0405663 	-48.6119 	40.6117 	-1.62921 	0
0.0411377 	-48.6067 	40.6371 	-1.58213 	0
0.041709 	-48.3545 	40.6508 	-1.53754 	0
0.0422804 	-48.4258 	40.6749 	-1.49668 	0
0.0428518 	-48.593 	40.702 	-1.45692 	0
0.0434231 	-48.7602 	40.7292 	-1.41716 	0
0.0439945 	-48.9273 	40.7563 	-1.3774 	0
0.0445658 	-49.0945 	40.7835 	-1.33764 	0
0.0451372 	-49.2443 	40.8098 	-1.29803 	0
0.0457085 	-49.0882 	40.8216 	-1.26106 	0
0.0462799 	-49.0182 	40.8375 	-1.22549 	0
0.0468513 	-49.2124 	40.8662 	-1.19417 	0
0.0474226 	-49.4065 	40.8949 	-1.16286 	0
0.047994 	-49.6006 	40.9237 	-1.13155 	0
0.0485653 	-49.7947 	40.9524 	-1.10024 	0
0.0491367 	-49.9889 	40.9811 	-1.06893 	0
0.049708 	-50.183 	41.0098 	-1.03762 	0
0.0502794 	-50.194 	41.0298 	-1.0074 	0
0.0508508 	-50.1229 	41.0458 	-0.97767 	0
0.0514221 	-50.2237 	41.0691 	-0.951737 	0
0.0519935 	-50.4307 	41.097 	-0.928148 	0
0.0525648 	-50.6376 	41.1249 	-0.904559 	0
0.0531362 	-50.8446 	41.1528 	-0.880971 	0
0.0537075 	-51.0516 	41.1807 	-0.857382 	0
0.0542789 	-51.2586 	41.2086 	-0.833793 	0
0.0548503 	-51.4655 	41.2365 	-0.810205 	0
0.0554216 	-51.6511 	41.2634 	-0.78667 	0
0.055993 	-51.6493 	41.2813 	-0.763604 	0
0.0565643 	-51.6475 	41.2992 	-0.740538 	0
0.0571357 	-51.7921 	41.3225 	-0.722206 	0
0.057707 	-51.9917 	41.3478 	-0.705656 	0
0.0582784 	-52.1913 	41.373 	-0.689106 	0
0.0588497 	-52.391 	41.3983 	-0.672555 	0
0.0594211 	-52.5906 	41.4236 	-0.656005 	0
0.0599925 	-52.7902 	41.4489 	-0.639455 	0
0.0605638 	-52.9899 	41.4742 	-0.622904 	0
0.0611352 	-53.1895 	41.4995 	-0.606354 	0
0.0617065 	-53.3723 	41.524 	-0.589769 	0
0.0622779 	-53.4189 	41.5419 	-0.572904 	0
0.0628492 	-53.4655 	41.5599 	-0.556038 	0
0.0634206 	-53.5659 	41.5797 	-0.541164 	0
0.063992 	-53.7518 	41.6023 	-0.529457 	0
0.0645633 	-53.9376 	41.6249 	-0.517749 	0
0.0651347 	-54.1235 	41.6475 	-0.506041 	0
0.065706 	-54.3094 	41.6702 	-0.494333 	0
0.0662774 	-54.4953 	41.6928 	-0.482626 	0
0.0668487 	-54.6812 	41.7154 	-0.470918 	0
0.0674201 	-54.867 	41.738 	-0.45921 	0
0.0679915 	-55.0529 	41.7606 	-0.447503 	0
0.0685628 	-55.1522 	41.7791 	-0.435111 	0
0.0691342 	-55.2256 	41.7964 	-0.422516 	0
0.0697055 	-55.3036 	41.8139 	-0.410104 	0
0.0702769 	-55.4747 	41.8343 	-0.401486 	0
0.0708482 	-55.6459 	41.8547 	-0.392868 	0
0.0714196 	-55.817 	41.8752 	-0.384251 	0
0.071991 	-55.9882 	41.8956 	-0.375633 	0
0.0725623 	-56.1594 	41.916 	-0.367015 	0
0.0731337 	-56.3305 	41.9364 	-0.358398 	0
0.073705 	-56.5017 	41.9569 	-0.34978 	0
0.0742764 	-56.6275 	41.9752 	-0.340507 	0
0.0748477 	-56.7133 	41.9916 	-0.330654 	0
0.0754191 	-56.8091 	42.0083 	-0.321333 	0
0.0759905 	-56.96 	42.0263 	-0.31491 	0
0.0765618 	-57.1109 	42.0442 	-0.308487 	0
0.0771332 	-57.2618 	42.0622 	-0.302064 	0
0.0777045 	-57.4127 	42.0802 	-0.295641 	0
0.0782759 	-57.5636 	42.0982 	-0.289218 	0
0.0788472 	-57.7145 	42.1161 	-0.282795 	0
0.0794186 	-57.8268 	42.1323 	-0.275543 	0
0.0799899 	-57.9133 	42.1473 	-0.267737 	0
0.0805613 	-58.0239 	42.1629 	-0.261401 	0
0.0811327 	-58.1561 	42.1789 	-0.256382 	0
0.081704 	-58.2883 	42.1949 	-0.251362 	0
0.0822754 	-58.4205 	42.2109 	-0.246343 	0
0.0828467 	-58.5527 	42.2269 	-0.241323 	0
0.0834181 	-58.6849 	42.243 	-0.236303 	0
0.0839894 	-58.7769 	42.2572 	-0.23011 	0
0.0845608 	-58.8597 	42.2709 	-0.223647 	0
0.0851322 	-58.9753 	42.2855 	-0.219554 	0
0.0857035 	-59.0909 	42.3001 	-0.21546 	0
0.0862749 	-59.2066 	42.3146 	-0.211367 	0
0.0868462 	-59.3222 	42.3292 	-0.207274 	0
0.0874176 	-59.4373 	42.3437 	-0.203158 	0
0.0879889 	-59.5141 	42.3566 	-0.1976 	0
0.0885603 	-59.6016 	42.3698 	-0.192949 	0
0.0891317 	-59.7029 	42.3834 	-0.18946 	0
0.089703 	-59.8042 	42.397 	-0.18597 	0
0.0902744 	-59.9055 	42.4107 	-0.182481 	0
0.0908457 	-60.0041 	42.4242 	-0.178863 	0
0.0914171 	-60.0745 	42.4365 	-0.173916 	0
0.0919884 	-60.1582 	42.4494 	-0.170303 	0
0.0925598 	-60.2472 	42.4626 	-0.167226 	0
0.0931312 	-60.3361 	42.4758 	-0.164149 	0
0.0937025 	-60.4251 	42.489 	-0.161072 	0
0.0942739 	-60.4913 	42.5012 	-0.156674 	0
0.0948452 	-60.5657 	42.5141 	-0.153389 	0
0.0954166 	-60.6442 	42.5274 	-0.150584 	0
0.0959879 	-60.7227 	42.5406 	-0.147779 	0
0.0965593 	-60.7929 	42.5535 	-0.144394 	0
0.0971307 	-60.8553 	42.5664 	-0.140759 	0
0.097702 	-60.9249 	42.5802 	-0.138143 	0
0.0982734 	-60.9944 	42.594 	-0.135527 	0
0.0988447 	-61.0561 	42.6075 	-0.13225 	0
0.0994161 	-61.1142 	42.6216 	-0.129101 	0
0.0999874 	-61.1761 	42.6365 	-0.126609 	0
0.100559 	-61.2374 	42.6513 	-0.124054 	0
0.10113 	-61.2877 	42.6662 	-0.120564 	0
0.101702 	-61.3432 	42.6826 	-0.118156 	0
0.102273 	-61.3981 	42.699 	-0.115676 	0
0.102844 	-61.4446 	42.7159 	-0.112436 	0
0.103416 	-61.4946 	42.7343 	-0.11009 	0
0.103987 	-61.5406 	42.7526 	-0.107162 	0
0.104558 	-61.5852 	42.7729 	-0.104628 	0
0.10513 	-61.6293 	42.7937 	-0.102094 	0
0.105701 	-61.6695 	42.8161 	-0.0993308 	0
0.106272 	-61.7098 	42.8396 	-0.096813 	0
0.106844 	-61.7471 	42.8655 	-0.0941876 	0
0.107415 	-61.7831 	42.8917 	-0.0914304 	0
0.107986 	-61.8182 	42.9092 	-0.0893653 	0
0.108558 	-61.8495 	42.8133 	-0.0855311 	0
0.109129 	-61.8788 	42.4621 	-0.0786023 	0
0.109701 	-61.9071 	41.5803 	-0.0651766 	0
0.110272 	-61.9358 	40.1222 	-0.0464684 	0
0.110843 	-61.9617 	38.3869 	-0.0291624 	0
0.111415 	-61.9854 	36.5239 	-0.0151292 	0
0.111986 	-62.0054 	34.5408 	-0.0063843 	0
0.112557 	-62.0188 	32.1301 	-0.00150223 	0
0.113129 	-62.0253 	28.3024 	0.000318569 	0
0.1137 	-62.0254 	1.23939e-10 	-1.7997e-16 	0
