0 	21.4707 	0 	0 	0
0.000571357 	20.8485 	19.0676 	-0.201488 	0
0.00114271 	20.5062 	18.6209 	-0.384613 	0
0.00171407 	20.6037 	17.5144 	-0.54953 	0
0.00228543 	20.8992 	16.4454 	-0.701868 	0
0.00285678 	21.1904 	15.6416 	-0.860118 	0
0.00342814 	21.4009 	15.158 	-1.01624 	0
0.0039995 	21.4497 	14.9751 	-1.18161 	0
0.00457085 	21.2645 	15.0752 	-1.34803 	0
0.00514221 	20.77 	15.4256 	-1.49754 	0
0.00571357 	19.8934 	15.9579 	-1.62817 	0
0.00628492 	18.6141 	16.5823 	-1.74407 	0
0.00685628 	16.9727 	17.2213 	-1.84996 	0
0.00742764 	15.0495 	17.8339 	-1.94662 	0
0.00799899 	12.9645 	18.3968 	-2.02818 	0
0.00857035 	10.6425 	18.922 	-2.1065 	0
0.00914171 	8.23828 	19.3916 	-2.17056 	0
0.00971307 	5.63971 	19.8258 	-2.23038 	0
0.0102844 	3.06049 	20.208 	-2.27714 	0
0.0108558 	0.516666 	20.5412 	-2.30397 	0
0.0114271 	-2.42997 	20.8316 	-2.33429 	0
0.0119985 	-6.46261 	21.0684 	-2.52748 	0
0.0125698 	-6.57407 	21.2069 	-2.57819 	0
0.0131412 	49.613 	22.2312 	-2.3387 	0
0.0137126 	58.1667 	24.1916 	-2.2653 	0
0.0142839 	57.2124 	26.2783 	-2.10337 	0
0.0148553 	54.092 	28.0087 	-1.93554 	0
0.0154266 	50.5034 	29.1234 	-1.85157 	0
0.015998 	46.7011 	29.9644 	-1.81714 	0
0.0165693 	42.7841 	30.74 	-1.78386 	0
0.0171407 	38.7761 	31.4596 	-1.75635 	0
0.0177121 	34.7222 	32.1275 	-1.73487 	0
0.0182834 	30.6778 	32.7522 	-1.70902 	0
0.0188548 	26.6149 	33.3387 	-1.69178 	0
0.0194261 	22.5682 	33.8926 	-1.68426 	0
0.0199975 	18.5716 	34.4244 	-1.66293 	0
0.0205688 	14.6204 	34.9179 	-1.66076 	0
0.0211402 	10.7122 	35.4017 	-1.64521 	0
0.0217116 	6.89278 	35.8498 	-1.64612 	0
0.0222829 	3.09808 	36.2956 	-1.62973 	0
0.0228543 	-0.560773 	36.7026 	-1.63792 	0
0.0234256 	-4.18084 	37.1055 	-1.62393 	0
0.023997 	-7.71913 	37.4896 	-1.6197 	0
0.0245683 	-11.1331 	37.8471 	-1.62203 	0
0.0251397 	-14.5297 	38.2047 	-1.6097 	0
0.0257111 	-17.7972 	38.5329 	-1.60806 	0
0.0262824 	-20.9399 	38.8349 	-1.61047 	0
0.0268538 	-24.0644 	39.1378 	-1.59884 	0
0.0274251 	-27.1272 	39.4248 	-1.59071 	0
0.0279965 	-29.9575 	39.6514 	-1.59574 	0
0.0285678 	-32.7667 	39.88 	-1.58715 	0
0.0291392 	-35.5705 	40.1091 	-1.57499 	0
0.0297106 	-38.2321 	40.2992 	-1.56793 	0
0.0302819 	-40.6894 	40.4331 	-1.5682 	0
0.0308533 	-43.1245 	40.5692 	-1.5569 	0
0.0314246 	-45.5535 	40.7059 	-1.54245 	0
0.031996 	-47.9612 	40.8383 	-1.52856 	0
0.0325673 	-49.9986 	40.8979 	-1.5243 	0
0.0331387 	-52.0304 	40.9578 	-1.51772 	0
0.0337101 	-54.0385 	41.019 	-1.50137 	0
0.0342814 	-56.0466 	41.0801 	-1.48503 	0
0.0348528 	-58.0313 	41.1404 	-1.46929 	0
0.0354241 	-59.6535 	41.1873 	-1.46297 	0
0.0359955 	-61.2757 	41.2343 	-1.45665 	0
0.0365668 	-62.8715 	41.2818 	-1.44174 	0
0.0371382 	-64.4651 	41.3293 	-1.42614 	0
0.0377095 	-66.0587 	41.3768 	-1.41054 	0
0.0382809 	-67.5379 	41.4242 	-1.39743 	0
0.0388523 	-68.7903 	41.4712 	-1.38926 	0
0.0394236 	-70.0427 	41.5182 	-1.38108 	0
0.039995 	-71.2724 	41.5656 	-1.36693 	0
0.0405663 	-72.4991 	41.613 	-1.35202 	0
0.0411377 	-73.7258 	41.6605 	-1.33712 	0
0.041709 	-74.9525 	41.7079 	-1.32221 	0
0.0422804 	-75.9456 	41.7444 	-1.31107 	0
0.0428518 	-76.8695 	41.7775 	-1.30105 	0
0.0434231 	-77.7934 	41.8107 	-1.29103 	0
0.0439945 	-78.6971 	41.8441 	-1.27646 	0
0.0445658 	-79.6 	41.8775 	-1.26172 	0
0.0451372 	-80.503 	41.911 	-1.24698 	0
0.0457085 	-81.406 	41.9444 	-1.23225 	0
0.0462799 	-82.2451 	41.9759 	-1.21845 	0
0.0468513 	-82.8888 	42.0017 	-1.20752 	0
0.0474226 	-83.5324 	42.0274 	-1.19659 	0
0.047994 	-84.1756 	42.0531 	-1.18557 	0
0.0485653 	-84.8032 	42.0789 	-1.17148 	0
0.0491367 	-85.4309 	42.1046 	-1.15739 	0
0.049708 	-86.0585 	42.1304 	-1.1433 	0
0.0502794 	-86.6861 	42.1562 	-1.12921 	0
0.0508508 	-87.3138 	42.1819 	-1.11512 	0
0.0514221 	-87.8126 	42.204 	-1.10274 	0
0.0519935 	-88.2317 	42.2238 	-1.09141 	0
0.0525648 	-88.6509 	42.2436 	-1.08009 	0
0.0531362 	-89.0701 	42.2635 	-1.06876 	0
0.0537075 	-89.4785 	42.2831 	-1.05557 	0
0.0542789 	-89.8861 	42.3028 	-1.04223 	0
0.0548503 	-90.2937 	42.3225 	-1.02889 	0
0.0554216 	-90.7013 	42.3422 	-1.01556 	0
0.055993 	-91.1089 	42.3619 	-1.00222 	0
0.0565643 	-91.5165 	42.3815 	-0.98888 	0
0.0571357 	-91.8059 	42.3979 	-0.977396 	0
0.057707 	-92.0509 	42.413 	-0.96661 	0
0.0582784 	-92.2959 	42.4281 	-0.955824 	0
0.0588497 	-92.5408 	42.4432 	-0.945038 	0
0.0594211 	-92.7818 	42.4582 	-0.933643 	0
0.0599925 	-93.0187 	42.4731 	-0.921633 	0
0.0605638 	-93.2557 	42.488 	-0.909623 	0
0.0611352 	-93.4926 	42.5029 	-0.897613 	0
0.0617065 	-93.7295 	42.5177 	-0.885603 	0
0.0622779 	-93.9665 	42.5326 	-0.873593 	0
0.0628492 	-94.2034 	42.5475 	-0.861583 	0
0.0634206 	-94.402 	42.5613 	-0.850282 	0
0.063992 	-94.5396 	42.5735 	-0.840111 	0
0.0645633 	-94.6771 	42.5858 	-0.829939 	0
0.0651347 	-94.8147 	42.598 	-0.819768 	0
0.065706 	-94.9514 	42.6101 	-0.809474 	0
0.0662774 	-95.0829 	42.6221 	-0.798525 	0
0.0668487 	-95.2145 	42.634 	-0.787577 	0
0.0674201 	-95.346 	42.6459 	-0.776628 	0
0.0679915 	-95.4776 	42.6579 	-0.765679 	0
0.0685628 	-95.6092 	42.6698 	-0.75473 	0
0.0691342 	-95.7407 	42.6817 	-0.743781 	0
0.0697055 	-95.8697 	42.6936 	-0.732888 	0
0.0702769 	-95.9466 	42.7042 	-0.723136 	0
0.0708482 	-96.0235 	42.7147 	-0.713384 	0
0.0714196 	-96.1004 	42.7253 	-0.703632 	0
0.071991 	-96.1755 	42.7358 	-0.693685 	0
0.0725623 	-96.2474 	42.7461 	-0.683389 	0
0.0731337 	-96.3194 	42.7564 	-0.673093 	0
0.073705 	-96.3913 	42.7667 	-0.662797 	0
0.0742764 	-96.4632 	42.777 	-0.652501 	0
0.0748477 	-96.5351 	42.7873 	-0.642205 	0
0.0754191 	-96.6024 	42.7974 	-0.632092 	0
0.0759905 	-96.644 	42.8067 	-0.622975 	0
0.0765618 	-96.6857 	42.8161 	-0.613858 	0
0.0771332 	-96.7273 	42.8255 	-0.604741 	0
0.0777045 	-96.765 	42.8345 	-0.595245 	0
0.0782759 	-96.8025 	42.8436 	-0.585724 	0
0.0788472 	-96.8399 	42.8527 	-0.576202 	0
0.0794186 	-96.8774 	42.8618 	-0.566681 	0
0.0799899 	-96.9148 	42.8709 	-0.55716 	0
0.0805613 	-96.9444 	42.8797 	-0.548123 	0
0.0811327 	-96.9669 	42.8883 	-0.539519 	0
0.081704 	-96.9895 	42.8969 	-0.530916 	0
0.0822754 	-97.0093 	42.9053 	-0.522078 	0
0.0828467 	-97.0282 	42.9137 	-0.513151 	0
0.0834181 	-97.047 	42.9221 	-0.504223 	0
0.0839894 	-97.0659 	42.9304 	-0.495295 	0
0.0845608 	-97.0847 	42.9388 	-0.48637 	0
0.0851322 	-97.0969 	42.9471 	-0.478189 	0
0.0857035 	-97.1092 	42.9553 	-0.470009 	0
0.0862749 	-97.1196 	42.9635 	-0.461676 	0
0.0868462 	-97.1285 	42.9715 	-0.45322 	0
0.0874176 	-97.1375 	42.9795 	-0.444765 	0
0.0879889 	-97.1464 	42.9876 	-0.436309 	0
0.0885603 	-97.1545 	42.9957 	-0.428117 	0
0.0891317 	-97.1614 	43.004 	-0.420261 	0
0.089703 	-97.1674 	43.0121 	-0.412331 	0
0.0902744 	-97.1715 	43.0202 	-0.404232 	0
0.0908457 	-97.1755 	43.0283 	-0.396133 	0
0.0914171 	-97.1795 	43.0363 	-0.388034 	0
0.0919884 	-97.1837 	43.0448 	-0.380295 	0
0.0925598 	-97.188 	43.0533 	-0.372701 	0
0.0931312 	-97.1902 	43.0618 	-0.364919 	0
0.0937025 	-97.1919 	43.0702 	-0.357104 	0
0.0942739 	-97.1937 	43.0786 	-0.349288 	0
0.0948452 	-97.1966 	43.0877 	-0.341777 	0
0.0954166 	-97.1997 	43.097 	-0.334364 	0
0.0959879 	-97.2007 	43.1061 	-0.326764 	0
0.0965593 	-97.2018 	43.1152 	-0.319165 	0
0.0971307 	-97.2036 	43.1248 	-0.311699 	0
0.097702 	-97.2069 	43.1352 	-0.304469 	0
0.0982734 	-97.2081 	43.1454 	-0.297054 	0
0.0988447 	-97.2093 	43.1557 	-0.289629 	0
0.0994161 	-97.2118 	43.1668 	-0.282385 	0
0.0999874 	-97.2148 	43.1787 	-0.275219 	0
0.100559 	-97.2165 	43.1904 	-0.267927 	0
0.10113 	-97.2189 	43.2026 	-0.26071 	0
0.101702 	-97.2229 	43.2164 	-0.253682 	0
0.102273 	-97.2254 	43.23 	-0.246504 	0
0.102844 	-97.2289 	43.2445 	-0.23942 	0
0.103416 	-97.2334 	43.2605 	-0.232428 	0
0.103987 	-97.2369 	43.2764 	-0.225334 	0
0.104558 	-97.2426 	43.2946 	-0.218445 	0
0.10513 	-97.2471 	43.3131 	-0.211427 	0
0.105701 	-97.2534 	43.3336 	-0.204565 	0
0.106272 	-97.2591 	43.355 	-0.197631 	0
0.106844 	-97.2663 	43.3787 	-0.190795 	0
0.107415 	-97.2727 	43.4034 	-0.183874 	0
0.107986 	-97.281 	43.4314 	-0.177163 	0
0.108558 	-97.2898 	43.4596 	-0.170434 	0
0.109129 	-97.2981 	43.4562 	-0.163459 	0
0.109701 	-97.3055 	43.279 	-0.154558 	0
0.110272 	-97.3128 	42.4743 	-0.136337 	0
0.110843 	-97.3241 	40.7854 	-0.106233 	0
0.111415 	-97.3372 	38.5696 	-0.075212 	0
0.111986 	-97.3551 	36.0613 	-0.0485694 	0
0.112557 	-97.3754 	33.1876 	-0.0274476 	0
0.113129 	-97.3962 	28.9481 	-0.0109357 	0
0.1137 	-97.4099 	1.24169e-10 	-2.5382e-15 	0
