0 	-89.957 	0 	0 	0
0.000571357 	-94.1317 	-0.206898 	-0.897923 	0
0.00114271 	-96.5598 	-1.82194 	-1.93274 	0
0.00171407 	-100.042 	-3.80202 	-2.95267 	0
0.00228543 	-103.59 	-4.81544 	-3.96655 	0
0.00285678 	-107.138 	-4.75698 	-4.94835 	0
0.00342814 	-110.827 	-3.62909 	-5.86617 	0
0.0039995 	-115.507 	-1.83238 	-6.72125 	0
0.00457085 	-120.686 	0.216552 	-7.52474 	0
0.00514221 	-125.878 	2.49687 	-8.24722 	0
0.00571357 	-131.144 	4.70553 	-8.88575 	0
0.00628492 	-136.358 	6.84895 	-9.46892 	0
0.00685628 	-141.307 	8.95732 	-9.98467 	0
0.00742764 	-145.84 	11.0606 	-10.4315 	0
0.00799899 	-149.852 	13.0659 	-10.787 	0
0.00857035 	-153.272 	15.0613 	-11.0766 	0
0.00914171 	-156.072 	16.935 	-11.2607 	0
0.00971307 	-158.029 	18.7865 	-11.3676 	0
0.0102844 	-159.449 	20.4955 	-11.3714 	0
0.0108558 	-160.269 	22.0519 	-11.2773 	0
0.0114271 	-160.1 	23.5106 	-11.0974 	0
0.0119985 	-159.31 	24.8016 	-10.8252 	0
0.0125698 	-158.34 	25.7387 	-10.5397 	0
0.0131412 	-152.998 	28.1531 	-10.1447 	0
0.0137126 	-150.22 	30.0525 	-9.87175 	0
0.0142839 	-149.105 	31.6097 	-9.57675 	0
0.0148553 	-148.509 	32.901 	-9.25152 	0
0.0154266 	-148.007 	33.9702 	-8.90306 	0
0.015998 	-147.728 	34.8426 	-8.55396 	0
0.0165693 	-147.197 	35.5804 	-8.20237 	0
0.0171407 	-146.69 	36.2228 	-7.86887 	0
0.0177121 	-146.152 	36.797 	-7.55329 	0
0.0182834 	-145.19 	37.3113 	-7.24551 	0
0.0188548 	-144.432 	37.7747 	-6.96123 	0
0.0194261 	-143.994 	38.2032 	-6.69879 	0
0.0199975 	-142.72 	38.5865 	-6.43078 	0
0.0205688 	-142.267 	38.9472 	-6.19965 	0
0.0211402 	-141.099 	39.2798 	-5.96248 	0
0.0217116 	-140.634 	39.5942 	-5.75546 	0
0.0222829 	-139.361 	39.8837 	-5.54074 	0
0.0228543 	-139.082 	40.1676 	-5.35801 	0
0.0234256 	-137.936 	40.4218 	-5.17101 	0
0.023997 	-137.14 	40.6732 	-4.99652 	0
0.0245683 	-136.659 	40.9148 	-4.83907 	0
0.0251397 	-135.582 	41.138 	-4.679 	0
0.0257111 	-134.944 	41.3568 	-4.53277 	0
0.0262824 	-134.539 	41.5668 	-4.39878 	0
0.0268538 	-133.596 	41.7611 	-4.26357 	0
0.0274251 	-132.806 	41.9496 	-4.1329 	0
0.0279965 	-132.587 	42.116 	-4.01932 	0
0.0285678 	-131.945 	42.2718 	-3.90559 	0
0.0291392 	-131.15 	42.4237 	-3.79181 	0
0.0297106 	-130.605 	42.55 	-3.68418 	0
0.0302819 	-130.419 	42.6396 	-3.5854 	0
0.0308533 	-129.902 	42.722 	-3.48693 	0
0.0314246 	-129.256 	42.8016 	-3.38859 	0
0.031996 	-128.637 	42.8774 	-3.29095 	0
0.0325673 	-128.494 	42.8875 	-3.20564 	0
0.0331387 	-128.309 	42.8966 	-3.12036 	0
0.0337101 	-127.813 	42.8977 	-3.03546 	0
0.0342814 	-127.316 	42.8989 	-2.95056 	0
0.0348528 	-126.844 	42.8997 	-2.86664 	0
0.0354241 	-126.742 	42.8953 	-2.79786 	0
0.0359955 	-126.64 	42.8909 	-2.72909 	0
0.0365668 	-126.32 	42.8795 	-2.66046 	0
0.0371382 	-125.957 	42.8667 	-2.59186 	0
0.0377095 	-125.595 	42.8539 	-2.52326 	0
0.0382809 	-125.33 	42.8483 	-2.45977 	0
0.0388523 	-125.257 	42.857 	-2.40639 	0
0.0394236 	-125.185 	42.8657 	-2.35301 	0
0.039995 	-124.963 	42.8694 	-2.29965 	0
0.0405663 	-124.702 	42.8719 	-2.2463 	0
0.0411377 	-124.44 	42.8743 	-2.19295 	0
0.041709 	-124.179 	42.8767 	-2.1396 	0
0.0422804 	-124.077 	42.8826 	-2.0952 	0
0.0428518 	-124.023 	42.8896 	-2.05346 	0
0.0434231 	-123.97 	42.8965 	-2.01171 	0
0.0439945 	-123.802 	42.8999 	-1.9699 	0
0.0445658 	-123.613 	42.9027 	-1.92808 	0
0.0451372 	-123.425 	42.9054 	-1.88626 	0
0.0457085 	-123.237 	42.9082 	-1.84444 	0
0.0462799 	-123.083 	42.912 	-1.8049 	0
0.0468513 	-123.034 	42.919 	-1.77236 	0
0.0474226 	-122.985 	42.9261 	-1.73981 	0
0.047994 	-122.936 	42.9332 	-1.70726 	0
0.0485653 	-122.803 	42.9377 	-1.67457 	0
0.0491367 	-122.661 	42.9419 	-1.64187 	0
0.049708 	-122.519 	42.9461 	-1.60916 	0
0.0502794 	-122.376 	42.9503 	-1.57645 	0
0.0508508 	-122.234 	42.9544 	-1.54375 	0
0.0514221 	-122.147 	42.9602 	-1.51557 	0
0.0519935 	-122.093 	42.967 	-1.49018 	0
0.0525648 	-122.04 	42.9738 	-1.4648 	0
0.0531362 	-121.987 	42.9805 	-1.43942 	0
0.0537075 	-121.884 	42.9858 	-1.41389 	0
0.0542789 	-121.768 	42.9906 	-1.38832 	0
0.0548503 	-121.651 	42.9955 	-1.36275 	0
0.0554216 	-121.534 	43.0003 	-1.33718 	0
0.055993 	-121.417 	43.0051 	-1.31162 	0
0.0565643 	-121.301 	43.0099 	-1.28605 	0
0.0571357 	-121.225 	43.0157 	-1.26487 	0
0.057707 	-121.165 	43.0219 	-1.24536 	0
0.0582784 	-121.105 	43.028 	-1.22584 	0
0.0588497 	-121.045 	43.0341 	-1.20632 	0
0.0594211 	-120.972 	43.0399 	-1.18675 	0
0.0599925 	-120.87 	43.0447 	-1.16706 	0
0.0605638 	-120.769 	43.0496 	-1.14737 	0
0.0611352 	-120.668 	43.0545 	-1.12768 	0
0.0617065 	-120.566 	43.0593 	-1.108 	0
0.0622779 	-120.465 	43.0642 	-1.08831 	0
0.0628492 	-120.364 	43.0691 	-1.06862 	0
0.0634206 	-120.276 	43.0742 	-1.05044 	0
0.063992 	-120.209 	43.0799 	-1.03465 	0
0.0645633 	-120.142 	43.0855 	-1.01887 	0
0.0651347 	-120.076 	43.0912 	-1.00308 	0
0.065706 	-120.009 	43.0968 	-0.987299 	0
0.0662774 	-119.915 	43.1016 	-0.971377 	0
0.0668487 	-119.82 	43.1064 	-0.955452 	0
0.0674201 	-119.726 	43.1112 	-0.939528 	0
0.0679915 	-119.631 	43.1159 	-0.923603 	0
0.0685628 	-119.537 	43.1207 	-0.907679 	0
0.0691342 	-119.442 	43.1255 	-0.891754 	0
0.0697055 	-119.349 	43.1303 	-0.875934 	0
0.0702769 	-119.279 	43.1357 	-0.862278 	0
0.0708482 	-119.209 	43.1411 	-0.848622 	0
0.0714196 	-119.139 	43.1466 	-0.834966 	0
0.071991 	-119.064 	43.1518 	-0.821287 	0
0.0725623 	-118.974 	43.1566 	-0.807521 	0
0.0731337 	-118.884 	43.1614 	-0.793755 	0
0.073705 	-118.794 	43.1662 	-0.779988 	0
0.0742764 	-118.704 	43.171 	-0.766222 	0
0.0748477 	-118.614 	43.1757 	-0.752456 	0
0.0754191 	-118.528 	43.1806 	-0.738969 	0
0.0759905 	-118.46 	43.1858 	-0.727003 	0
0.0765618 	-118.392 	43.1911 	-0.715037 	0
0.0771332 	-118.324 	43.1963 	-0.703071 	0
0.0777045 	-118.245 	43.2011 	-0.691036 	0
0.0782759 	-118.162 	43.2059 	-0.678984 	0
0.0788472 	-118.08 	43.2106 	-0.666932 	0
0.0794186 	-117.997 	43.2153 	-0.65488 	0
0.0799899 	-117.915 	43.2201 	-0.642828 	0
0.0805613 	-117.842 	43.2251 	-0.631423 	0
0.0811327 	-117.779 	43.2303 	-0.620596 	0
0.081704 	-117.716 	43.2355 	-0.609769 	0
0.0822754 	-117.647 	43.2405 	-0.598901 	0
0.0828467 	-117.572 	43.2454 	-0.588006 	0
0.0834181 	-117.498 	43.2502 	-0.577111 	0
0.0839894 	-117.424 	43.255 	-0.566215 	0
0.0845608 	-117.35 	43.2599 	-0.555322 	0
0.0851322 	-117.293 	43.2653 	-0.545309 	0
0.0857035 	-117.236 	43.2707 	-0.535296 	0
0.0862749 	-117.175 	43.276 	-0.525257 	0
0.0868462 	-117.109 	43.2811 	-0.515187 	0
0.0874176 	-117.043 	43.2862 	-0.505117 	0
0.0879889 	-116.977 	43.2913 	-0.495047 	0
0.0885603 	-116.918 	43.2967 	-0.485257 	0
0.0891317 	-116.867 	43.3025 	-0.475824 	0
0.089703 	-116.816 	43.3083 	-0.466381 	0
0.0902744 	-116.758 	43.3138 	-0.4569 	0
0.0908457 	-116.7 	43.3194 	-0.44742 	0
0.0914171 	-116.642 	43.325 	-0.437939 	0
0.0919884 	-116.595 	43.3312 	-0.428802 	0
0.0925598 	-116.551 	43.3377 	-0.419803 	0
0.0931312 	-116.502 	43.344 	-0.410772 	0
0.0937025 	-116.452 	43.3502 	-0.401732 	0
0.0942739 	-116.402 	43.3565 	-0.392691 	0
0.0948452 	-116.361 	43.3636 	-0.383913 	0
0.0954166 	-116.323 	43.3711 	-0.375236 	0
0.0959879 	-116.28 	43.3783 	-0.366524 	0
0.0965593 	-116.237 	43.3855 	-0.357811 	0
0.0971307 	-116.198 	43.3933 	-0.349202 	0
0.097702 	-116.166 	43.4021 	-0.340773 	0
0.0982734 	-116.13 	43.4106 	-0.332315 	0
0.0988447 	-116.093 	43.4192 	-0.323853 	0
0.0994161 	-116.062 	43.4288 	-0.315518 	0
0.0999874 	-116.034 	43.4391 	-0.307273 	0
0.100559 	-116.003 	43.4493 	-0.299006 	0
0.10113 	-115.974 	43.4601 	-0.290784 	0
0.101702 	-115.95 	43.4725 	-0.282693 	0
0.102273 	-115.924 	43.4847 	-0.274575 	0
0.102844 	-115.901 	43.4979 	-0.26651 	0
0.103416 	-115.88 	43.5126 	-0.258526 	0
0.103987 	-115.858 	43.5272 	-0.250525 	0
0.104558 	-115.841 	43.5442 	-0.242635 	0
0.10513 	-115.823 	43.5615 	-0.234738 	0
0.105701 	-115.808 	43.5808 	-0.226893 	0
0.106272 	-115.793 	43.6011 	-0.219053 	0
0.106844 	-115.78 	43.6237 	-0.211295 	0
0.107415 	-115.768 	43.6472 	-0.203551 	0
0.107986 	-115.759 	43.674 	-0.195842 	0
0.108558 	-115.75 	43.7029 	-0.18814 	0
0.109129 	-115.743 	43.7277 	-0.180554 	0
0.109701 	-115.736 	43.687 	-0.172425 	0
0.110272 	-115.728 	43.2507 	-0.158518 	0
0.110843 	-115.725 	41.8556 	-0.130136 	0
0.111415 	-115.73 	39.6241 	-0.0944094 	0
0.111986 	-115.739 	36.947 	-0.0622284 	0
0.112557 	-115.755 	33.8909 	-0.0359073 	0
0.113129 	-115.777 	29.499 	-0.0147884 	0
0.1137 	-115.795 	1.27418e-10 	-3.5557e-15 	0
