0 	241.157 	0 	0 	0
0.000571357 	240.664 	13.9496 	-0.255822 	0
0.00114271 	240.563 	13.5831 	-0.522242 	0
0.00171407 	240.742 	11.9901 	-0.818118 	0
0.00228543 	241.187 	8.76251 	-1.30551 	0
0.00285678 	241.163 	6.57202 	-1.79346 	0
0.00342814 	241.3 	5.54824 	-2.23393 	0
0.0039995 	241.156 	6.72897 	-2.52945 	0
0.00457085 	240.262 	8.55048 	-2.75647 	0
0.00514221 	239.318 	10.1299 	-2.9804 	0
0.00571357 	238.314 	11.5725 	-3.2011 	0
0.00628492 	237.206 	12.9424 	-3.41584 	0
0.00685628 	235.972 	14.2661 	-3.621 	0
0.00742764 	234.595 	15.5714 	-3.81643 	0
0.00799899 	233.073 	16.8661 	-4.0012 	0
0.00857035 	231.406 	18.1504 	-4.17452 	0
0.00914171 	229.598 	19.4149 	-4.33457 	0
0.00971307 	227.652 	20.6551 	-4.48225 	0
0.0102844 	225.573 	21.8666 	-4.61682 	0
0.0108558 	223.371 	23.0481 	-4.73746 	0
0.0114271 	221.057 	24.1939 	-4.84376 	0
0.0119985 	218.69 	25.2932 	-4.92778 	0
0.0125698 	216.031 	26.302 	-5.03939 	0
0.0131412 	216.499 	27.2217 	-5.04839 	0
0.0137126 	215.523 	28.0802 	-5.09577 	0
0.0142839 	213.661 	28.9253 	-5.12892 	0
0.0148553 	211.393 	29.7359 	-5.14819 	0
0.0154266 	208.905 	30.5034 	-5.15475 	0
0.015998 	206.292 	31.2228 	-5.14971 	0
0.0165693 	203.619 	31.8994 	-5.13392 	0
0.0171407 	200.922 	32.5374 	-5.10883 	0
0.0177121 	198.234 	33.1361 	-5.07753 	0
0.0182834 	195.571 	33.712 	-5.0402 	0
0.0188548 	192.953 	34.2667 	-4.99861 	0
0.0194261 	190.389 	34.8021 	-4.95522 	0
0.0199975 	187.885 	35.3189 	-4.90892 	0
0.0205688 	185.449 	35.8138 	-4.85929 	0
0.0211402 	183.085 	36.2837 	-4.80596 	0
0.0217116 	180.795 	36.7215 	-4.75007 	0
0.0222829 	178.592 	37.1329 	-4.69097 	0
0.0228543 	176.484 	37.5277 	-4.62837 	0
0.0234256 	174.45 	37.9085 	-4.56457 	0
0.023997 	172.479 	38.2746 	-4.50445 	0
0.0245683 	170.634 	38.6306 	-4.44032 	0
0.0251397 	168.84 	38.9801 	-4.37688 	0
0.0257111 	167.128 	39.3009 	-4.31526 	0
0.0262824 	165.507 	39.6127 	-4.2497 	0
0.0268538 	163.933 	39.876 	-4.18451 	0
0.0274251 	162.473 	40.126 	-4.11454 	0
0.0279965 	161.049 	40.3179 	-4.04424 	0
0.0285678 	159.735 	40.5045 	-3.96995 	0
0.0291392 	158.47 	40.6424 	-3.89733 	0
0.0297106 	157.279 	40.78 	-3.8216 	0
0.0302819 	156.171 	40.9019 	-3.7509 	0
0.0308533 	155.066 	41.0217 	-3.68107 	0
0.0314246 	154.116 	41.1354 	-3.60969 	0
0.031996 	153.15 	41.247 	-3.54415 	0
0.0325673 	152.26 	41.3573 	-3.47607 	0
0.0331387 	151.437 	41.4293 	-3.40962 	0
0.0337101 	150.609 	41.4941 	-3.34411 	0
0.0342814 	149.888 	41.558 	-3.27553 	0
0.0348528 	149.192 	41.5804 	-3.21153 	0
0.0354241 	148.496 	41.6026 	-3.14756 	0
0.0359955 	147.897 	41.6225 	-3.08093 	0
0.0365668 	147.323 	41.6432 	-3.02164 	0
0.0371382 	146.747 	41.6641 	-2.96304 	0
0.0377095 	146.225 	41.6831 	-2.90306 	0
0.0382809 	145.765 	41.7004 	-2.84618 	0
0.0388523 	145.292 	41.7184 	-2.79252 	0
0.0394236 	144.819 	41.7364 	-2.73886 	0
0.039995 	144.454 	41.7506 	-2.68308 	0
0.0405663 	144.072 	41.7609 	-2.63406 	0
0.0411377 	143.69 	41.7712 	-2.58504 	0
0.041709 	143.317 	41.7812 	-2.53584 	0
0.0422804 	143.038 	41.7889 	-2.48596 	0
0.0428518 	142.733 	41.804 	-2.44242 	0
0.0434231 	142.429 	41.819 	-2.39889 	0
0.0439945 	142.125 	41.8341 	-2.35535 	0
0.0445658 	141.912 	41.8452 	-2.31014 	0
0.0451372 	141.673 	41.8685 	-2.272 	0
0.0457085 	141.433 	41.8918 	-2.23391 	0
0.0462799 	141.194 	41.9152 	-2.19582 	0
0.0468513 	140.998 	41.9367 	-2.157 	0
0.0474226 	140.826 	41.9572 	-2.12047 	0
0.047994 	140.641 	41.9783 	-2.08709 	0
0.0485653 	140.456 	41.9995 	-2.0537 	0
0.0491367 	140.271 	42.0207 	-2.02032 	0
0.049708 	140.136 	42.0397 	-1.98612 	0
0.0502794 	140.005 	42.0562 	-1.95498 	0
0.0508508 	139.866 	42.0714 	-1.92601 	0
0.0514221 	139.727 	42.0867 	-1.89704 	0
0.0519935 	139.587 	42.102 	-1.86807 	0
0.0525648 	139.48 	42.1158 	-1.83855 	0
0.0531362 	139.39 	42.1288 	-1.81045 	0
0.0537075 	139.289 	42.1424 	-1.78588 	0
0.0542789 	139.189 	42.156 	-1.76131 	0
0.0548503 	139.088 	42.1696 	-1.73675 	0
0.0554216 	138.988 	42.1832 	-1.71218 	0
0.055993 	138.93 	42.1946 	-1.68673 	0
0.0565643 	138.866 	42.2063 	-1.66456 	0
0.0571357 	138.799 	42.2182 	-1.64418 	0
0.057707 	138.731 	42.2302 	-1.62379 	0
0.0582784 	138.664 	42.2421 	-1.60341 	0
0.0588497 	138.596 	42.254 	-1.58302 	0
0.0594211 	138.559 	42.2641 	-1.56175 	0
0.0599925 	138.522 	42.2734 	-1.54294 	0
0.0605638 	138.483 	42.2821 	-1.52661 	0
0.0611352 	138.444 	42.2908 	-1.51029 	0
0.0617065 	138.405 	42.2994 	-1.49397 	0
0.0622779 	138.366 	42.3081 	-1.47765 	0
0.0628492 	138.335 	42.3161 	-1.46088 	0
0.0634206 	138.318 	42.3232 	-1.44352 	0
0.063992 	138.3 	42.3284 	-1.4297 	0
0.0645633 	138.282 	42.3332 	-1.41646 	0
0.0651347 	138.264 	42.338 	-1.40322 	0
0.065706 	138.246 	42.3429 	-1.38998 	0
0.0662774 	138.228 	42.3477 	-1.37674 	0
0.0668487 	138.219 	42.3517 	-1.36253 	0
0.0674201 	138.212 	42.3548 	-1.34875 	0
0.0679915 	138.208 	42.3558 	-1.3374 	0
0.0685628 	138.203 	42.3568 	-1.32604 	0
0.0691342 	138.198 	42.3578 	-1.31469 	0
0.0697055 	138.194 	42.3588 	-1.30333 	0
0.0702769 	138.19 	42.3594 	-1.29122 	0
0.0708482 	138.187 	42.3595 	-1.27858 	0
0.0714196 	138.186 	42.3568 	-1.26813 	0
0.071991 	138.185 	42.3541 	-1.25768 	0
0.0725623 	138.184 	42.3514 	-1.24724 	0
0.0731337 	138.183 	42.3487 	-1.23679 	0
0.073705 	138.177 	42.3459 	-1.22516 	0
0.0742764 	138.169 	42.3421 	-1.21353 	0
0.0748477 	138.16 	42.3364 	-1.2026 	0
0.0754191 	138.152 	42.3308 	-1.19168 	0
0.0759905 	138.143 	42.3252 	-1.18075 	0
0.0765618 	138.129 	42.3198 	-1.16922 	0
0.0771332 	138.104 	42.3144 	-1.15658 	0
0.0777045 	138.075 	42.3056 	-1.14368 	0
0.0782759 	138.045 	42.2967 	-1.13079 	0
0.0788472 	138.015 	42.2879 	-1.1179 	0
0.0794186 	137.977 	42.2797 	-1.10439 	0
0.0799899 	137.922 	42.2711 	-1.08943 	0
0.0805613 	137.856 	42.2581 	-1.07292 	0
0.0811327 	137.791 	42.2451 	-1.05641 	0
0.081704 	137.725 	42.2321 	-1.03989 	0
0.0822754 	137.638 	42.2214 	-1.02242 	0
0.0828467 	137.528 	42.2068 	-1.00184 	0
0.0834181 	137.412 	42.1905 	-0.9802 	0
0.0839894 	137.296 	42.1743 	-0.95856 	0
0.0845608 	137.163 	42.1602 	-0.936634 	0
0.0851322 	136.996 	42.1446 	-0.911071 	0
0.0857035 	136.814 	42.1265 	-0.882774 	0
0.0862749 	136.632 	42.1083 	-0.854477 	0
0.0868462 	136.431 	42.0933 	-0.82648 	0
0.0874176 	136.185 	42.0768 	-0.792947 	0
0.0879889 	135.925 	42.0586 	-0.756803 	0
0.0885603 	135.664 	42.0404 	-0.720659 	0
0.0891317 	135.367 	42.0278 	-0.685182 	0
0.089703 	135.016 	42.0115 	-0.640136 	0
0.0902744 	134.666 	41.9952 	-0.595091 	0
0.0908457 	134.298 	41.9833 	-0.552208 	0
0.0914171 	133.862 	41.9674 	-0.500279 	0
0.0919884 	133.411 	41.9497 	-0.445612 	0
0.0925598 	132.949 	41.9362 	-0.393622 	0
0.0931312 	132.413 	41.9003 	-0.332671 	0
0.0937025 	131.854 	41.8543 	-0.267172 	0
0.0942739 	131.285 	41.8144 	-0.206436 	0
0.0948452 	130.628 	41.7004 	-0.131373 	0
0.0954166 	129.961 	41.5768 	-0.0540778 	0
0.0959879 	129.254 	41.4502 	0.0186962 	0
0.0965593 	128.476 	41.291 	0.105837 	0
0.0971307 	127.69 	41.1352 	0.187104 	0
0.097702 	126.802 	40.9988 	0.279088 	0
0.0982734 	125.893 	40.8663 	0.373024 	0
0.0988447 	124.891 	40.7448 	0.466889 	0
0.0994161 	123.831 	40.6253 	0.572558 	0
0.0999874 	122.685 	40.5195 	0.672416 	0
0.100559 	121.463 	40.4179 	0.78837 	0
0.10113 	120.129 	40.3319 	0.898655 	0
0.101702 	118.715 	40.2518 	1.0189 	0
0.102273 	117.15 	40.152 	1.14844 	0
0.102844 	115.509 	39.998 	1.26877 	0
0.103416 	113.703 	39.569 	1.39378 	0
0.103987 	111.826 	38.5345 	1.44484 	0
0.104558 	109.961 	36.9454 	1.44014 	0
0.10513 	108.289 	34.759 	1.35905 	0
0.105701 	106.854 	32.4787 	1.24233 	0
0.106272 	105.62 	30.1612 	1.10142 	0
0.106844 	104.586 	27.7654 	0.934045 	0
0.107415 	103.754 	25.146 	0.715118 	0
0.107986 	103.141 	22.2286 	0.428979 	0
0.108558 	102.778 	19.3589 	0.128418 	0
0.109129 	102.617 	17.0072 	-0.0616532 	0
0.109701 	102.378 	14.9497 	-0.142245 	0
0.110272 	102.227 	13.0734 	-0.12456 	0
0.110843 	102.068 	11.2652 	-0.033708 	0
0.111415 	101.846 	9.31674 	0.126492 	0
0.111986 	101.864 	7.07371 	0.350357 	0
0.112557 	102.936 	5.67921 	0.568964 	0
0.113129 	105.435 	6.17925 	0.676724 	0
0.1137 	108.895 	9.61637 	0.571828 	0
