0 	158.499 	0 	0 	0
0.000571357 	158.619 	40.7625 	0.194538 	0
0.00114271 	158.296 	47.8456 	0.225594 	0
0.00171407 	157.639 	47.6805 	0.0301177 	0
0.00228543 	156.461 	45.5649 	-0.282752 	0
0.00285678 	154.37 	43.5462 	-0.589898 	0
0.00342814 	151.597 	41.8771 	-0.774275 	0
0.0039995 	148.781 	40.7 	-0.815048 	0
0.00457085 	146.505 	39.8599 	-0.776051 	0
0.00514221 	144.833 	39.0163 	-0.73467 	0
0.00571357 	143.761 	37.9318 	-0.752924 	0
0.00628492 	143.066 	36.5386 	-0.874893 	0
0.00685628 	142.515 	34.8459 	-1.1267 	0
0.00742764 	141.902 	32.8646 	-1.53165 	0
0.00799899 	141.237 	30.6291 	-2.10317 	0
0.00857035 	140.244 	28.1769 	-2.83204 	0
0.00914171 	138.971 	25.5501 	-3.68886 	0
0.00971307 	137.731 	22.846 	-4.60895 	0
0.0102844 	134.492 	20.2073 	-5.50518 	0
0.0108558 	129.97 	17.7373 	-6.34397 	0
0.0114271 	126.625 	15.5631 	-7.0429 	0
0.0119985 	122.891 	13.581 	-7.50844 	0
0.0125698 	119.145 	10.6972 	-8.73597 	0
0.0131412 	300.413 	7.54708 	-7.92166 	0
0.0137126 	338.699 	9.02609 	-7.5898 	0
0.0142839 	356.508 	11.0236 	-7.21917 	0
0.0148553 	365.701 	13.0955 	-6.81831 	0
0.0154266 	371.255 	15.0748 	-6.35275 	0
0.015998 	374.041 	16.9654 	-5.82824 	0
0.0165693 	374.655 	18.7659 	-5.26572 	0
0.0171407 	373.822 	20.4582 	-4.68792 	0
0.0177121 	371.805 	22.0305 	-4.11039 	0
0.0182834 	369.123 	23.4732 	-3.54199 	0
0.0188548 	366.019 	24.7553 	-3.00201 	0
0.0194261 	362.425 	25.8978 	-2.49566 	0
0.0199975 	358.663 	26.9051 	-2.01062 	0
0.0205688 	354.865 	27.8017 	-1.56352 	0
0.0211402 	351.043 	28.6172 	-1.15985 	0
0.0217116 	347.051 	29.3635 	-0.791558 	0
0.0222829 	343.077 	30.0351 	-0.457097 	0
0.0228543 	339.023 	30.659 	-0.150479 	0
0.0234256 	334.9 	31.2436 	0.133195 	0
0.023997 	330.578 	31.7762 	0.386462 	0
0.0245683 	326.331 	32.2579 	0.619697 	0
0.0251397 	321.96 	32.7168 	0.839836 	0
0.0257111 	317.728 	33.1048 	1.0309 	0
0.0262824 	313.518 	33.4808 	1.21633 	0
0.0268538 	309.303 	33.8182 	1.3781 	0
0.0274251 	305.242 	34.1404 	1.53496 	0
0.0279965 	301.234 	34.4386 	1.67197 	0
0.0285678 	297.366 	34.7255 	1.80627 	0
0.0291392 	293.626 	34.9933 	1.91941 	0
0.0297106 	289.886 	35.2612 	2.03256 	0
0.0302819 	286.503 	35.5022 	2.12468 	0
0.0308533 	283.057 	35.7477 	2.21358 	0
0.0314246 	279.832 	35.9768 	2.29201 	0
0.031996 	276.68 	36.1998 	2.35652 	0
0.0325673 	273.529 	36.4227 	2.42104 	0
0.0331387 	270.696 	36.6019 	2.46712 	0
0.0337101 	267.836 	36.7784 	2.50803 	0
0.0342814 	265.039 	36.9509 	2.55062 	0
0.0348528 	262.494 	37.0754 	2.57238 	0
0.0354241 	259.948 	37.1999 	2.59394 	0
0.0359955 	257.413 	37.3237 	2.61595 	0
0.0365668 	255.212 	37.4243 	2.62775 	0
0.0371382 	252.99 	37.5259 	2.63698 	0
0.0377095 	250.768 	37.6276 	2.64621 	0
0.0382809 	248.781 	37.7195 	2.65274 	0
0.0388523 	246.866 	37.8095 	2.654 	0
0.0394236 	244.951 	37.8995 	2.65526 	0
0.039995 	243.083 	37.9868 	2.65841 	0
0.0405663 	241.454 	38.0593 	2.65298 	0
0.0411377 	239.825 	38.1318 	2.64755 	0
0.041709 	238.196 	38.2043 	2.64212 	0
0.0422804 	236.64 	38.2732 	2.63802 	0
0.0428518 	235.279 	38.3335 	2.62823 	0
0.0434231 	233.918 	38.3938 	2.61844 	0
0.0439945 	232.557 	38.4541 	2.60865 	0
0.0445658 	231.214 	38.5134 	2.60075 	0
0.0451372 	230.097 	38.5725 	2.58957 	0
0.0457085 	228.981 	38.6317 	2.57826 	0
0.0462799 	227.865 	38.6908 	2.56696 	0
0.0468513 	226.748 	38.75 	2.55565 	0
0.0474226 	225.749 	38.8071 	2.54611 	0
0.047994 	224.851 	38.8632 	2.53451 	0
0.0485653 	223.954 	38.9192 	2.52292 	0
0.0491367 	223.057 	38.9752 	2.51132 	0
0.049708 	222.159 	39.0313 	2.49973 	0
0.0502794 	221.387 	39.0806 	2.48983 	0
0.0508508 	220.688 	39.1261 	2.47813 	0
0.0514221 	219.989 	39.1716 	2.46643 	0
0.0519935 	219.29 	39.2171 	2.45473 	0
0.0525648 	218.591 	39.2625 	2.44303 	0
0.0531362 	217.952 	39.3045 	2.43319 	0
0.0537075 	217.434 	39.3403 	2.42221 	0
0.0542789 	216.916 	39.376 	2.41122 	0
0.0548503 	216.397 	39.4118 	2.40024 	0
0.0554216 	215.879 	39.4475 	2.38925 	0
0.055993 	215.361 	39.4833 	2.37827 	0
0.0565643 	214.943 	39.5147 	2.36986 	0
0.0571357 	214.589 	39.5436 	2.36052 	0
0.057707 	214.234 	39.5726 	2.35118 	0
0.0582784 	213.88 	39.6016 	2.34185 	0
0.0588497 	213.525 	39.6305 	2.33251 	0
0.0594211 	213.171 	39.6595 	2.32317 	0
0.0599925 	212.883 	39.6854 	2.31632 	0
0.0605638 	212.68 	39.7079 	2.30914 	0
0.0611352 	212.477 	39.7304 	2.30196 	0
0.0617065 	212.274 	39.7529 	2.29478 	0
0.0622779 	212.07 	39.7754 	2.28759 	0
0.0628492 	211.867 	39.7979 	2.28041 	0
0.0634206 	211.661 	39.8205 	2.2736 	0
0.063992 	211.559 	39.8382 	2.26901 	0
0.0645633 	211.484 	39.8549 	2.26376 	0
0.0651347 	211.408 	39.8716 	2.25851 	0
0.065706 	211.333 	39.8882 	2.25326 	0
0.0662774 	211.257 	39.9049 	2.248 	0
0.0668487 	211.181 	39.9215 	2.24275 	0
0.0674201 	211.118 	39.9375 	2.23901 	0
0.0679915 	211.152 	39.9494 	2.23536 	0
0.0685628 	211.186 	39.9614 	2.2317 	0
0.0691342 	211.219 	39.9733 	2.22804 	0
0.0697055 	211.253 	39.9853 	2.22438 	0
0.0702769 	211.286 	39.9973 	2.22073 	0
0.0708482 	211.317 	40.0092 	2.21816 	0
0.0714196 	211.444 	40.0171 	2.21574 	0
0.071991 	211.571 	40.025 	2.21332 	0
0.0725623 	211.698 	40.033 	2.2109 	0
0.0731337 	211.824 	40.0409 	2.20848 	0
0.073705 	211.951 	40.0488 	2.20606 	0
0.0742764 	212.101 	40.0558 	2.20479 	0
0.0748477 	212.308 	40.0608 	2.20311 	0
0.0754191 	212.514 	40.0658 	2.20142 	0
0.0759905 	212.721 	40.0708 	2.19974 	0
0.0765618 	212.927 	40.0758 	2.19805 	0
0.0771332 	213.136 	40.0806 	2.19715 	0
0.0777045 	213.411 	40.084 	2.19575 	0
0.0782759 	213.687 	40.0873 	2.19435 	0
0.0788472 	213.962 	40.0907 	2.19294 	0
0.0794186 	214.237 	40.0941 	2.19154 	0
0.0799899 	214.524 	40.097 	2.19073 	0
0.0805613 	214.859 	40.0989 	2.18908 	0
0.0811327 	215.194 	40.1008 	2.18742 	0
0.081704 	215.528 	40.1027 	2.18576 	0
0.0822754 	215.863 	40.1046 	2.1841 	0
0.0828467 	216.234 	40.1048 	2.18247 	0
0.0834181 	216.62 	40.1046 	2.18007 	0
0.0839894 	217.007 	40.1044 	2.17767 	0
0.0845608 	217.393 	40.1042 	2.17526 	0
0.0851322 	217.804 	40.1024 	2.17267 	0
0.0857035 	218.233 	40.0996 	2.16904 	0
0.0862749 	218.663 	40.0968 	2.1654 	0
0.0868462 	219.093 	40.0939 	2.16177 	0
0.0874176 	219.55 	40.0888 	2.15747 	0
0.0879889 	220.016 	40.0832 	2.15226 	0
0.0885603 	220.482 	40.0775 	2.14705 	0
0.0891317 	220.954 	40.0711 	2.14197 	0
0.089703 	221.45 	40.0623 	2.13485 	0
0.0902744 	221.945 	40.0536 	2.12773 	0
0.0908457 	222.441 	40.0448 	2.12061 	0
0.0914171 	222.959 	40.032 	2.11198 	0
0.0919884 	223.477 	40.0187 	2.10264 	0
0.0925598 	223.996 	40.0055 	2.0933 	0
0.0931312 	224.531 	39.9887 	2.08243 	0
0.0937025 	225.066 	39.9712 	2.07074 	0
0.0942739 	225.602 	39.9537 	2.05904 	0
0.0948452 	226.152 	39.9347 	2.04539 	0
0.0954166 	226.699 	39.9161 	2.03135 	0
0.0959879 	227.253 	39.8962 	2.01668 	0
0.0965593 	227.808 	39.8749 	1.99998 	0
0.0971307 	228.362 	39.8535 	1.98328 	0
0.097702 	228.924 	39.8202 	1.96395 	0
0.0982734 	229.481 	39.7852 	1.94408 	0
0.0988447 	230.042 	39.7329 	1.92216 	0
0.0994161 	230.598 	39.6693 	1.89882 	0
0.0999874 	231.154 	39.5853 	1.8737 	0
0.100559 	231.701 	39.4821 	1.84698 	0
0.10113 	232.246 	39.3546 	1.81836 	0
0.101702 	232.781 	39.2097 	1.78856 	0
0.102273 	233.308 	39.035 	1.75641 	0
0.102844 	233.829 	38.8481 	1.7233 	0
0.103416 	234.329 	38.6335 	1.68816 	0
0.103987 	234.822 	38.3996 	1.65123 	0
0.104558 	235.303 	38.1468 	1.61276 	0
0.10513 	235.764 	37.8656 	1.57229 	0
0.105701 	236.21 	37.5452 	1.52894 	0
0.106272 	236.64 	37.1814 	1.48305 	0
0.106844 	237.052 	36.7592 	1.43414 	0
0.107415 	237.443 	36.2604 	1.38161 	0
0.107986 	237.814 	35.664 	1.32474 	0
0.108558 	238.162 	34.9454 	1.2625 	0
0.109129 	238.491 	34.0654 	1.19291 	0
0.109701 	238.796 	32.9587 	1.1137 	0
0.110272 	239.086 	31.6292 	1.02571 	0
0.110843 	239.351 	30.1128 	0.931395 	0
0.111415 	239.568 	28.3694 	0.834718 	0
0.111986 	239.59 	26.7995 	0.722439 	0
0.112557 	239.457 	27.1425 	0.550433 	0
0.113129 	239.524 	28.3617 	0.360258 	0
0.1137 	239.894 	29.2069 	0.173738 	0
