0 	-268.884 	0 	0 	0
0.000571357 	-269.918 	-6.0099 	-0.0239325 	0
0.00114271 	-273.013 	-6.97126 	-0.119191 	0
0.00171407 	-277.952 	-8.19532 	-0.124642 	0
0.00228543 	-284.806 	-9.04753 	-0.0900871 	0
0.00285678 	-293.015 	-9.46195 	-0.0251665 	0
0.00342814 	-302.199 	-9.42204 	0.0607705 	0
0.0039995 	-311.742 	-8.92849 	0.165321 	0
0.00457085 	-321.034 	-7.98922 	0.272755 	0
0.00514221 	-329.337 	-6.63547 	0.375101 	0
0.00571357 	-336.191 	-4.95577 	0.448963 	0
0.00628492 	-341.258 	-3.07633 	0.483217 	0
0.00685628 	-344.469 	-1.06283 	0.469295 	0
0.00742764 	-345.903 	0.992896 	0.409071 	0
0.00799899 	-345.643 	2.9137 	0.33475 	0
0.00857035 	-344.102 	4.69558 	0.270677 	0
0.00914171 	-341.535 	6.31354 	0.243413 	0
0.00971307 	-338.579 	7.82265 	0.234402 	0
0.0102844 	-335.343 	9.24177 	0.224523 	0
0.0108558 	-331.923 	10.662 	0.183828 	0
0.0114271 	-328.041 	12.3973 	0.0164331 	0
0.0119985 	-322.654 	15.2174 	-0.390334 	0
0.0125698 	-317.456 	18.999 	-0.972183 	0
0.0131412 	-320.935 	25.7537 	-1.7847 	0
0.0137126 	-313.042 	30.1583 	-2.17865 	0
0.0142839 	-304.367 	32.6586 	-2.36091 	0
0.0148553 	-295.753 	34.819 	-2.49308 	0
0.0154266 	-287.481 	36.5867 	-2.56567 	0
0.015998 	-279.757 	37.4722 	-2.53262 	0
0.0165693 	-272.81 	37.9712 	-2.46102 	0
0.0171407 	-266.615 	38.3916 	-2.38378 	0
0.0177121 	-261.078 	38.7812 	-2.30667 	0
0.0182834 	-256.075 	39.1444 	-2.23032 	0
0.0188548 	-251.667 	39.4834 	-2.14824 	0
0.0194261 	-247.759 	39.8044 	-2.07938 	0
0.0199975 	-244.059 	40.1168 	-2.01187 	0
0.0205688 	-240.978 	40.4097 	-1.94488 	0
0.0211402 	-237.933 	40.6981 	-1.88568 	0
0.0217116 	-235.396 	40.9705 	-1.82847 	0
0.0222829 	-232.819 	41.2412 	-1.77571 	0
0.0228543 	-230.692 	41.4944 	-1.72895 	0
0.0234256 	-228.603 	41.7466 	-1.68196 	0
0.023997 	-226.604 	41.9881 	-1.64331 	0
0.0245683 	-224.865 	42.22 	-1.60639 	0
0.0251397 	-223.122 	42.4518 	-1.56969 	0
0.0257111 	-221.467 	42.6709 	-1.54035 	0
0.0262824 	-219.986 	42.8824 	-1.51248 	0
0.0268538 	-218.506 	43.0939 	-1.4846 	0
0.0274251 	-217.013 	43.2981 	-1.46043 	0
0.0279965 	-215.716 	43.4847 	-1.44024 	0
0.0285678 	-214.419 	43.6712 	-1.42005 	0
0.0291392 	-213.117 	43.8576 	-1.40003 	0
0.0297106 	-211.833 	44.0197 	-1.38295 	0
0.0302819 	-210.66 	44.1502 	-1.36753 	0
0.0308533 	-209.488 	44.2808 	-1.3521 	0
0.0314246 	-208.315 	44.4113 	-1.33668 	0
0.031996 	-207.114 	44.5354 	-1.32216 	0
0.0325673 	-206.044 	44.5642 	-1.3087 	0
0.0331387 	-204.973 	44.593 	-1.29525 	0
0.0337101 	-203.903 	44.6218 	-1.2818 	0
0.0342814 	-202.832 	44.6506 	-1.26835 	0
0.0348528 	-201.746 	44.6759 	-1.2555 	0
0.0354241 	-200.778 	44.6541 	-1.24376 	0
0.0359955 	-199.809 	44.6323 	-1.23202 	0
0.0365668 	-198.841 	44.6105 	-1.22028 	0
0.0371382 	-197.873 	44.5887 	-1.20853 	0
0.0377095 	-196.901 	44.5667 	-1.19693 	0
0.0382809 	-195.957 	44.5466 	-1.18595 	0
0.0388523 	-195.081 	44.5306 	-1.17574 	0
0.0394236 	-194.206 	44.5147 	-1.16554 	0
0.039995 	-193.331 	44.4988 	-1.15533 	0
0.0405663 	-192.456 	44.4828 	-1.14512 	0
0.0411377 	-191.581 	44.4669 	-1.13492 	0
0.041709 	-190.702 	44.4507 	-1.12502 	0
0.0422804 	-189.898 	44.4358 	-1.11537 	0
0.0428518 	-189.116 	44.4213 	-1.10578 	0
0.0434231 	-188.334 	44.4068 	-1.09619 	0
0.0439945 	-187.552 	44.3923 	-1.0866 	0
0.0445658 	-186.769 	44.3778 	-1.07701 	0
0.0451372 	-185.987 	44.3633 	-1.06742 	0
0.0457085 	-185.206 	44.3488 	-1.05803 	0
0.0462799 	-184.448 	44.3347 	-1.04873 	0
0.0468513 	-183.763 	44.3221 	-1.03927 	0
0.0474226 	-183.078 	44.3096 	-1.02982 	0
0.047994 	-182.393 	44.297 	-1.02037 	0
0.0485653 	-181.708 	44.2844 	-1.01091 	0
0.0491367 	-181.023 	44.2718 	-1.00146 	0
0.049708 	-180.338 	44.2592 	-0.992008 	0
0.0502794 	-179.653 	44.2467 	-0.982607 	0
0.0508508 	-178.971 	44.2341 	-0.973504 	0
0.0514221 	-178.348 	44.2228 	-0.964233 	0
0.0519935 	-177.763 	44.2124 	-0.954859 	0
0.0525648 	-177.178 	44.202 	-0.945484 	0
0.0531362 	-176.593 	44.1916 	-0.93611 	0
0.0537075 	-176.007 	44.1812 	-0.926736 	0
0.0542789 	-175.422 	44.1708 	-0.917361 	0
0.0548503 	-174.837 	44.1604 	-0.907987 	0
0.0554216 	-174.252 	44.15 	-0.898613 	0
0.055993 	-173.668 	44.1396 	-0.8894 	0
0.0565643 	-173.085 	44.1292 	-0.880362 	0
0.0571357 	-172.581 	44.1206 	-0.871372 	0
0.057707 	-172.107 	44.1127 	-0.862402 	0
0.0582784 	-171.633 	44.1048 	-0.853431 	0
0.0588497 	-171.159 	44.0969 	-0.84446 	0
0.0594211 	-170.685 	44.089 	-0.835489 	0
0.0599925 	-170.211 	44.0811 	-0.826518 	0
0.0605638 	-169.737 	44.0732 	-0.817547 	0
0.0611352 	-169.263 	44.0653 	-0.808576 	0
0.0617065 	-168.789 	44.0574 	-0.799605 	0
0.0622779 	-168.316 	44.0494 	-0.790749 	0
0.0628492 	-167.843 	44.0415 	-0.782069 	0
0.0634206 	-167.404 	44.0344 	-0.773408 	0
0.063992 	-167.016 	44.0285 	-0.764778 	0
0.0645633 	-166.629 	44.0227 	-0.756148 	0
0.0651347 	-166.241 	44.0169 	-0.747518 	0
0.065706 	-165.854 	44.011 	-0.738889 	0
0.0662774 	-165.467 	44.0052 	-0.730259 	0
0.0668487 	-165.079 	43.9994 	-0.721629 	0
0.0674201 	-164.692 	43.9935 	-0.712999 	0
0.0679915 	-164.304 	43.9877 	-0.704369 	0
0.0685628 	-163.917 	43.9819 	-0.695753 	0
0.0691342 	-163.53 	43.976 	-0.687365 	0
0.0697055 	-163.146 	43.9702 	-0.678976 	0
0.0702769 	-162.821 	43.966 	-0.670531 	0
0.0708482 	-162.496 	43.9618 	-0.662087 	0
0.0714196 	-162.171 	43.9576 	-0.653643 	0
0.071991 	-161.846 	43.9534 	-0.645199 	0
0.0725623 	-161.521 	43.9492 	-0.636754 	0
0.0731337 	-161.196 	43.945 	-0.62831 	0
0.073705 	-160.871 	43.9408 	-0.619866 	0
0.0742764 	-160.546 	43.9366 	-0.611422 	0
0.0748477 	-160.221 	43.9323 	-0.603162 	0
0.0754191 	-159.905 	43.9283 	-0.59495 	0
0.0759905 	-159.636 	43.9255 	-0.586893 	0
0.0765618 	-159.366 	43.9228 	-0.578837 	0
0.0771332 	-159.097 	43.92 	-0.57078 	0
0.0777045 	-158.828 	43.9173 	-0.562723 	0
0.0782759 	-158.559 	43.9146 	-0.554666 	0
0.0788472 	-158.289 	43.9118 	-0.54661 	0
0.0794186 	-158.02 	43.9091 	-0.538562 	0
0.0799899 	-157.751 	43.9063 	-0.530673 	0
0.0805613 	-157.505 	43.9042 	-0.522867 	0
0.0811327 	-157.28 	43.9027 	-0.515135 	0
0.081704 	-157.055 	43.9012 	-0.507403 	0
0.0822754 	-156.83 	43.8998 	-0.499671 	0
0.0828467 	-156.605 	43.8983 	-0.491939 	0
0.0834181 	-156.38 	43.8968 	-0.484207 	0
0.0839894 	-156.155 	43.8953 	-0.476523 	0
0.0845608 	-155.93 	43.8938 	-0.468931 	0
0.0851322 	-155.74 	43.8935 	-0.461472 	0
0.0857035 	-155.55 	43.8932 	-0.454012 	0
0.0862749 	-155.361 	43.8929 	-0.446552 	0
0.0868462 	-155.171 	43.8927 	-0.439092 	0
0.0874176 	-154.981 	43.8924 	-0.431632 	0
0.0879889 	-154.792 	43.8921 	-0.424244 	0
0.0885603 	-154.615 	43.8923 	-0.416946 	0
0.0891317 	-154.454 	43.8932 	-0.409702 	0
0.089703 	-154.294 	43.8941 	-0.402458 	0
0.0902744 	-154.133 	43.8951 	-0.395214 	0
0.0908457 	-153.973 	43.896 	-0.387971 	0
0.0914171 	-153.812 	43.8969 	-0.380803 	0
0.0919884 	-153.669 	43.8987 	-0.373714 	0
0.0925598 	-153.533 	43.9009 	-0.366645 	0
0.0931312 	-153.397 	43.9032 	-0.359576 	0
0.0937025 	-153.26 	43.9054 	-0.352508 	0
0.0942739 	-153.124 	43.9076 	-0.345495 	0
0.0948452 	-153.002 	43.9109 	-0.338552 	0
0.0954166 	-152.886 	43.9146 	-0.331622 	0
0.0959879 	-152.77 	43.9183 	-0.324691 	0
0.0965593 	-152.654 	43.922 	-0.317772 	0
0.0971307 	-152.544 	43.9263 	-0.310936 	0
0.097702 	-152.445 	43.9317 	-0.304118 	0
0.0982734 	-152.346 	43.9371 	-0.297301 	0
0.0988447 	-152.247 	43.9425 	-0.290501 	0
0.0994161 	-152.157 	43.949 	-0.283768 	0
0.0999874 	-152.072 	43.9563 	-0.27704 	0
0.100559 	-151.988 	43.9637 	-0.270313 	0
0.10113 	-151.906 	43.9717 	-0.263645 	0
0.101702 	-151.834 	43.9813 	-0.256992 	0
0.102273 	-151.762 	43.991 	-0.250339 	0
0.102844 	-151.694 	44.0016 	-0.243743 	0
0.103416 	-151.633 	44.0138 	-0.237155 	0
0.103987 	-151.572 	44.026 	-0.230584 	0
0.104558 	-151.519 	44.0407 	-0.224046 	0
0.10513 	-151.467 	44.0558 	-0.217507 	0
0.105701 	-151.421 	44.0728 	-0.21103 	0
0.106272 	-151.378 	44.091 	-0.204557 	0
0.106844 	-151.341 	44.1115 	-0.198103 	0
0.107415 	-151.306 	44.133 	-0.191658 	0
0.107986 	-151.278 	44.1577 	-0.185295 	0
0.108558 	-151.253 	44.1844 	-0.178909 	0
0.109129 	-151.232 	44.2135 	-0.172543 	0
0.109701 	-151.214 	44.2446 	-0.166288 	0
0.110272 	-151.201 	44.2352 	-0.159738 	0
0.110843 	-151.187 	43.7978 	-0.14766 	0
0.111415 	-151.182 	42.1206 	-0.11676 	0
0.111986 	-151.187 	39.1649 	-0.0769424 	0
0.112557 	-151.204 	35.6586 	-0.0436619 	0
0.113129 	-151.23 	30.8948 	-0.0179069 	0
0.1137 	-151.253 	1.39251e-10 	-4.46493e-15 	0
