0 	-65.7119 	0 	0 	0
0.000571357 	-67.0782 	30.2964 	-0.37716 	0
0.00114271 	-68.8708 	23.9611 	-0.862623 	0
0.00171407 	-71.7543 	17.9105 	-1.17769 	0
0.00228543 	-75.8199 	13.8641 	-1.34725 	0
0.00285678 	-80.7426 	11.3369 	-1.3984 	0
0.00342814 	-86.1943 	9.57288 	-1.38957 	0
0.0039995 	-91.3259 	8.32224 	-1.3375 	0
0.00457085 	-95.8707 	7.49162 	-1.25758 	0
0.00514221 	-99.6562 	7.07185 	-1.15244 	0
0.00571357 	-102.8 	7.0269 	-1.03413 	0
0.00628492 	-105.269 	7.32799 	-0.902202 	0
0.00685628 	-107.116 	7.89714 	-0.762202 	0
0.00742764 	-108.419 	8.65388 	-0.622036 	0
0.00799899 	-109.37 	9.56692 	-0.507041 	0
0.00857035 	-110.179 	10.5336 	-0.358242 	0
0.00914171 	-110.967 	11.611 	-0.25628 	0
0.00971307 	-111.699 	12.6878 	-0.13599 	0
0.0102844 	-112.035 	13.8184 	-0.0469311 	0
0.0108558 	-111.382 	15.0182 	0.00296612 	0
0.0114271 	-109.101 	16.2594 	0.0975666 	0
0.0119985 	-105.678 	17.4969 	0.398902 	0
0.0125698 	-108.815 	18.3422 	0.406097 	0
0.0131412 	-188.612 	23.1588 	-0.0598077 	0
0.0137126 	-203.386 	26.7805 	-0.325787 	0
0.0142839 	-205.067 	28.7298 	-0.565306 	0
0.0148553 	-203.472 	30.3198 	-0.762528 	0
0.0154266 	-200.509 	31.9145 	-0.927185 	0
0.015998 	-196.998 	33.4295 	-1.05513 	0
0.0165693 	-193.13 	34.938 	-1.16221 	0
0.0171407 	-188.974 	36.3791 	-1.24787 	0
0.0177121 	-184.584 	37.6834 	-1.31175 	0
0.0182834 	-180.02 	38.8256 	-1.36124 	0
0.0188548 	-175.69 	39.6133 	-1.37534 	0
0.0194261 	-171.405 	40.1911 	-1.38098 	0
0.0199975 	-166.811 	40.7044 	-1.41607 	0
0.0205688 	-163.125 	40.9462 	-1.38256 	0
0.0211402 	-158.797 	41.2245 	-1.41547 	0
0.0217116 	-155.329 	41.401 	-1.37641 	0
0.0222829 	-151.329 	41.5827 	-1.40083 	0
0.0228543 	-148.004 	41.7357 	-1.37061 	0
0.0234256 	-144.584 	41.8854 	-1.35954 	0
0.023997 	-141.115 	42.0243 	-1.37257 	0
0.0245683 	-138.085 	42.1515 	-1.33949 	0
0.0251397 	-134.889 	42.279 	-1.34683 	0
0.0257111 	-131.856 	42.3886 	-1.34991 	0
0.0262824 	-129.1 	42.4816 	-1.31824 	0
0.0268538 	-126.3 	42.5774 	-1.31201 	0
0.0274251 	-123.52 	42.6649 	-1.33347 	0
0.0279965 	-121.082 	42.7049 	-1.30229 	0
0.0285678 	-118.645 	42.7448 	-1.27112 	0
0.0291392 	-116.242 	42.7935 	-1.28507 	0
0.0297106 	-113.982 	42.8141 	-1.28956 	0
0.0302819 	-111.91 	42.7902 	-1.25899 	0
0.0308533 	-109.838 	42.7663 	-1.22842 	0
0.0314246 	-107.864 	42.7486 	-1.22886 	0
0.031996 	-105.969 	42.7326 	-1.24794 	0
0.0325673 	-104.291 	42.6726 	-1.21979 	0
0.0331387 	-102.613 	42.6127 	-1.19165 	0
0.0337101 	-100.935 	42.5527 	-1.1635 	0
0.0342814 	-99.4488 	42.4968 	-1.17096 	0
0.0348528 	-98.0129 	42.4426 	-1.1837 	0
0.0354241 	-96.713 	42.4026 	-1.1598 	0
0.0359955 	-95.4131 	42.3626 	-1.1359 	0
0.0365668 	-94.1132 	42.3225 	-1.11201 	0
0.0371382 	-92.9059 	42.2833 	-1.10015 	0
0.0377095 	-91.8662 	42.2457 	-1.11006 	0
0.0382809 	-90.8514 	42.2147 	-1.10988 	0
0.0388523 	-89.886 	42.1967 	-1.08972 	0
0.0394236 	-88.9205 	42.1788 	-1.06955 	0
0.039995 	-87.9551 	42.1609 	-1.04939 	0
0.0405663 	-87.0121 	42.1432 	-1.03145 	0
0.0411377 	-86.3012 	42.1285 	-1.03651 	0
0.041709 	-85.5903 	42.1138 	-1.04158 	0
0.0422804 	-84.9054 	42.1013 	-1.02937 	0
0.0428518 	-84.2282 	42.0895 	-1.01205 	0
0.0434231 	-83.5509 	42.0777 	-0.99472 	0
0.0439945 	-82.8737 	42.0658 	-0.977395 	0
0.0445658 	-82.1964 	42.054 	-0.960069 	0
0.0451372 	-81.7188 	42.0449 	-0.95899 	0
0.0457085 	-81.263 	42.036 	-0.959675 	0
0.0462799 	-80.8112 	42.0288 	-0.956517 	0
0.0468513 	-80.3722 	42.0265 	-0.941583 	0
0.0474226 	-79.9332 	42.0242 	-0.926648 	0
0.047994 	-79.4941 	42.0219 	-0.911713 	0
0.0485653 	-79.0551 	42.0196 	-0.896779 	0
0.0491367 	-78.6161 	42.0173 	-0.881844 	0
0.049708 	-78.2916 	42.0164 	-0.875003 	0
0.0502794 	-78.0253 	42.016 	-0.872272 	0
0.0508508 	-77.759 	42.0157 	-0.86954 	0
0.0514221 	-77.4992 	42.0183 	-0.860498 	0
0.0519935 	-77.2433 	42.0226 	-0.847559 	0
0.0525648 	-76.9874 	42.0269 	-0.83462 	0
0.0531362 	-76.7315 	42.0312 	-0.82168 	0
0.0537075 	-76.4756 	42.0355 	-0.808741 	0
0.0542789 	-76.2197 	42.0398 	-0.795802 	0
0.0548503 	-75.9901 	42.0444 	-0.784531 	0
0.0554216 	-75.8547 	42.0497 	-0.779252 	0
0.055993 	-75.7194 	42.055 	-0.773973 	0
0.0565643 	-75.5841 	42.0603 	-0.768694 	0
0.0571357 	-75.4571 	42.0678 	-0.75937 	0
0.057707 	-75.3333 	42.0761 	-0.748523 	0
0.0582784 	-75.2095 	42.0844 	-0.737677 	0
0.0588497 	-75.0856 	42.0927 	-0.72683 	0
0.0594211 	-74.9618 	42.101 	-0.715984 	0
0.0599925 	-74.838 	42.1093 	-0.705137 	0
0.0605638 	-74.7142 	42.1176 	-0.694291 	0
0.0611352 	-74.6183 	42.1259 	-0.685141 	0
0.0617065 	-74.5662 	42.1344 	-0.67866 	0
0.0622779 	-74.5141 	42.1428 	-0.672179 	0
0.0628492 	-74.4621 	42.1513 	-0.665698 	0
0.0634206 	-74.4122 	42.1605 	-0.658092 	0
0.063992 	-74.3659 	42.1707 	-0.648697 	0
0.0645633 	-74.3196 	42.1809 	-0.639303 	0
0.0651347 	-74.2733 	42.1912 	-0.629908 	0
0.065706 	-74.227 	42.2014 	-0.620513 	0
0.0662774 	-74.1806 	42.2117 	-0.611119 	0
0.0668487 	-74.1343 	42.2219 	-0.601724 	0
0.0674201 	-74.0899 	42.2321 	-0.592446 	0
0.0679915 	-74.0823 	42.242 	-0.585468 	0
0.0685628 	-74.0747 	42.252 	-0.57849 	0
0.0691342 	-74.0672 	42.2619 	-0.571511 	0
0.0697055 	-74.0597 	42.2719 	-0.564465 	0
0.0702769 	-74.0548 	42.2829 	-0.556023 	0
0.0708482 	-74.0499 	42.294 	-0.547581 	0
0.0714196 	-74.045 	42.3051 	-0.539139 	0
0.071991 	-74.0401 	42.3161 	-0.530697 	0
0.0725623 	-74.0351 	42.3272 	-0.522255 	0
0.0731337 	-74.0302 	42.3382 	-0.513813 	0
0.073705 	-74.0375 	42.3489 	-0.506201 	0
0.0742764 	-74.0514 	42.3594 	-0.499043 	0
0.0748477 	-74.0653 	42.3699 	-0.491885 	0
0.0754191 	-74.0795 	42.3805 	-0.48467 	0
0.0759905 	-74.0956 	42.3914 	-0.477143 	0
0.0765618 	-74.1118 	42.4023 	-0.469617 	0
0.0771332 	-74.1279 	42.4132 	-0.46209 	0
0.0777045 	-74.144 	42.4241 	-0.454564 	0
0.0782759 	-74.1601 	42.435 	-0.447037 	0
0.0788472 	-74.1801 	42.4456 	-0.439856 	0
0.0794186 	-74.2029 	42.4558 	-0.432931 	0
0.0799899 	-74.2257 	42.4661 	-0.426007 	0
0.0805613 	-74.2502 	42.4765 	-0.419104 	0
0.0811327 	-74.2762 	42.4871 	-0.41222 	0
0.081704 	-74.3023 	42.4977 	-0.405336 	0
0.0822754 	-74.3283 	42.5082 	-0.398453 	0
0.0828467 	-74.3543 	42.5188 	-0.391569 	0
0.0834181 	-74.3804 	42.5289 	-0.384823 	0
0.0839894 	-74.4064 	42.5388 	-0.378148 	0
0.0845608 	-74.4324 	42.5488 	-0.371474 	0
0.0851322 	-74.4626 	42.559 	-0.365071 	0
0.0857035 	-74.4927 	42.5693 	-0.358667 	0
0.0862749 	-74.5229 	42.5796 	-0.352264 	0
0.0868462 	-74.5531 	42.5899 	-0.345861 	0
0.0874176 	-74.5806 	42.5997 	-0.339435 	0
0.0879889 	-74.6072 	42.6094 	-0.333001 	0
0.0885603 	-74.6359 	42.6193 	-0.326733 	0
0.0891317 	-74.6672 	42.6295 	-0.320675 	0
0.089703 	-74.6985 	42.6397 	-0.314618 	0
0.0902744 	-74.7298 	42.6499 	-0.30856 	0
0.0908457 	-74.7573 	42.6597 	-0.30237 	0
0.0914171 	-74.7833 	42.6694 	-0.296132 	0
0.0919884 	-74.8129 	42.6795 	-0.290212 	0
0.0925598 	-74.8438 	42.6899 	-0.28442 	0
0.0931312 	-74.8747 	42.7003 	-0.278628 	0
0.0937025 	-74.9027 	42.7105 	-0.272702 	0
0.0942739 	-74.9277 	42.7204 	-0.266631 	0
0.0948452 	-74.9562 	42.7311 	-0.2609 	0
0.0954166 	-74.9859 	42.742 	-0.255301 	0
0.0959879 	-75.0157 	42.753 	-0.249703 	0
0.0965593 	-75.0401 	42.7636 	-0.243793 	0
0.0971307 	-75.0655 	42.7746 	-0.238031 	0
0.097702 	-75.0938 	42.7865 	-0.232587 	0
0.0982734 	-75.1221 	42.7983 	-0.227143 	0
0.0988447 	-75.1451 	42.8099 	-0.221342 	0
0.0994161 	-75.17 	42.8224 	-0.215792 	0
0.0999874 	-75.1967 	42.8356 	-0.210462 	0
0.100559 	-75.2212 	42.8487 	-0.204953 	0
0.10113 	-75.2434 	42.8622 	-0.199326 	0
0.101702 	-75.2686 	42.8772 	-0.19409 	0
0.102273 	-75.2919 	42.8921 	-0.188682 	0
0.102844 	-75.3133 	42.9077 	-0.183183 	0
0.103416 	-75.3371 	42.9249 	-0.178026 	0
0.103987 	-75.3574 	42.9419 	-0.172521 	0
0.104558 	-75.3793 	42.9612 	-0.167329 	0
0.10513 	-75.3999 	42.9808 	-0.162017 	0
0.105701 	-75.4201 	43.0022 	-0.156777 	0
0.106272 	-75.4397 	43.0247 	-0.15154 	0
0.106844 	-75.4591 	43.0495 	-0.146379 	0
0.107415 	-75.4771 	43.0752 	-0.14106 	0
0.107986 	-75.4959 	43.1033 	-0.136102 	0
0.108558 	-75.5128 	43.095 	-0.130828 	0
0.109129 	-75.5283 	42.939 	-0.123709 	0
0.109701 	-75.5418 	42.3708 	-0.110823 	0
0.110272 	-75.556 	41.0819 	-0.08845 	0
0.110843 	-75.572 	39.2735 	-0.0633702 	0
0.111415 	-75.5887 	37.2199 	-0.0406834 	0
0.111986 	-75.6065 	35.0127 	-0.0236478 	0
0.112557 	-75.6215 	32.4262 	-0.0117905 	0
0.113129 	-75.6314 	28.4452 	-0.00406072 	0
0.1137 	-75.6352 	1.2216e-10 	-1.17248e-15 	0
