0 	-79.2538 	0 	0 	0
0.000571357 	-79.3357 	14.7882 	-0.107451 	0
0.00114271 	-79.4457 	15.9458 	-0.258771 	0
0.00171407 	-79.4742 	14.0803 	-0.446552 	0
0.00228543 	-79.6769 	13.1904 	-0.615415 	0
0.00285678 	-79.8833 	12.5269 	-0.786269 	0
0.00342814 	-80.0948 	12.1548 	-0.952478 	0
0.0039995 	-80.3546 	12.1292 	-1.11552 	0
0.00457085 	-80.6507 	12.4243 	-1.27411 	0
0.00514221 	-80.9321 	12.9917 	-1.42803 	0
0.00571357 	-81.1501 	13.8759 	-1.57081 	0
0.00628492 	-81.3729 	15.1366 	-1.70556 	0
0.00685628 	-81.6131 	16.5216 	-1.83276 	0
0.00742764 	-81.839 	17.9128 	-1.95697 	0
0.00799899 	-82.0634 	19.2745 	-2.08029 	0
0.00857035 	-82.2778 	20.6029 	-2.20141 	0
0.00914171 	-82.5273 	21.8364 	-2.32129 	0
0.00971307 	-82.7865 	22.9569 	-2.44182 	0
0.0102844 	-83.0838 	23.9751 	-2.56202 	0
0.0108558 	-83.3518 	24.945 	-2.67536 	0
0.0114271 	-83.5799 	25.8779 	-2.78212 	0
0.0119985 	-83.9682 	26.7557 	-2.83307 	0
0.0125698 	-84.6613 	27.4182 	-2.89226 	0
0.0131412 	-86.4381 	25.7203 	-3.10246 	0
0.0137126 	-87.572 	25.1441 	-3.2204 	0
0.0142839 	-88.3361 	25.2998 	-3.34923 	0
0.0148553 	-88.9264 	25.8576 	-3.49261 	0
0.0154266 	-89.3745 	26.5287 	-3.63824 	0
0.015998 	-89.7178 	27.2224 	-3.77984 	0
0.0165693 	-89.9978 	27.8841 	-3.91358 	0
0.0171407 	-90.2219 	28.5081 	-4.03694 	0
0.0177121 	-90.3997 	29.1117 	-4.15103 	0
0.0182834 	-90.5109 	29.7351 	-4.2608 	0
0.0188548 	-90.575 	30.3292 	-4.36027 	0
0.0194261 	-90.6396 	30.8889 	-4.44777 	0
0.0199975 	-90.6047 	31.4981 	-4.53888 	0
0.0205688 	-90.6075 	32.0333 	-4.61013 	0
0.0211402 	-90.5198 	32.6118 	-4.68594 	0
0.0217116 	-90.4813 	33.1208 	-4.74273 	0
0.0222829 	-90.301 	33.6901 	-4.808 	0
0.0228543 	-90.2944 	34.1509 	-4.84699 	0
0.0234256 	-90.0473 	34.6885 	-4.89574 	0
0.023997 	-89.9087 	35.174 	-4.93243 	0
0.0245683 	-89.7625 	35.6279 	-4.9572 	0
0.0251397 	-89.4405 	36.1272 	-4.98758 	0
0.0257111 	-89.2776 	36.5621 	-5.00372 	0
0.0262824 	-89.083 	36.9741 	-5.01067 	0
0.0268538 	-88.6742 	37.4298 	-5.02222 	0
0.0274251 	-88.339 	37.8593 	-5.02839 	0
0.0279965 	-88.2817 	38.1902 	-5.0143 	0
0.0285678 	-87.7938 	38.592 	-5.0058 	0
0.0291392 	-87.2973 	38.9953 	-4.9974 	0
0.0297106 	-86.9626 	39.3454 	-4.97942 	0
0.0302819 	-86.8599 	39.6192 	-4.94764 	0
0.0308533 	-86.2851 	39.9553 	-4.91763 	0
0.0314246 	-85.7102 	40.2913 	-4.88761 	0
0.031996 	-85.1584 	40.6203 	-4.85661 	0
0.0325673 	-85.0069 	40.8268 	-4.80856 	0
0.0331387 	-84.6413 	41.0533 	-4.75906 	0
0.0337101 	-84.0023 	41.3054 	-4.70774 	0
0.0342814 	-83.3632 	41.5575 	-4.65642 	0
0.0348528 	-82.7509 	41.8026 	-4.60459 	0
0.0354241 	-82.5519 	41.9401 	-4.54505 	0
0.0359955 	-82.2531 	42.0821 	-4.48379 	0
0.0365668 	-81.5754 	42.2416 	-4.41607 	0
0.0371382 	-80.8976 	42.4011 	-4.34835 	0
0.0377095 	-80.2199 	42.5606 	-4.28063 	0
0.0382809 	-79.6922 	42.6937 	-4.21466 	0
0.0388523 	-79.462 	42.7743 	-4.15215 	0
0.0394236 	-79.1389 	42.8546 	-4.08744 	0
0.039995 	-78.4701 	42.9333 	-4.01455 	0
0.0405663 	-77.8014 	43.012 	-3.94166 	0
0.0411377 	-77.1326 	43.0907 	-3.86877 	0
0.041709 	-76.4638 	43.1695 	-3.79588 	0
0.0422804 	-76.1226 	43.2238 	-3.73471 	0
0.0428518 	-75.8784 	43.2709 	-3.67701 	0
0.0434231 	-75.5081 	43.313 	-3.61643 	0
0.0439945 	-74.8891 	43.3452 	-3.55019 	0
0.0445658 	-74.2702 	43.3775 	-3.48394 	0
0.0451372 	-73.6513 	43.4098 	-3.4177 	0
0.0457085 	-73.0323 	43.442 	-3.35146 	0
0.0462799 	-72.5045 	43.4736 	-3.28915 	0
0.0468513 	-72.2558 	43.5031 	-3.23893 	0
0.0474226 	-72.0072 	43.5326 	-3.18871 	0
0.047994 	-71.6185 	43.5552 	-3.13635 	0
0.0485653 	-71.0619 	43.5694 	-3.08145 	0
0.0491367 	-70.5053 	43.5837 	-3.02654 	0
0.049708 	-69.9486 	43.5979 	-2.97163 	0
0.0502794 	-69.392 	43.6121 	-2.91673 	0
0.0508508 	-68.8354 	43.6263 	-2.86182 	0
0.0514221 	-68.473 	43.6419 	-2.81427 	0
0.0519935 	-68.2305 	43.6583 	-2.77127 	0
0.0525648 	-67.9881 	43.6746 	-2.72826 	0
0.0531362 	-67.6428 	43.6859 	-2.68465 	0
0.0537075 	-67.1542 	43.6902 	-2.6402 	0
0.0542789 	-66.6657 	43.6945 	-2.59574 	0
0.0548503 	-66.1771 	43.6988 	-2.55129 	0
0.0554216 	-65.6886 	43.7031 	-2.50684 	0
0.055993 	-65.2 	43.7074 	-2.46238 	0
0.0565643 	-64.7115 	43.7117 	-2.41793 	0
0.0571357 	-64.4198 	43.7171 	-2.38006 	0
0.057707 	-64.2021 	43.7231 	-2.34468 	0
0.0582784 	-63.9845 	43.729 	-2.30929 	0
0.0588497 	-63.7562 	43.7344 	-2.27393 	0
0.0594211 	-63.353 	43.7313 	-2.23906 	0
0.0599925 	-62.9499 	43.7282 	-2.20419 	0
0.0605638 	-62.5467 	43.7251 	-2.16933 	0
0.0611352 	-62.1436 	43.722 	-2.13446 	0
0.0617065 	-61.7404 	43.7189 	-2.09959 	0
0.0622779 	-61.3373 	43.7158 	-2.06472 	0
0.0628492 	-60.9341 	43.7127 	-2.02985 	0
0.0634206 	-60.6128 	43.7106 	-1.99683 	0
0.063992 	-60.4217 	43.7101 	-1.96676 	0
0.0645633 	-60.2305 	43.7096 	-1.93669 	0
0.0651347 	-60.0393 	43.7091 	-1.90662 	0
0.065706 	-59.7462 	43.7037 	-1.87769 	0
0.0662774 	-59.413 	43.6963 	-1.84922 	0
0.0668487 	-59.0798 	43.6889 	-1.82074 	0
0.0674201 	-58.7465 	43.6814 	-1.79226 	0
0.0679915 	-58.4133 	43.674 	-1.76379 	0
0.0685628 	-58.08 	43.6666 	-1.73531 	0
0.0691342 	-57.7468 	43.6592 	-1.70684 	0
0.0697055 	-57.4213 	43.652 	-1.67844 	0
0.0702769 	-57.2547 	43.6484 	-1.65157 	0
0.0708482 	-57.0882 	43.6448 	-1.62471 	0
0.0714196 	-56.9217 	43.6411 	-1.59784 	0
0.071991 	-56.6594 	43.6328 	-1.57284 	0
0.0725623 	-56.3797 	43.6236 	-1.54818 	0
0.0731337 	-56.1 	43.6145 	-1.52352 	0
0.073705 	-55.8203 	43.6053 	-1.49887 	0
0.0742764 	-55.5406 	43.5961 	-1.47421 	0
0.0748477 	-55.2609 	43.5869 	-1.44955 	0
0.0754191 	-55.0031 	43.5785 	-1.425 	0
0.0759905 	-54.8647 	43.5742 	-1.40107 	0
0.0765618 	-54.7262 	43.57 	-1.37713 	0
0.0771332 	-54.555 	43.564 	-1.3541 	0
0.0777045 	-54.3265 	43.5552 	-1.33264 	0
0.0782759 	-54.0981 	43.5465 	-1.31119 	0
0.0788472 	-53.8696 	43.5377 	-1.28974 	0
0.0794186 	-53.6412 	43.5289 	-1.26828 	0
0.0799899 	-53.4127 	43.5201 	-1.24683 	0
0.0805613 	-53.2445 	43.5139 	-1.22521 	0
0.0811327 	-53.1303 	43.5102 	-1.20344 	0
0.081704 	-53.0092 	43.5061 	-1.18192 	0
0.0822754 	-52.8214 	43.4985 	-1.16276 	0
0.0828467 	-52.6335 	43.491 	-1.14361 	0
0.0834181 	-52.4456 	43.4835 	-1.12445 	0
0.0839894 	-52.2578 	43.4759 	-1.10529 	0
0.0845608 	-52.0701 	43.4684 	-1.08613 	0
0.0851322 	-51.9767 	43.4657 	-1.06597 	0
0.0857035 	-51.8833 	43.463 	-1.04581 	0
0.0862749 	-51.7356 	43.4575 	-1.028 	0
0.0868462 	-51.5804 	43.4516 	-1.01051 	0
0.0874176 	-51.4251 	43.4457 	-0.993025 	0
0.0879889 	-51.2699 	43.4398 	-0.97554 	0
0.0885603 	-51.1496 	43.4359 	-0.957405 	0
0.0891317 	-51.0741 	43.4346 	-0.938438 	0
0.089703 	-50.9675 	43.4317 	-0.921061 	0
0.0902744 	-50.8389 	43.4277 	-0.904807 	0
0.0908457 	-50.7104 	43.4237 	-0.888553 	0
0.0914171 	-50.5819 	43.4197 	-0.872299 	0
0.0919884 	-50.5021 	43.4188 	-0.854751 	0
0.0925598 	-50.4374 	43.419 	-0.83695 	0
0.0931312 	-50.3311 	43.4171 	-0.82162 	0
0.0937025 	-50.2247 	43.4152 	-0.806289 	0
0.0942739 	-50.1183 	43.4132 	-0.790959 	0
0.0948452 	-50.0548 	43.4144 	-0.774146 	0
0.0954166 	-49.9952 	43.4163 	-0.757611 	0
0.0959879 	-49.9074 	43.4167 	-0.742977 	0
0.0965593 	-49.8197 	43.417 	-0.728344 	0
0.0971307 	-49.7509 	43.419 	-0.712894 	0
0.097702 	-49.7106 	43.4236 	-0.696391 	0
0.0982734 	-49.6386 	43.4265 	-0.682288 	0
0.0988447 	-49.5666 	43.4295 	-0.668185 	0
0.0994161 	-49.5209 	43.435 	-0.652734 	0
0.0999874 	-49.4792 	43.4416 	-0.637614 	0
0.100559 	-49.4206 	43.4475 	-0.623909 	0
0.10113 	-49.3725 	43.4545 	-0.609582 	0
0.101702 	-49.3462 	43.4648 	-0.594271 	0
0.102273 	-49.2991 	43.474 	-0.580871 	0
0.102844 	-49.2656 	43.4848 	-0.566578 	0
0.103416 	-49.2409 	43.4981 	-0.552222 	0
0.103987 	-49.2037 	43.5112 	-0.539142 	0
0.104558 	-49.1906 	43.5007 	-0.523909 	0
0.10513 	-49.1608 	43.4987 	-0.510886 	0
0.105701 	-49.1468 	43.3578 	-0.492277 	0
0.106272 	-49.1195 	43.2041 	-0.474863 	0
0.106844 	-49.1071 	42.7163 	-0.446543 	0
0.107415 	-49.0865 	42.1453 	-0.416908 	0
0.107986 	-49.0829 	41.1635 	-0.376806 	0
0.108558 	-49.0823 	40.0554 	-0.335434 	0
0.109129 	-49.0845 	38.8051 	-0.292678 	0
0.109701 	-49.0902 	37.4247 	-0.249339 	0
0.110272 	-49.1032 	35.9178 	-0.205625 	0
0.110843 	-49.1221 	34.264 	-0.162179 	0
0.111415 	-49.1471 	32.423 	-0.119467 	0
0.111986 	-49.1788 	30.2905 	-0.0797 	0
0.112557 	-49.2117 	27.7297 	-0.0457311 	0
0.113129 	-49.2394 	24.0136 	-0.0186941 	0
0.1137 	-49.2564 	9.33135e-11 	-3.9827e-15 	0
