0 	144.676 	0 	0 	0
0.000571357 	144.191 	17.8995 	-0.405638 	0
0.00114271 	144.167 	16.2607 	-0.646693 	0
0.00171407 	144.919 	14.6706 	-0.6849 	0
0.00228543 	146.321 	13.5492 	-0.4864 	0
0.00285678 	147.981 	12.8968 	-0.0784966 	0
0.00342814 	149.296 	12.6021 	0.441257 	0
0.0039995 	149.767 	12.5894 	0.960597 	0
0.00457085 	149.044 	12.969 	1.3564 	0
0.00514221 	146.145 	14.0454 	1.82241 	0
0.00571357 	140.834 	12.9626 	3.3216 	0
0.00628492 	140.778 	9.10772 	6.47688 	0
0.00685628 	143.192 	3.85591 	10.1458 	0
0.00742764 	144.818 	1.37458 	13.0462 	0
0.00799899 	148.977 	1.21276 	15.0427 	0
0.00857035 	146.587 	1.8413 	16.2034 	0
0.00914171 	137.999 	2.7405 	16.5339 	0
0.00971307 	130.839 	3.75395 	16.3991 	0
0.0102844 	130.306 	4.9112 	15.9759 	0
0.0108558 	135.244 	6.03629 	15.3175 	0
0.0114271 	143.957 	7.06728 	14.3968 	0
0.0119985 	156.015 	8.02079 	13.1834 	0
0.0125698 	171.243 	9.08392 	11.6293 	0
0.0131412 	196.71 	16.3416 	10.2153 	0
0.0137126 	206.688 	19.115 	9.36073 	0
0.0142839 	208.513 	21.088 	8.50962 	0
0.0148553 	205.814 	22.7015 	7.64711 	0
0.0154266 	200.348 	24.2529 	6.87108 	0
0.015998 	193.758 	25.9689 	6.2624 	0
0.0165693 	187.134 	27.9786 	5.84854 	0
0.0171407 	180.674 	29.905 	5.47502 	0
0.0177121 	174.102 	31.2273 	4.9557 	0
0.0182834 	166.847 	32.2051 	4.40595 	0
0.0188548 	159.536 	33.1352 	3.92554 	0
0.0194261 	152.705 	34.0184 	3.49457 	0
0.0199975 	146.214 	34.8433 	3.10558 	0
0.0205688 	140.11 	35.594 	2.74917 	0
0.0211402 	134.407 	36.268 	2.41899 	0
0.0217116 	129.355 	36.8682 	2.10948 	0
0.0222829 	124.701 	37.4403 	1.83046 	0
0.0228543 	120.246 	37.9986 	1.58001 	0
0.0234256 	116.092 	38.5371 	1.34712 	0
0.023997 	112.68 	39.0224 	1.12764 	0
0.0245683 	109.251 	39.4822 	0.934204 	0
0.0251397 	106.073 	39.9155 	0.748551 	0
0.0257111 	103.525 	40.2918 	0.579616 	0
0.0262824 	100.844 	40.6696 	0.422709 	0
0.0268538 	98.7928 	41.02 	0.277685 	0
0.0274251 	96.5774 	41.3745 	0.144901 	0
0.0279965 	94.913 	41.7036 	0.0219947 	0
0.0285678 	93.063 	42.0313 	-0.0920731 	0
0.0291392 	91.7458 	42.2945 	-0.19603 	0
0.0297106 	90.2566 	42.5635 	-0.295959 	0
0.0302819 	89.1735 	42.7322 	-0.383536 	0
0.0308533 	88.1684 	42.8881 	-0.470341 	0
0.0314246 	87.0967 	43.0294 	-0.545607 	0
0.031996 	86.3711 	43.1398 	-0.616478 	0
0.0325673 	85.5195 	43.2546 	-0.684893 	0
0.0331387 	84.9384 	43.3571 	-0.742371 	0
0.0337101 	84.4457 	43.4558 	-0.798346 	0
0.0342814 	83.7995 	43.5602 	-0.851656 	0
0.0348528 	83.4984 	43.5983 	-0.894176 	0
0.0354241 	83.1995 	43.6361 	-0.936652 	0
0.0359955 	82.7801 	43.6784 	-0.977308 	0
0.0365668 	82.6126 	43.6808 	-1.00897 	0
0.0371382 	82.4702 	43.6799 	-1.04004 	0
0.0377095 	82.2731 	43.6811 	-1.07039 	0
0.0382809 	82.1455 	43.6786 	-1.09476 	0
0.0388523 	82.1234 	43.6715 	-1.11618 	0
0.0394236 	82.1013 	43.6644 	-1.1376 	0
0.039995 	81.9871 	43.6606 	-1.15773 	0
0.0405663 	82.0544 	43.6449 	-1.17102 	0
0.0411377 	82.1216 	43.6292 	-1.18432 	0
0.041709 	82.1859 	43.6136 	-1.19759 	0
0.0422804 	82.1882 	43.6006 	-1.20919 	0
0.0428518 	82.3167 	43.5838 	-1.21599 	0
0.0434231 	82.4452 	43.567 	-1.22279 	0
0.0439945 	82.5737 	43.5502 	-1.22959 	0
0.0445658 	82.6396 	43.5357 	-1.23607 	0
0.0451372 	82.8064 	43.5302 	-1.23793 	0
0.0457085 	82.974 	43.5248 	-1.23975 	0
0.0462799 	83.1416 	43.5194 	-1.24157 	0
0.0468513 	83.285 	43.5148 	-1.24334 	0
0.0474226 	83.4369 	43.5127 	-1.24317 	0
0.047994 	83.6256 	43.512 	-1.24094 	0
0.0485653 	83.8142 	43.5114 	-1.23872 	0
0.0491367 	84.0028 	43.5107 	-1.23649 	0
0.049708 	84.1667 	43.5111 	-1.23432 	0
0.0502794 	84.3442 	43.5088 	-1.23015 	0
0.0508508 	84.5376 	43.5045 	-1.22467 	0
0.0514221 	84.731 	43.5003 	-1.21919 	0
0.0519935 	84.9245 	43.496 	-1.21371 	0
0.0525648 	85.1051 	43.4923 	-1.20832 	0
0.0531362 	85.2793 	43.4885 	-1.20214 	0
0.0537075 	85.4647 	43.4835 	-1.19426 	0
0.0542789 	85.6501 	43.4786 	-1.18637 	0
0.0548503 	85.8355 	43.4737 	-1.17849 	0
0.0554216 	86.0209 	43.4688 	-1.1706 	0
0.055993 	86.1908 	43.4645 	-1.16292 	0
0.0565643 	86.3583 	43.4603 	-1.15398 	0
0.0571357 	86.5253 	43.4562 	-1.14436 	0
0.057707 	86.6923 	43.4522 	-1.13473 	0
0.0582784 	86.8593 	43.4481 	-1.1251 	0
0.0588497 	87.0263 	43.444 	-1.11547 	0
0.0594211 	87.1838 	43.4403 	-1.10605 	0
0.0599925 	87.3309 	43.4365 	-1.096 	0
0.0605638 	87.469 	43.4326 	-1.08528 	0
0.0611352 	87.6071 	43.4287 	-1.07457 	0
0.0617065 	87.7453 	43.4247 	-1.06385 	0
0.0622779 	87.8834 	43.4208 	-1.05314 	0
0.0628492 	88.0193 	43.417 	-1.0425 	0
0.0634206 	88.1509 	43.4134 	-1.03202 	0
0.063992 	88.2611 	43.4093 	-1.02057 	0
0.0645633 	88.3677 	43.4052 	-1.00897 	0
0.0651347 	88.4744 	43.401 	-0.99737 	0
0.065706 	88.581 	43.3968 	-0.985768 	0
0.0662774 	88.6877 	43.3927 	-0.974166 	0
0.0668487 	88.7917 	43.3887 	-0.962718 	0
0.0674201 	88.8883 	43.3848 	-0.951091 	0
0.0679915 	88.9628 	43.3808 	-0.938601 	0
0.0685628 	89.0374 	43.3767 	-0.926111 	0
0.0691342 	89.112 	43.3727 	-0.913622 	0
0.0697055 	89.1865 	43.3687 	-0.901132 	0
0.0702769 	89.2601 	43.3648 	-0.888735 	0
0.0708482 	89.3302 	43.361 	-0.876397 	0
0.0714196 	89.371 	43.3578 	-0.863362 	0
0.071991 	89.4118 	43.3545 	-0.850327 	0
0.0725623 	89.4525 	43.3512 	-0.837292 	0
0.0731337 	89.4933 	43.3479 	-0.824256 	0
0.073705 	89.5333 	43.3448 	-0.811348 	0
0.0742764 	89.5608 	43.3423 	-0.798233 	0
0.0748477 	89.5689 	43.3409 	-0.784679 	0
0.0754191 	89.577 	43.3395 	-0.771125 	0
0.0759905 	89.5851 	43.338 	-0.75757 	0
0.0765618 	89.593 	43.3367 	-0.74407 	0
0.0771332 	89.5966 	43.3356 	-0.730617 	0
0.0777045 	89.5728 	43.336 	-0.716534 	0
0.0782759 	89.549 	43.3364 	-0.702451 	0
0.0788472 	89.5252 	43.3368 	-0.688368 	0
0.0794186 	89.5011 	43.3373 	-0.674344 	0
0.0799899 	89.4691 	43.338 	-0.660239 	0
0.0805613 	89.414 	43.3389 	-0.645499 	0
0.0811327 	89.3589 	43.3397 	-0.63076 	0
0.081704 	89.3038 	43.3405 	-0.61602 	0
0.0822754 	89.2477 	43.3416 	-0.601416 	0
0.0828467 	89.1693 	43.3427 	-0.586194 	0
0.0834181 	89.0826 	43.3437 	-0.570726 	0
0.0839894 	88.996 	43.3448 	-0.555258 	0
0.0845608 	88.9084 	43.346 	-0.539883 	0
0.0851322 	88.8031 	43.3473 	-0.523992 	0
0.0857035 	88.6844 	43.3485 	-0.507605 	0
0.0862749 	88.5656 	43.3498 	-0.491218 	0
0.0868462 	88.4453 	43.3513 	-0.474947 	0
0.0874176 	88.3025 	43.3529 	-0.457913 	0
0.0879889 	88.1502 	43.3544 	-0.440487 	0
0.0885603 	87.9978 	43.3559 	-0.423061 	0
0.0891317 	87.8384 	43.3579 	-0.40569 	0
0.089703 	87.6502 	43.3598 	-0.386958 	0
0.0902744 	87.462 	43.3616 	-0.368226 	0
0.0908457 	87.2709 	43.3639 	-0.349657 	0
0.0914171 	87.0509 	43.3661 	-0.329811 	0
0.0919884 	86.8241 	43.3682 	-0.3096 	0
0.0925598 	86.5946 	43.3707 	-0.28955 	0
0.0931312 	86.3347 	43.3634 	-0.268052 	0
0.0937025 	86.065 	43.3522 	-0.24593 	0
0.0942739 	85.7911 	43.3419 	-0.224088 	0
0.0948452 	85.4793 	43.2594 	-0.19935 	0
0.0954166 	85.1632 	43.1679 	-0.174224 	0
0.0959879 	84.8287 	43.059 	-0.148748 	0
0.0965593 	84.4631 	42.8968 	-0.120514 	0
0.0971307 	84.0938 	42.7354 	-0.0926918 	0
0.097702 	83.6819 	42.5754 	-0.0623706 	0
0.0982734 	83.2618 	42.4157 	-0.0315139 	0
0.0988447 	82.8028 	42.2583 	0.000628376 	0
0.0994161 	82.3225 	42.101 	0.0346616 	0
0.0999874 	81.8049 	41.9462 	0.0696082 	0
0.100559 	81.2595 	41.7915 	0.107222 	0
0.10113 	80.6671 	41.6405 	0.145806 	0
0.101702 	80.0451 	41.4907 	0.186392 	0
0.102273 	79.3626 	41.3417 	0.230533 	0
0.102844 	78.6508 	41.1753 	0.275378 	0
0.103416 	77.8662 	40.8818 	0.324283 	0
0.103987 	77.0331 	40.0193 	0.370434 	0
0.104558 	76.1707 	38.6006 	0.413379 	0
0.10513 	75.3089 	36.4168 	0.449301 	0
0.105701 	74.4665 	34.1672 	0.47815 	0
0.106272 	73.6456 	31.9071 	0.499557 	0
0.106844 	72.8506 	29.641 	0.512757 	0
0.107415 	72.0894 	27.3585 	0.514932 	0
0.107986 	71.3707 	25.0461 	0.502954 	0
0.108558 	70.7059 	22.6824 	0.472227 	0
0.109129 	70.1295 	20.1842 	0.410596 	0
0.109701 	69.6352 	17.1163 	0.28199 	0
0.110272 	69.3721 	13.3325 	0.0730052 	0
0.110843 	69.3464 	10.2045 	-0.0704071 	0
0.111415 	69.3756 	7.64254 	-0.123561 	0
0.111986 	69.4721 	5.26748 	-0.117631 	0
0.112557 	69.607 	3.29599 	-0.0522262 	0
0.113129 	69.7951 	1.91774 	0.00945611 	0
0.1137 	70.0294 	1.03406 	0.0177872 	0
