0.0131412 	-195.367 	20.1553 	-0.00614197 	0
0.0137126 	-195.349 	25.045 	-0.00651815 	0
0.0142839 	-195.319 	29.0195 	0.0101351 	0
0.0148553 	-195.284 	32.0245 	0.0294256 	0
0.0154266 	-195.259 	33.5846 	0.0305179 	0
0.015998 	-195.23 	34.5628 	0.0259612 	0
0.0165693 	-195.197 	35.3832 	0.0212174 	0
0.0171407 	-195.16 	36.0949 	0.01642 	0
0.0177121 	-195.119 	36.7265 	0.0116014 	0
0.0182834 	-195.074 	37.2998 	0.00678573 	0
0.0188548 	-195.024 	37.8148 	0.00188374 	0
0.0194261 	-194.97 	38.285 	-0.0029106 	0
0.0199975 	-194.915 	38.7355 	-0.00765153 	0
0.0205688 	-194.851 	39.1351 	-0.0124829 	0
0.0211402 	-194.789 	39.5286 	-0.01714 	0
0.0217116 	-194.717 	39.8815 	-0.0218861 	0
0.0222829 	-194.648 	40.2346 	-0.0264766 	0
0.0228543 	-194.568 	40.5493 	-0.0310929 	0
0.0234256 	-194.488 	40.8615 	-0.0357226 	0
0.023997 	-194.408 	41.1589 	-0.0401055 	0
0.0245683 	-194.317 	41.4351 	-0.0445991 	0
0.0251397 	-194.229 	41.7115 	-0.0490312 	0
0.0257111 	-194.137 	41.9714 	-0.0532824 	0
0.0262824 	-194.036 	42.2161 	-0.0575916 	0
0.0268538 	-193.935 	42.4609 	-0.0619008 	0
0.0274251 	-193.839 	42.7 	-0.0659516 	0
0.0279965 	-193.728 	42.9168 	-0.0700717 	0
0.0285678 	-193.616 	43.1336 	-0.0741918 	0
0.0291392 	-193.507 	43.3505 	-0.0782345 	0
0.0297106 	-193.396 	43.5474 	-0.0820567 	0
0.0302819 	-193.272 	43.7154 	-0.0858209 	0
0.0308533 	-193.148 	43.8833 	-0.089585 	0
0.0314246 	-193.024 	44.0513 	-0.0933328 	0
0.031996 	-192.91 	44.2138 	-0.096865 	0
0.0325673 	-192.776 	44.2754 	-0.100145 	0
0.0331387 	-192.641 	44.337 	-0.103425 	0
0.0337101 	-192.507 	44.3986 	-0.106704 	0
0.0342814 	-192.375 	44.4602 	-0.109947 	0
0.0348528 	-192.251 	44.5182 	-0.11305 	0
0.0354241 	-192.11 	44.5141 	-0.115911 	0
0.0359955 	-191.969 	44.51 	-0.118771 	0
0.0365668 	-191.827 	44.5058 	-0.121632 	0
0.0371382 	-191.686 	44.5017 	-0.124492 	0
0.0377095 	-191.553 	44.4977 	-0.127276 	0
0.0382809 	-191.418 	44.4938 	-0.129937 	0
0.0388523 	-191.271 	44.4895 	-0.132424 	0
0.0394236 	-191.124 	44.4853 	-0.134911 	0
0.039995 	-190.977 	44.4811 	-0.137398 	0
0.0405663 	-190.83 	44.4768 	-0.139886 	0
0.0411377 	-190.687 	44.4727 	-0.14235 	0
0.041709 	-190.553 	44.4687 	-0.144762 	0
0.0422804 	-190.406 	44.4649 	-0.146922 	0
0.0428518 	-190.255 	44.461 	-0.149009 	0
0.0434231 	-190.105 	44.4572 	-0.151095 	0
0.0439945 	-189.954 	44.4533 	-0.153181 	0
0.0445658 	-189.803 	44.4495 	-0.155268 	0
0.0451372 	-189.653 	44.4457 	-0.157354 	0
0.0457085 	-189.515 	44.4421 	-0.159404 	0
0.0462799 	-189.373 	44.4386 	-0.161349 	0
0.0468513 	-189.222 	44.4351 	-0.162974 	0
0.0474226 	-189.07 	44.4316 	-0.164599 	0
0.047994 	-188.918 	44.4281 	-0.166224 	0
0.0485653 	-188.767 	44.4247 	-0.167849 	0
0.0491367 	-188.615 	44.4212 	-0.169474 	0
0.049708 	-188.464 	44.4177 	-0.171099 	0
0.0502794 	-188.32 	44.4144 	-0.172727 	0
0.0508508 	-188.18 	44.4112 	-0.174356 	0
0.0514221 	-188.035 	44.4081 	-0.175675 	0
0.0519935 	-187.886 	44.405 	-0.176803 	0
0.0525648 	-187.737 	44.402 	-0.17793 	0
0.0531362 	-187.588 	44.3989 	-0.179057 	0
0.0537075 	-187.439 	44.3959 	-0.180184 	0
0.0542789 	-187.29 	44.3928 	-0.181311 	0
0.0548503 	-187.141 	44.3897 	-0.182439 	0
0.0554216 	-186.992 	44.3867 	-0.183568 	0
0.055993 	-186.855 	44.3839 	-0.18474 	0
0.0565643 	-186.717 	44.3811 	-0.185913 	0
0.0571357 	-186.579 	44.3785 	-0.186668 	0
0.057707 	-186.441 	44.376 	-0.187265 	0
0.0582784 	-186.302 	44.3735 	-0.187863 	0
0.0588497 	-186.164 	44.371 	-0.18846 	0
0.0594211 	-186.026 	44.3685 	-0.189058 	0
0.0599925 	-185.887 	44.366 	-0.189655 	0
0.0605638 	-185.749 	44.3635 	-0.190253 	0
0.0611352 	-185.611 	44.361 	-0.19085 	0
0.0617065 	-185.473 	44.3585 	-0.191452 	0
0.0622779 	-185.344 	44.3562 	-0.19213 	0
0.0628492 	-185.216 	44.3539 	-0.192808 	0
0.0634206 	-185.088 	44.3518 	-0.193276 	0
0.063992 	-184.961 	44.3498 	-0.193411 	0
0.0645633 	-184.833 	44.3479 	-0.193546 	0
0.0651347 	-184.706 	44.346 	-0.193681 	0
0.065706 	-184.579 	44.3441 	-0.193816 	0
0.0662774 	-184.451 	44.3421 	-0.19395 	0
0.0668487 	-184.324 	44.3402 	-0.194085 	0
0.0674201 	-184.196 	44.3383 	-0.19422 	0
0.0679915 	-184.069 	44.3364 	-0.194355 	0
0.0685628 	-183.948 	44.3346 	-0.194567 	0
0.0691342 	-183.829 	44.3328 	-0.194812 	0
0.0697055 	-183.711 	44.3311 	-0.195034 	0
0.0702769 	-183.593 	44.3298 	-0.194784 	0
0.0708482 	-183.476 	44.3284 	-0.194534 	0
0.0714196 	-183.358 	44.3271 	-0.194284 	0
0.071991 	-183.241 	44.3258 	-0.194035 	0
0.0725623 	-183.123 	44.3245 	-0.193785 	0
0.0731337 	-183.006 	44.3231 	-0.193535 	0
0.073705 	-182.888 	44.3218 	-0.193285 	0
0.0742764 	-182.774 	44.3205 	-0.193099 	0
0.0748477 	-182.665 	44.3194 	-0.192984 	0
0.0754191 	-182.556 	44.3183 	-0.192802 	0
0.0759905 	-182.452 	44.3176 	-0.192258 	0
0.0765618 	-182.348 	44.317 	-0.191714 	0
0.0771332 	-182.244 	44.3163 	-0.19117 	0
0.0777045 	-182.14 	44.3157 	-0.190626 	0
0.0782759 	-182.035 	44.315 	-0.190082 	0
0.0788472 	-181.931 	44.3144 	-0.189539 	0
0.0794186 	-181.831 	44.3138 	-0.189076 	0
0.0799899 	-181.733 	44.3133 	-0.188681 	0
0.0805613 	-181.639 	44.3131 	-0.188092 	0
0.0811327 	-181.548 	44.3132 	-0.18733 	0
0.081704 	-181.456 	44.3133 	-0.186568 	0
0.0822754 	-181.364 	44.3134 	-0.185806 	0
0.0828467 	-181.273 	44.3134 	-0.185043 	0
0.0834181 	-181.181 	44.3135 	-0.184281 	0
0.0839894 	-181.094 	44.3137 	-0.18364 	0
0.0845608 	-181.008 	44.3139 	-0.183035 	0
0.0851322 	-180.928 	44.3148 	-0.182109 	0
0.0857035 	-180.848 	44.3157 	-0.181183 	0
0.0862749 	-180.768 	44.3165 	-0.180256 	0
0.0868462 	-180.688 	44.3174 	-0.17933 	0
0.0874176 	-180.608 	44.3183 	-0.178403 	0
0.0879889 	-180.533 	44.3193 	-0.177638 	0
0.0885603 	-180.46 	44.3207 	-0.17675 	0
0.0891317 	-180.39 	44.3225 	-0.175702 	0
0.089703 	-180.321 	44.3243 	-0.174653 	0
0.0902744 	-180.251 	44.3261 	-0.173604 	0
0.0908457 	-180.181 	44.3279 	-0.172565 	0
0.0914171 	-180.116 	44.3298 	-0.171685 	0
0.0919884 	-180.054 	44.3324 	-0.170619 	0
0.0925598 	-179.994 	44.3353 	-0.169479 	0
0.0931312 	-179.933 	44.3382 	-0.168338 	0
0.0937025 	-179.873 	44.3411 	-0.167198 	0
0.0942739 	-179.816 	44.344 	-0.16621 	0
0.0948452 	-179.763 	44.3479 	-0.165069 	0
0.0954166 	-179.71 	44.3521 	-0.16386 	0
0.0959879 	-179.658 	44.3562 	-0.162652 	0
0.0965593 	-179.607 	44.3604 	-0.16151 	0
0.0971307 	-179.56 	44.3652 	-0.160394 	0
0.097702 	-179.514 	44.371 	-0.159135 	0
0.0982734 	-179.469 	44.3767 	-0.157876 	0
0.0988447 	-179.426 	44.3824 	-0.156696 	0
0.0994161 	-179.385 	44.3892 	-0.155493 	0
0.0999874 	-179.347 	44.3968 	-0.154198 	0
0.100559 	-179.308 	44.4043 	-0.152907 	0
0.10113 	-179.272 	44.4124 	-0.151738 	0
0.101702 	-179.239 	44.4221 	-0.150416 	0
0.102273 	-179.206 	44.4318 	-0.149102 	0
0.102844 	-179.176 	44.4424 	-0.147888 	0
0.103416 	-179.147 	44.4546 	-0.146549 	0
0.103987 	-179.12 	44.4667 	-0.145287 	0
0.104558 	-179.095 	44.4811 	-0.143968 	0
0.10513 	-179.071 	44.4959 	-0.142646 	0
0.105701 	-179.05 	44.5127 	-0.141357 	0
0.106272 	-179.029 	44.5304 	-0.140033 	0
0.106844 	-179.011 	44.5504 	-0.138726 	0
0.107415 	-178.995 	44.5715 	-0.137439 	0
0.107986 	-178.98 	44.5955 	-0.136082 	0
0.108558 	-178.967 	44.6214 	-0.134789 	0
0.109129 	-178.956 	44.6497 	-0.13349 	0
0.109701 	-178.946 	44.6807 	-0.132189 	0
0.110272 	-178.938 	44.7148 	-0.130883 	0
0.110843 	-178.932 	44.7525 	-0.129595 	0
0.111415 	-178.928 	44.776 	-0.128423 	0
0.111986 	-178.923 	43.837 	-0.114151 	0
0.112557 	-178.937 	39.7575 	-0.0631145 	0
0.113129 	-178.967 	33.6845 	-0.0218568 	0
0.1137 	-178.993 	1.56977e-10 	-5.41399e-15 	0
