0 	-99.6648 	0 	0 	0
0.000571357 	-99.6479 	14.5184 	0.31778 	0
0.00114271 	-100.128 	11.3979 	0.753205 	0
0.00171407 	-101.164 	9.80715 	1.14413 	0
0.00228543 	-102.62 	9.45195 	1.51024 	0
0.00285678 	-104.335 	9.97401 	1.87775 	0
0.00342814 	-106.094 	11.3692 	2.27258 	0
0.0039995 	-107.48 	13.3614 	2.684 	0
0.00457085 	-108.521 	15.4639 	3.09097 	0
0.00514221 	-109.453 	17.2496 	3.46674 	0
0.00571357 	-110.52 	18.7198 	3.82498 	0
0.00628492 	-111.579 	20.0356 	4.1577 	0
0.00685628 	-112.527 	21.2311 	4.46158 	0
0.00742764 	-113.392 	22.3072 	4.74308 	0
0.00799899 	-114.052 	23.2913 	4.99177 	0
0.00857035 	-114.561 	24.1817 	5.21599 	0
0.00914171 	-114.896 	24.9554 	5.41078 	0
0.00971307 	-115.058 	25.6352 	5.57844 	0
0.0102844 	-115.002 	26.237 	5.71724 	0
0.0108558 	-114.788 	26.7234 	5.8213 	0
0.0114271 	-114.225 	27.1159 	5.91996 	0
0.0119985 	-113.429 	27.4582 	6.00578 	0
0.0125698 	-114.609 	26.831 	5.9309 	0
0.0131412 	-136.466 	22.6934 	5.81446 	0
0.0137126 	-147.328 	22.3958 	5.84882 	0
0.0142839 	-151.162 	22.7054 	5.87337 	0
0.0148553 	-152.638 	23.1934 	5.89672 	0
0.0154266 	-153.067 	23.7534 	5.91661 	0
0.015998 	-152.866 	24.3376 	5.92867 	0
0.0165693 	-152.333 	24.9256 	5.9345 	0
0.0171407 	-151.578 	25.5066 	5.93372 	0
0.0177121 	-150.672 	26.075 	5.92663 	0
0.0182834 	-149.666 	26.6298 	5.91433 	0
0.0188548 	-148.608 	27.1513 	5.88976 	0
0.0194261 	-147.465 	27.6653 	5.86459 	0
0.0199975 	-146.328 	28.1598 	5.83137 	0
0.0205688 	-145.142 	28.6341 	5.79172 	0
0.0211402 	-143.949 	29.1035 	5.75065 	0
0.0217116 	-142.778 	29.5503 	5.70101 	0
0.0222829 	-141.638 	29.9919 	5.64806 	0
0.0228543 	-140.405 	30.4324 	5.59859 	0
0.0234256 	-139.28 	30.8602 	5.53996 	0
0.023997 	-138.027 	31.2978 	5.48803 	0
0.0245683 	-136.918 	31.7275 	5.42675 	0
0.0251397 	-135.809 	32.1571 	5.36546 	0
0.0257111 	-134.537 	32.6059 	5.30986 	0
0.0262824 	-133.429 	33.0595 	5.2496 	0
0.0268538 	-132.322 	33.5132 	5.18934 	0
0.0274251 	-131.098 	33.979 	5.13039 	0
0.0279965 	-129.871 	34.4775 	5.07387 	0
0.0285678 	-128.729 	34.9735 	5.01688 	0
0.0291392 	-127.587 	35.4695 	4.95988 	0
0.0297106 	-126.193 	35.9862 	4.90107 	0
0.0302819 	-124.967 	36.516 	4.84515 	0
0.0308533 	-123.749 	37.0456 	4.78932 	0
0.0314246 	-122.532 	37.5752 	4.7335 	0
0.031996 	-121.278 	38.1048 	4.67712 	0
0.0325673 	-119.718 	38.6236 	4.61466 	0
0.0331387 	-118.397 	39.1339 	4.55482 	0
0.0337101 	-117.077 	39.6442 	4.49498 	0
0.0342814 	-115.757 	40.1546 	4.43514 	0
0.0348528 	-114.398 	40.6594 	4.3749 	0
0.0354241 	-112.721 	41.071 	4.30648 	0
0.0359955 	-111.324 	41.475 	4.23604 	0
0.0365668 	-109.927 	41.8789 	4.16559 	0
0.0371382 	-108.531 	42.2828 	4.09514 	0
0.0377095 	-107.134 	42.6868 	4.0247 	0
0.0382809 	-105.576 	43.0274 	3.95652 	0
0.0388523 	-104.068 	43.2422 	3.87945 	0
0.0394236 	-102.726 	43.4566 	3.79642 	0
0.039995 	-101.383 	43.6711 	3.71339 	0
0.0405663 	-100.041 	43.8855 	3.63036 	0
0.0411377 	-98.6981 	44.0999 	3.54733 	0
0.041709 	-97.3555 	44.3144 	3.4643 	0
0.0422804 	-95.838 	44.3856 	3.40138 	0
0.0428518 	-94.7125 	44.4273 	3.31779 	0
0.0434231 	-93.5871 	44.4691 	3.2342 	0
0.0439945 	-92.4616 	44.5108 	3.15061 	0
0.0445658 	-91.3362 	44.5526 	3.06703 	0
0.0451372 	-90.2107 	44.5943 	2.98344 	0
0.0457085 	-89.0852 	44.636 	2.89985 	0
0.0462799 	-87.9332 	44.6571 	2.82558 	0
0.0468513 	-86.8506 	44.6218 	2.76974 	0
0.0474226 	-85.994 	44.5972 	2.69869 	0
0.047994 	-85.1374 	44.5726 	2.62764 	0
0.0485653 	-84.2808 	44.548 	2.55659 	0
0.0491367 	-83.4242 	44.5234 	2.48554 	0
0.049708 	-82.5676 	44.4988 	2.41449 	0
0.0502794 	-81.7109 	44.4742 	2.34344 	0
0.0508508 	-80.8543 	44.4496 	2.27238 	0
0.0514221 	-79.9496 	44.4163 	2.22193 	0
0.0519935 	-79.2086 	44.3877 	2.17208 	0
0.0525648 	-78.5725 	44.3646 	2.11565 	0
0.0531362 	-77.9364 	44.3415 	2.05922 	0
0.0537075 	-77.3003 	44.3184 	2.0028 	0
0.0542789 	-76.6642 	44.2954 	1.94637 	0
0.0548503 	-76.0281 	44.2723 	1.88994 	0
0.0554216 	-75.392 	44.2492 	1.83352 	0
0.055993 	-74.7559 	44.2261 	1.77709 	0
0.0565643 	-74.1198 	44.203 	1.72066 	0
0.0571357 	-73.4505 	44.1779 	1.68373 	0
0.057707 	-72.9058 	44.1594 	1.64602 	0
0.0582784 	-72.4471 	44.1456 	1.60322 	0
0.0588497 	-71.9884 	44.1319 	1.56043 	0
0.0594211 	-71.5297 	44.1181 	1.51763 	0
0.0599925 	-71.071 	44.1043 	1.47483 	0
0.0605638 	-70.6123 	44.0906 	1.43203 	0
0.0611352 	-70.1536 	44.0768 	1.38923 	0
0.0617065 	-69.6949 	44.0631 	1.34643 	0
0.0622779 	-69.2362 	44.0493 	1.30363 	0
0.0628492 	-68.7774 	44.0355 	1.26084 	0
0.0634206 	-68.2986 	44.0194 	1.22561 	0
0.063992 	-67.834 	44.0023 	1.19971 	0
0.0645633 	-67.4924 	43.9921 	1.1666 	0
0.0651347 	-67.1507 	43.9819 	1.13349 	0
0.065706 	-66.8091 	43.9717 	1.10038 	0
0.0662774 	-66.4675 	43.9615 	1.06727 	0
0.0668487 	-66.1258 	43.9513 	1.03416 	0
0.0674201 	-65.7842 	43.9412 	1.00105 	0
0.0679915 	-65.4425 	43.931 	0.967942 	0
0.0685628 	-65.1009 	43.9208 	0.934833 	0
0.0691342 	-64.7593 	43.9106 	0.901723 	0
0.0697055 	-64.4148 	43.9001 	0.869271 	0
0.0702769 	-64.022 	43.8838 	0.849774 	0
0.0708482 	-63.7523 	43.8746 	0.822957 	0
0.0714196 	-63.4827 	43.8654 	0.796141 	0
0.071991 	-63.213 	43.8563 	0.769324 	0
0.0725623 	-62.9433 	43.8471 	0.742507 	0
0.0731337 	-62.6737 	43.838 	0.71569 	0
0.073705 	-62.404 	43.8288 	0.688873 	0
0.0742764 	-62.1343 	43.8196 	0.662056 	0
0.0748477 	-61.8647 	43.8105 	0.635239 	0
0.0754191 	-61.5872 	43.8005 	0.610188 	0
0.0759905 	-61.2995 	43.7881 	0.592784 	0
0.0765618 	-61.0835 	43.7798 	0.570963 	0
0.0771332 	-60.8674 	43.7716 	0.549142 	0
0.0777045 	-60.6514 	43.7634 	0.527322 	0
0.0782759 	-60.4354 	43.7552 	0.505501 	0
0.0788472 	-60.2193 	43.747 	0.48368 	0
0.0794186 	-60.0033 	43.7387 	0.461859 	0
0.0799899 	-59.7872 	43.7305 	0.440039 	0
0.0805613 	-59.5469 	43.7203 	0.422866 	0
0.0811327 	-59.3498 	43.7122 	0.405631 	0
0.081704 	-59.17 	43.7051 	0.387272 	0
0.0822754 	-58.9901 	43.698 	0.368913 	0
0.0828467 	-58.8103 	43.6909 	0.350554 	0
0.0834181 	-58.6305 	43.6838 	0.332195 	0
0.0839894 	-58.4507 	43.6767 	0.313837 	0
0.0845608 	-58.2708 	43.6696 	0.295494 	0
0.0851322 	-58.0738 	43.6612 	0.282515 	0
0.0857035 	-57.9193 	43.6554 	0.266586 	0
0.0862749 	-57.7648 	43.6496 	0.250657 	0
0.0868462 	-57.6103 	43.6438 	0.234727 	0
0.0874176 	-57.4558 	43.6379 	0.218798 	0
0.0879889 	-57.3013 	43.6321 	0.202869 	0
0.0885603 	-57.1311 	43.6255 	0.18947 	0
0.0891317 	-56.9882 	43.6207 	0.175748 	0
0.089703 	-56.852 	43.6163 	0.161527 	0
0.0902744 	-56.7158 	43.6119 	0.147306 	0
0.0908457 	-56.5795 	43.6074 	0.133084 	0
0.0914171 	-56.4433 	43.603 	0.118863 	0
0.0919884 	-56.295 	43.5985 	0.107299 	0
0.0925598 	-56.1723 	43.5957 	0.0942828 	0
0.0931312 	-56.0495 	43.5928 	0.0812665 	0
0.0937025 	-55.9268 	43.59 	0.0682502 	0
0.0942739 	-55.804 	43.5872 	0.0552339 	0
0.0948452 	-55.6731 	43.5848 	0.044269 	0
0.0954166 	-55.5605 	43.5839 	0.0320932 	0
0.0959879 	-55.4478 	43.5829 	0.0199175 	0
0.0965593 	-55.3352 	43.5819 	0.00774176 	0
0.0971307 	-55.2146 	43.5812 	-0.00306732 	0
0.097702 	-55.1094 	43.5824 	-0.014638 	0
0.0982734 	-55.0045 	43.5836 	-0.0262366 	0
0.0988447 	-54.8996 	43.5848 	-0.0378352 	0
0.0994161 	-54.7902 	43.5871 	-0.0482296 	0
0.0999874 	-54.6913 	43.591 	-0.0594384 	0
0.100559 	-54.5924 	43.5949 	-0.0706472 	0
0.10113 	-54.4897 	43.5993 	-0.0810587 	0
0.101702 	-54.3948 	43.6062 	-0.0919051 	0
0.102273 	-54.3006 	43.6131 	-0.102847 	0
0.102844 	-54.2038 	43.6211 	-0.113024 	0
0.103416 	-54.1133 	43.6314 	-0.123789 	0
0.103987 	-54.0227 	43.6417 	-0.134554 	0
0.104558 	-53.9321 	43.6553 	-0.144637 	0
0.10513 	-53.8446 	43.6695 	-0.155299 	0
0.105701 	-53.7571 	43.685 	-0.165514 	0
0.106272 	-53.6721 	43.7024 	-0.176246 	0
0.106844 	-53.5867 	43.6728 	-0.185491 	0
0.107415 	-53.5028 	43.6146 	-0.19441 	0
0.107986 	-53.4227 	43.238 	-0.195691 	0
0.108558 	-53.3512 	42.5487 	-0.189724 	0
0.109129 	-53.2898 	41.5416 	-0.177512 	0
0.109701 	-53.2393 	40.2735 	-0.162136 	0
0.110272 	-53.1972 	38.8697 	-0.147097 	0
0.110843 	-53.1644 	37.3529 	-0.131205 	0
0.111415 	-53.1406 	35.6819 	-0.113274 	0
0.111986 	-53.1308 	33.6741 	-0.0906668 	0
0.112557 	-53.1399 	31.0419 	-0.0620716 	0
0.113129 	-53.1736 	27.0027 	-0.0288456 	0
0.1137 	-53.2101 	1.08391e-10 	-6.51996e-15 	0
