0 	-225.842 	0 	0 	0
0.000571357 	-225.758 	-7.09641 	0.0872444 	0
0.00114271 	-225.676 	-6.85744 	0.152351 	0
0.00171407 	-225.643 	-6.37905 	0.207298 	0
0.00228543 	-225.646 	-5.8108 	0.254356 	0
0.00285678 	-225.675 	-5.19085 	0.293724 	0
0.00342814 	-225.718 	-4.53475 	0.325358 	0
0.0039995 	-225.768 	-3.84844 	0.348551 	0
0.00457085 	-225.815 	-3.13362 	0.362565 	0
0.00514221 	-225.853 	-2.38781 	0.366142 	0
0.00571357 	-225.873 	-1.60733 	0.358175 	0
0.00628492 	-225.862 	-0.783701 	0.336953 	0
0.00685628 	-225.806 	0.0985261 	0.300627 	0
0.00742764 	-225.682 	1.05912 	0.247904 	0
0.00799899 	-225.466 	2.13374 	0.177721 	0
0.00857035 	-225.176 	3.46982 	0.0810821 	0
0.00914171 	-224.864 	5.18374 	-0.0511519 	0
0.00971307 	-224.701 	7.06192 	-0.212357 	0
0.0102844 	-224.39 	8.97794 	-0.395708 	0
0.0108558 	-223.706 	11.1064 	-0.581157 	0
0.0114271 	-222.969 	13.5048 	-0.757882 	0
0.0119985 	-222.177 	16.1684 	-0.920555 	0
0.0125698 	-221.363 	18.9619 	-1.05533 	0
0.0131412 	-220.233 	22.3093 	-1.16991 	0
0.0137126 	-219.169 	26.0199 	-1.23791 	0
0.0142839 	-218.067 	30.2776 	-1.25999 	0
0.0148553 	-216.976 	33.1571 	-1.26283 	0
0.0154266 	-215.922 	33.9172 	-1.28425 	0
0.015998 	-214.87 	34.5656 	-1.30161 	0
0.0165693 	-213.824 	35.1316 	-1.31607 	0
0.0171407 	-212.787 	35.6824 	-1.33005 	0
0.0177121 	-211.756 	36.2134 	-1.34303 	0
0.0182834 	-210.735 	36.7307 	-1.35556 	0
0.0188548 	-209.721 	37.2322 	-1.36733 	0
0.0194261 	-208.715 	37.7231 	-1.37853 	0
0.0199975 	-207.716 	38.2057 	-1.3893 	0
0.0205688 	-206.725 	38.6609 	-1.39887 	0
0.0211402 	-205.741 	39.0696 	-1.40648 	0
0.0217116 	-204.767 	39.4265 	-1.41192 	0
0.0222829 	-203.806 	39.7737 	-1.41699 	0
0.0228543 	-202.856 	40.122 	-1.42209 	0
0.0234256 	-201.915 	40.4707 	-1.42705 	0
0.023997 	-200.98 	40.8048 	-1.43107 	0
0.0245683 	-200.06 	41.1185 	-1.43442 	0
0.0251397 	-199.145 	41.4181 	-1.43708 	0
0.0257111 	-198.243 	41.6844 	-1.43826 	0
0.0262824 	-197.351 	41.9484 	-1.43959 	0
0.0268538 	-196.469 	42.2083 	-1.44031 	0
0.0274251 	-195.596 	42.4677 	-1.44133 	0
0.0279965 	-194.734 	42.7253 	-1.44194 	0
0.0285678 	-193.878 	42.9765 	-1.44259 	0
0.0291392 	-193.033 	43.1872 	-1.44124 	0
0.0297106 	-192.192 	43.399 	-1.44019 	0
0.0302819 	-191.372 	43.5251 	-1.43575 	0
0.0308533 	-190.554 	43.641 	-1.43094 	0
0.0314246 	-189.755 	43.7404 	-1.42597 	0
0.031996 	-188.973 	43.8185 	-1.42014 	0
0.0325673 	-188.192 	43.8969 	-1.41461 	0
0.0331387 	-187.436 	43.9737 	-1.40862 	0
0.0337101 	-186.685 	44.0501 	-1.40249 	0
0.0342814 	-185.936 	44.1271 	-1.39675 	0
0.0348528 	-185.221 	44.1512 	-1.3888 	0
0.0354241 	-184.506 	44.1751 	-1.38083 	0
0.0359955 	-183.792 	44.1996 	-1.37326 	0
0.0365668 	-183.115 	44.1917 	-1.3644 	0
0.0371382 	-182.442 	44.1813 	-1.35544 	0
0.0377095 	-181.769 	44.171 	-1.34671 	0
0.0382809 	-181.121 	44.1591 	-1.33789 	0
0.0388523 	-180.49 	44.1461 	-1.32886 	0
0.0394236 	-179.858 	44.1331 	-1.31983 	0
0.039995 	-179.228 	44.12 	-1.3112 	0
0.0405663 	-178.638 	44.1015 	-1.30201 	0
0.0411377 	-178.048 	44.0829 	-1.29282 	0
0.041709 	-177.458 	44.0644 	-1.2837 	0
0.0422804 	-176.874 	44.046 	-1.27486 	0
0.0428518 	-176.326 	44.0279 	-1.26579 	0
0.0434231 	-175.778 	44.0099 	-1.25671 	0
0.0439945 	-175.23 	43.9919 	-1.24767 	0
0.0445658 	-174.681 	43.9738 	-1.23896 	0
0.0451372 	-174.172 	43.9683 	-1.23038 	0
0.0457085 	-173.665 	43.963 	-1.22181 	0
0.0462799 	-173.157 	43.9576 	-1.21323 	0
0.0468513 	-172.648 	43.9521 	-1.20488 	0
0.0474226 	-172.157 	43.9496 	-1.19661 	0
0.047994 	-171.687 	43.9503 	-1.18831 	0
0.0485653 	-171.217 	43.9509 	-1.18002 	0
0.0491367 	-170.747 	43.9516 	-1.17172 	0
0.049708 	-170.275 	43.9522 	-1.16369 	0
0.0502794 	-169.826 	43.951 	-1.15558 	0
0.0508508 	-169.393 	43.9487 	-1.14738 	0
0.0514221 	-168.96 	43.9464 	-1.13919 	0
0.0519935 	-168.527 	43.9441 	-1.131 	0
0.0525648 	-168.093 	43.9417 	-1.123 	0
0.0531362 	-167.67 	43.9392 	-1.11505 	0
0.0537075 	-167.274 	43.9363 	-1.10705 	0
0.0542789 	-166.877 	43.9335 	-1.09906 	0
0.0548503 	-166.481 	43.9306 	-1.09106 	0
0.0554216 	-166.084 	43.9278 	-1.0831 	0
0.055993 	-165.684 	43.9249 	-1.07534 	0
0.0565643 	-165.309 	43.9225 	-1.0676 	0
0.0571357 	-164.948 	43.9205 	-1.05987 	0
0.057707 	-164.586 	43.9185 	-1.05213 	0
0.0582784 	-164.225 	43.9165 	-1.0444 	0
0.0588497 	-163.863 	43.9144 	-1.0367 	0
0.0594211 	-163.498 	43.9123 	-1.02918 	0
0.0599925 	-163.155 	43.9103 	-1.02175 	0
0.0605638 	-162.832 	43.9083 	-1.0144 	0
0.0611352 	-162.51 	43.9063 	-1.00705 	0
0.0617065 	-162.187 	43.9043 	-0.999707 	0
0.0622779 	-161.865 	43.9024 	-0.992361 	0
0.0628492 	-161.54 	43.9003 	-0.985128 	0
0.0634206 	-161.214 	43.8983 	-0.977969 	0
0.063992 	-160.917 	43.896 	-0.970881 	0
0.0645633 	-160.625 	43.8936 	-0.963805 	0
0.0651347 	-160.332 	43.8913 	-0.956729 	0
0.065706 	-160.04 	43.8889 	-0.949652 	0
0.0662774 	-159.748 	43.8866 	-0.942576 	0
0.0668487 	-159.452 	43.8841 	-0.935661 	0
0.0674201 	-159.162 	43.8817 	-0.928745 	0
0.0679915 	-158.891 	43.8794 	-0.921807 	0
0.0685628 	-158.62 	43.8771 	-0.914869 	0
0.0691342 	-158.348 	43.8748 	-0.907932 	0
0.0697055 	-158.077 	43.8725 	-0.900994 	0
0.0702769 	-157.804 	43.8701 	-0.894162 	0
0.0708482 	-157.531 	43.8678 	-0.887385 	0
0.0714196 	-157.282 	43.8661 	-0.880721 	0
0.071991 	-157.034 	43.8645 	-0.874058 	0
0.0725623 	-156.785 	43.8628 	-0.867394 	0
0.0731337 	-156.536 	43.8611 	-0.86073 	0
0.073705 	-156.285 	43.8594 	-0.854188 	0
0.0742764 	-156.041 	43.8583 	-0.847707 	0
0.0748477 	-155.811 	43.8584 	-0.841299 	0
0.0754191 	-155.581 	43.8585 	-0.834892 	0
0.0759905 	-155.351 	43.8586 	-0.828484 	0
0.0765618 	-155.119 	43.8586 	-0.822139 	0
0.0771332 	-154.888 	43.8588 	-0.815873 	0
0.0777045 	-154.674 	43.8607 	-0.809728 	0
0.0782759 	-154.46 	43.8625 	-0.803583 	0
0.0788472 	-154.246 	43.8644 	-0.797438 	0
0.0794186 	-154.03 	43.8662 	-0.791354 	0
0.0799899 	-153.817 	43.8681 	-0.78534 	0
0.0805613 	-153.616 	43.8703 	-0.779374 	0
0.0811327 	-153.415 	43.8726 	-0.773408 	0
0.081704 	-153.214 	43.8748 	-0.767442 	0
0.0822754 	-153.011 	43.877 	-0.761574 	0
0.0828467 	-152.818 	43.8793 	-0.755791 	0
0.0834181 	-152.629 	43.8817 	-0.750037 	0
0.0839894 	-152.44 	43.8841 	-0.744283 	0
0.0845608 	-152.249 	43.8864 	-0.738594 	0
0.0851322 	-152.064 	43.8888 	-0.732956 	0
0.0857035 	-151.885 	43.8914 	-0.727332 	0
0.0862749 	-151.707 	43.8939 	-0.721708 	0
0.0868462 	-151.525 	43.8964 	-0.716151 	0
0.0874176 	-151.352 	43.899 	-0.710693 	0
0.0879889 	-151.182 	43.9017 	-0.705269 	0
0.0885603 	-151.012 	43.9043 	-0.69985 	0
0.0891317 	-150.84 	43.907 	-0.694515 	0
0.089703 	-150.677 	43.9099 	-0.689181 	0
0.0902744 	-150.515 	43.9129 	-0.683847 	0
0.0908457 	-150.35 	43.9158 	-0.678569 	0
0.0914171 	-150.193 	43.9182 	-0.673422 	0
0.0919884 	-150.037 	43.9203 	-0.668301 	0
0.0925598 	-149.88 	43.9225 	-0.663224 	0
0.0931312 	-149.728 	43.9104 	-0.657964 	0
0.0937025 	-149.578 	43.8929 	-0.652622 	0
0.0942739 	-149.426 	43.8757 	-0.647335 	0
0.0948452 	-149.281 	43.7829 	-0.640892 	0
0.0954166 	-149.138 	43.6808 	-0.634303 	0
0.0959879 	-148.994 	43.5619 	-0.627568 	0
0.0965593 	-148.858 	43.3939 	-0.620164 	0
0.0971307 	-148.72 	43.2261 	-0.612805 	0
0.097702 	-148.589 	43.0619 	-0.605629 	0
0.0982734 	-148.459 	42.8984 	-0.598495 	0
0.0988447 	-148.331 	42.7351 	-0.591367 	0
0.0994161 	-148.208 	42.5722 	-0.584193 	0
0.0999874 	-148.085 	42.4096 	-0.577172 	0
0.100559 	-147.966 	42.2476 	-0.570229 	0
0.10113 	-147.849 	42.086 	-0.563327 	0
0.101702 	-147.735 	41.9248 	-0.556416 	0
0.102273 	-147.624 	41.7168 	-0.54933 	0
0.102844 	-147.514 	41.4413 	-0.541463 	0
0.103416 	-147.409 	40.7825 	-0.528278 	0
0.103987 	-147.308 	39.4485 	-0.505597 	0
0.104558 	-147.216 	37.5349 	-0.475193 	0
0.10513 	-147.139 	35.0679 	-0.438919 	0
0.105701 	-147.074 	32.7129 	-0.404006 	0
0.106272 	-147.019 	30.3694 	-0.369232 	0
0.106844 	-146.973 	28.0232 	-0.33445 	0
0.107415 	-146.937 	25.676 	-0.299644 	0
0.107986 	-146.908 	23.3275 	-0.264771 	0
0.108558 	-146.887 	20.9756 	-0.229731 	0
0.109129 	-146.872 	18.6083 	-0.194117 	0
0.109701 	-146.866 	16.1061 	-0.151499 	0
0.110272 	-146.887 	13.3667 	-0.0921286 	0
0.110843 	-146.923 	10.9731 	-0.0464645 	0
0.111415 	-146.936 	9.04499 	-0.0235472 	0
0.111986 	-146.951 	7.18563 	-0.00306684 	0
0.112557 	-146.967 	5.56171 	0.00880665 	0
0.113129 	-146.979 	4.25208 	0.0106947 	0
0.1137 	-146.982 	3.03922 	0.00604946 	0
