0 	-191.371 	0 	0 	0
0.000571357 	-191.367 	-2.68554e-34 	-6.75182e-34 	0
0.00114271 	-191.372 	1.5004e-49 	-3.62649e-49 	0
0.00171407 	-191.389 	7.44723e-65 	-1.83425e-64 	0
0.00228543 	-191.429 	6.09247e-81 	-2.38106e-80 	0
0.00285678 	-191.483 	2.37182e-97 	-1.51565e-96 	0
0.00342814 	-191.532 	0 	0 	0
0.0039995 	-191.557 	0 	0 	0
0.00457085 	-191.548 	0 	0 	0
0.00514221 	-191.502 	0 	0 	0
0.00571357 	-191.422 	0 	0 	0
0.00628492 	-191.315 	0 	0 	0
0.00685628 	-191.191 	0 	0 	0
0.00742764 	-191.059 	0 	0 	0
0.00799899 	-190.93 	0 	0 	0
0.00857035 	-190.814 	0 	0 	0
0.00914171 	-190.722 	0 	0 	0
0.00971307 	-190.655 	0 	0 	0
0.0102844 	-190.618 	0 	0 	0
0.0108558 	-190.609 	0 	0 	0
0.0114271 	-190.616 	0 	0 	0
0.0119985 	-190.589 	0 	0 	0
0.0125698 	-190.859 	0 	0 	0
0.0131412 	-190.34 	21.9571 	-0.2598 	0
0.0137126 	-189.351 	25.9253 	-0.298441 	0
0.0142839 	-188.371 	28.8049 	-0.321781 	0
0.0148553 	-187.382 	31.5611 	-0.337091 	0
0.0154266 	-186.394 	33.9223 	-0.34674 	0
0.015998 	-185.445 	35.3871 	-0.358362 	0
0.0165693 	-184.546 	36.2714 	-0.372372 	0
0.0171407 	-183.696 	36.9561 	-0.385982 	0
0.0177121 	-182.884 	37.5574 	-0.399113 	0
0.0182834 	-182.101 	38.1022 	-0.411894 	0
0.0188548 	-181.348 	38.5906 	-0.424157 	0
0.0194261 	-180.618 	39.0359 	-0.435899 	0
0.0199975 	-179.898 	39.4622 	-0.447403 	0
0.0205688 	-179.203 	39.8396 	-0.45816 	0
0.0211402 	-178.512 	40.2111 	-0.468803 	0
0.0217116 	-177.84 	40.5437 	-0.478714 	0
0.0222829 	-177.168 	40.8763 	-0.488625 	0
0.0228543 	-176.514 	41.1724 	-0.497669 	0
0.0234256 	-175.862 	41.4658 	-0.506654 	0
0.023997 	-175.216 	41.7451 	-0.515255 	0
0.0245683 	-174.579 	42.0044 	-0.523315 	0
0.0251397 	-173.943 	42.2636 	-0.531374 	0
0.0257111 	-173.314 	42.5071 	-0.538885 	0
0.0262824 	-172.692 	42.7363 	-0.545895 	0
0.0268538 	-172.069 	42.9655 	-0.552906 	0
0.0274251 	-171.45 	43.1889 	-0.559718 	0
0.0279965 	-170.841 	43.39 	-0.565781 	0
0.0285678 	-170.233 	43.5911 	-0.571845 	0
0.0291392 	-169.625 	43.7921 	-0.577909 	0
0.0297106 	-169.021 	43.9715 	-0.583309 	0
0.0302819 	-168.424 	44.1196 	-0.587757 	0
0.0308533 	-167.827 	44.2677 	-0.592204 	0
0.0314246 	-167.231 	44.4158 	-0.596651 	0
0.031996 	-166.635 	44.5582 	-0.600974 	0
0.0325673 	-166.06 	44.6016 	-0.603133 	0
0.0331387 	-165.485 	44.645 	-0.605292 	0
0.0337101 	-164.91 	44.6884 	-0.607451 	0
0.0342814 	-164.335 	44.7318 	-0.60961 	0
0.0348528 	-163.763 	44.7716 	-0.611674 	0
0.0354241 	-163.227 	44.7562 	-0.612272 	0
0.0359955 	-162.69 	44.7409 	-0.61287 	0
0.0365668 	-162.154 	44.7255 	-0.613468 	0
0.0371382 	-161.618 	44.7101 	-0.614066 	0
0.0377095 	-161.082 	44.6948 	-0.614664 	0
0.0382809 	-160.558 	44.6805 	-0.614974 	0
0.0388523 	-160.061 	44.6682 	-0.614713 	0
0.0394236 	-159.564 	44.6559 	-0.614452 	0
0.039995 	-159.067 	44.6437 	-0.614191 	0
0.0405663 	-158.569 	44.6314 	-0.61393 	0
0.0411377 	-158.072 	44.6192 	-0.613668 	0
0.041709 	-157.575 	44.6069 	-0.613407 	0
0.0422804 	-157.11 	44.5957 	-0.612514 	0
0.0428518 	-156.654 	44.5848 	-0.611434 	0
0.0434231 	-156.198 	44.574 	-0.610353 	0
0.0439945 	-155.743 	44.5631 	-0.609273 	0
0.0445658 	-155.287 	44.5522 	-0.608192 	0
0.0451372 	-154.831 	44.5413 	-0.607112 	0
0.0457085 	-154.375 	44.5304 	-0.606032 	0
0.0462799 	-153.93 	44.5199 	-0.604751 	0
0.0468513 	-153.519 	44.5104 	-0.602856 	0
0.0474226 	-153.108 	44.5009 	-0.600961 	0
0.047994 	-152.697 	44.4914 	-0.599066 	0
0.0485653 	-152.286 	44.4819 	-0.597171 	0
0.0491367 	-151.874 	44.4723 	-0.595276 	0
0.049708 	-151.463 	44.4628 	-0.593382 	0
0.0502794 	-151.052 	44.4533 	-0.591487 	0
0.0508508 	-150.641 	44.4438 	-0.589592 	0
0.0514221 	-150.258 	44.4352 	-0.587245 	0
0.0519935 	-149.894 	44.4271 	-0.584619 	0
0.0525648 	-149.53 	44.4189 	-0.581992 	0
0.0531362 	-149.165 	44.4108 	-0.579366 	0
0.0537075 	-148.801 	44.4027 	-0.57674 	0
0.0542789 	-148.437 	44.3946 	-0.574113 	0
0.0548503 	-148.072 	44.3865 	-0.571487 	0
0.0554216 	-147.708 	44.3784 	-0.568861 	0
0.055993 	-147.344 	44.3703 	-0.566235 	0
0.0565643 	-146.979 	44.3622 	-0.563608 	0
0.0571357 	-146.656 	44.3552 	-0.560567 	0
0.057707 	-146.349 	44.3487 	-0.55737 	0
0.0582784 	-146.041 	44.3422 	-0.554173 	0
0.0588497 	-145.734 	44.3357 	-0.550977 	0
0.0594211 	-145.426 	44.3292 	-0.54778 	0
0.0599925 	-145.119 	44.3227 	-0.544583 	0
0.0605638 	-144.812 	44.3162 	-0.541386 	0
0.0611352 	-144.504 	44.3097 	-0.538189 	0
0.0617065 	-144.197 	44.3032 	-0.534992 	0
0.0622779 	-143.889 	44.2967 	-0.531795 	0
0.0628492 	-143.582 	44.2902 	-0.528598 	0
0.0634206 	-143.292 	44.2842 	-0.525209 	0
0.063992 	-143.03 	44.2791 	-0.521514 	0
0.0645633 	-142.768 	44.274 	-0.517818 	0
0.0651347 	-142.506 	44.2688 	-0.514123 	0
0.065706 	-142.245 	44.2637 	-0.510428 	0
0.0662774 	-141.983 	44.2586 	-0.506733 	0
0.0668487 	-141.721 	44.2534 	-0.503038 	0
0.0674201 	-141.459 	44.2483 	-0.499342 	0
0.0679915 	-141.197 	44.2432 	-0.495647 	0
0.0685628 	-140.935 	44.238 	-0.491952 	0
0.0691342 	-140.674 	44.2329 	-0.488257 	0
0.0697055 	-140.413 	44.2278 	-0.48454 	0
0.0702769 	-140.186 	44.2238 	-0.480383 	0
0.0708482 	-139.958 	44.2199 	-0.476225 	0
0.0714196 	-139.73 	44.2159 	-0.472068 	0
0.071991 	-139.503 	44.2119 	-0.467911 	0
0.0725623 	-139.275 	44.2079 	-0.463753 	0
0.0731337 	-139.047 	44.204 	-0.459596 	0
0.073705 	-138.82 	44.2 	-0.455439 	0
0.0742764 	-138.592 	44.196 	-0.451281 	0
0.0748477 	-138.364 	44.192 	-0.447124 	0
0.0754191 	-138.142 	44.1882 	-0.442928 	0
0.0759905 	-137.947 	44.1854 	-0.438523 	0
0.0765618 	-137.753 	44.1826 	-0.434118 	0
0.0771332 	-137.559 	44.1798 	-0.429714 	0
0.0777045 	-137.365 	44.177 	-0.425309 	0
0.0782759 	-137.17 	44.1741 	-0.420904 	0
0.0788472 	-136.976 	44.1713 	-0.416499 	0
0.0794186 	-136.782 	44.1685 	-0.412094 	0
0.0799899 	-136.588 	44.1657 	-0.407689 	0
0.0805613 	-136.408 	44.1634 	-0.403193 	0
0.0811327 	-136.241 	44.1617 	-0.398615 	0
0.081704 	-136.075 	44.16 	-0.394037 	0
0.0822754 	-135.908 	44.1583 	-0.389458 	0
0.0828467 	-135.742 	44.1566 	-0.38488 	0
0.0834181 	-135.575 	44.1549 	-0.380302 	0
0.0839894 	-135.408 	44.1531 	-0.375724 	0
0.0845608 	-135.242 	44.1514 	-0.371146 	0
0.0851322 	-135.098 	44.1508 	-0.366449 	0
0.0857035 	-134.955 	44.1502 	-0.361751 	0
0.0862749 	-134.811 	44.1495 	-0.357054 	0
0.0868462 	-134.667 	44.1489 	-0.352356 	0
0.0874176 	-134.524 	44.1483 	-0.347659 	0
0.0879889 	-134.38 	44.1477 	-0.342961 	0
0.0885603 	-134.245 	44.1476 	-0.338226 	0
0.0891317 	-134.121 	44.1481 	-0.333443 	0
0.089703 	-133.996 	44.1486 	-0.32866 	0
0.0902744 	-133.872 	44.1492 	-0.323877 	0
0.0908457 	-133.748 	44.1497 	-0.319093 	0
0.0914171 	-133.624 	44.1503 	-0.31431 	0
0.0919884 	-133.511 	44.1517 	-0.309484 	0
0.0925598 	-133.403 	44.1535 	-0.304641 	0
0.0931312 	-133.295 	44.1554 	-0.299798 	0
0.0937025 	-133.187 	44.1572 	-0.294954 	0
0.0942739 	-133.079 	44.159 	-0.290111 	0
0.0948452 	-132.982 	44.1619 	-0.285237 	0
0.0954166 	-132.888 	44.1652 	-0.280351 	0
0.0959879 	-132.794 	44.1685 	-0.275466 	0
0.0965593 	-132.7 	44.1718 	-0.27058 	0
0.0971307 	-132.61 	44.1757 	-0.265683 	0
0.097702 	-132.529 	44.1807 	-0.260769 	0
0.0982734 	-132.447 	44.1857 	-0.255854 	0
0.0988447 	-132.365 	44.1906 	-0.250939 	0
0.0994161 	-132.289 	44.1968 	-0.246014 	0
0.0999874 	-132.217 	44.2037 	-0.24108 	0
0.100559 	-132.146 	44.2107 	-0.236146 	0
0.10113 	-132.076 	44.2183 	-0.23121 	0
0.101702 	-132.014 	44.2275 	-0.226265 	0
0.102273 	-131.951 	44.2368 	-0.221321 	0
0.102844 	-131.891 	44.247 	-0.216374 	0
0.103416 	-131.836 	44.2588 	-0.211424 	0
0.103987 	-131.781 	44.2706 	-0.206475 	0
0.104558 	-131.732 	44.2848 	-0.201524 	0
0.10513 	-131.684 	44.2995 	-0.196574 	0
0.105701 	-131.639 	44.3162 	-0.191625 	0
0.106272 	-131.596 	44.3339 	-0.186676 	0
0.106844 	-131.558 	44.354 	-0.181734 	0
0.107415 	-131.52 	44.3751 	-0.176795 	0
0.107986 	-131.487 	44.3993 	-0.171853 	0
0.108558 	-131.456 	44.4255 	-0.16692 	0
0.109129 	-131.428 	44.4541 	-0.162004 	0
0.109701 	-131.403 	44.4858 	-0.157083 	0
0.110272 	-131.38 	44.51 	-0.152167 	0
0.110843 	-131.359 	44.3243 	-0.145125 	0
0.111415 	-131.337 	43.0938 	-0.121726 	0
0.111986 	-131.334 	40.1469 	-0.0803897 	0
0.112557 	-131.342 	36.4564 	-0.0448055 	0
0.113129 	-131.362 	31.5299 	-0.0181105 	0
0.1137 	-131.382 	1.4044e-10 	-4.7699e-15 	0
