0 	-32.1043 	0 	0 	0
0.000571357 	-32.515 	1.22645 	-0.113618 	0
0.00114271 	-33.1697 	1.9446 	-0.248244 	0
0.00171407 	-33.7737 	2.62015 	-0.384129 	0
0.00228543 	-34.2828 	3.31755 	-0.519853 	0
0.00285678 	-34.699 	4.06136 	-0.65502 	0
0.00342814 	-35.034 	4.86819 	-0.789321 	0
0.0039995 	-35.306 	5.74686 	-0.922289 	0
0.00457085 	-35.5311 	6.70645 	-1.05393 	0
0.00514221 	-35.7234 	7.7519 	-1.18329 	0
0.00571357 	-35.8978 	8.88922 	-1.3108 	0
0.00628492 	-36.0313 	10.1214 	-1.43562 	0
0.00685628 	-36.0533 	11.4796 	-1.55654 	0
0.00742764 	-36.0714 	13.0029 	-1.67349 	0
0.00799899 	-36.1739 	14.6676 	-1.78396 	0
0.00857035 	-36.328 	16.429 	-1.88945 	0
0.00914171 	-36.5269 	18.2811 	-1.98968 	0
0.00971307 	-36.7733 	20.1782 	-2.08443 	0
0.0102844 	-37.0878 	22.0668 	-2.1711 	0
0.0108558 	-37.4535 	23.9068 	-2.25099 	0
0.0114271 	-37.8429 	25.6927 	-2.32281 	0
0.0119985 	-38.2448 	27.5063 	-2.38766 	0
0.0125698 	-38.5915 	29.0799 	-2.43655 	0
0.0131412 	-39.1485 	31.502 	-2.49617 	0
0.0137126 	-39.7112 	33.7486 	-2.53893 	0
0.0142839 	-40.3102 	34.8347 	-2.55362 	0
0.0148553 	-40.9042 	35.3358 	-2.55504 	0
0.0154266 	-41.4953 	35.7588 	-2.55129 	0
0.015998 	-42.0765 	36.1773 	-2.54756 	0
0.0165693 	-42.6531 	36.5809 	-2.54287 	0
0.0171407 	-43.224 	36.9571 	-2.53657 	0
0.0177121 	-43.7893 	37.3143 	-2.52934 	0
0.0182834 	-44.3497 	37.6573 	-2.5214 	0
0.0188548 	-44.8899 	37.9836 	-2.51195 	0
0.0194261 	-45.4346 	38.2946 	-2.5025 	0
0.0199975 	-45.9663 	38.6001 	-2.49236 	0
0.0205688 	-46.4906 	38.8859 	-2.48162 	0
0.0211402 	-47.0141 	39.169 	-2.47082 	0
0.0217116 	-47.5162 	39.4349 	-2.45908 	0
0.0222829 	-48.012 	39.7011 	-2.44708 	0
0.0228543 	-48.5121 	39.9476 	-2.43532 	0
0.0234256 	-48.9882 	40.1938 	-2.42265 	0
0.023997 	-49.482 	40.4287 	-2.41061 	0
0.0245683 	-49.9359 	40.6511 	-2.39725 	0
0.0251397 	-50.3899 	40.8735 	-2.38388 	0
0.0257111 	-50.862 	41.0749 	-2.37078 	0
0.0262824 	-51.2906 	41.2622 	-2.35608 	0
0.0268538 	-51.7191 	41.4494 	-2.34139 	0
0.0274251 	-52.1636 	41.6221 	-2.3268 	0
0.0279965 	-52.5772 	41.7501 	-2.31013 	0
0.0285678 	-52.9765 	41.8796 	-2.29306 	0
0.0291392 	-53.3758 	42.0091 	-2.27599 	0
0.0297106 	-53.8015 	42.1033 	-2.25856 	0
0.0302819 	-54.1655 	42.1553 	-2.23782 	0
0.0308533 	-54.5294 	42.2073 	-2.21707 	0
0.0314246 	-54.8934 	42.2593 	-2.19633 	0
0.031996 	-55.2605 	42.3082 	-2.17564 	0
0.0325673 	-55.6233 	42.3026 	-2.15416 	0
0.0331387 	-55.9466 	42.2975 	-2.13143 	0
0.0337101 	-56.2698 	42.2924 	-2.10871 	0
0.0342814 	-56.593 	42.2873 	-2.08598 	0
0.0348528 	-56.9194 	42.2826 	-2.06353 	0
0.0354241 	-57.2439 	42.282 	-2.04359 	0
0.0359955 	-57.5252 	42.2799 	-2.02231 	0
0.0365668 	-57.8064 	42.2778 	-2.00103 	0
0.0371382 	-58.0877 	42.2757 	-1.97975 	0
0.0377095 	-58.369 	42.2736 	-1.95846 	0
0.0382809 	-58.6666 	42.276 	-1.93854 	0
0.0388523 	-58.9308 	42.2857 	-1.91949 	0
0.0394236 	-59.1719 	42.2948 	-1.89979 	0
0.039995 	-59.413 	42.3039 	-1.8801 	0
0.0405663 	-59.6541 	42.313 	-1.8604 	0
0.0411377 	-59.8952 	42.3221 	-1.8407 	0
0.041709 	-60.1363 	42.3312 	-1.82101 	0
0.0422804 	-60.4039 	42.3381 	-1.80345 	0
0.0428518 	-60.6069 	42.3427 	-1.7847 	0
0.0434231 	-60.8098 	42.3473 	-1.76595 	0
0.0439945 	-61.0128 	42.3519 	-1.7472 	0
0.0445658 	-61.2157 	42.3565 	-1.72845 	0
0.0451372 	-61.4187 	42.3611 	-1.70969 	0
0.0457085 	-61.6216 	42.3657 	-1.69094 	0
0.0462799 	-61.8338 	42.3708 	-1.67291 	0
0.0468513 	-62.0401 	42.3762 	-1.6563 	0
0.0474226 	-62.2068 	42.3807 	-1.63876 	0
0.047994 	-62.3735 	42.3852 	-1.62122 	0
0.0485653 	-62.5401 	42.3897 	-1.60368 	0
0.0491367 	-62.7068 	42.3942 	-1.58613 	0
0.049708 	-62.8735 	42.3987 	-1.56859 	0
0.0502794 	-63.0402 	42.4032 	-1.55105 	0
0.0508508 	-63.2068 	42.4077 	-1.53351 	0
0.0514221 	-63.3933 	42.4128 	-1.51756 	0
0.0519935 	-63.5451 	42.4171 	-1.5016 	0
0.0525648 	-63.6787 	42.421 	-1.48524 	0
0.0531362 	-63.8123 	42.4249 	-1.46888 	0
0.0537075 	-63.946 	42.4288 	-1.45252 	0
0.0542789 	-64.0796 	42.4327 	-1.43616 	0
0.0548503 	-64.2132 	42.4366 	-1.41981 	0
0.0554216 	-64.3468 	42.4404 	-1.40345 	0
0.055993 	-64.4805 	42.4443 	-1.38709 	0
0.0565643 	-64.6141 	42.4482 	-1.37073 	0
0.0571357 	-64.7638 	42.4526 	-1.35631 	0
0.057707 	-64.8818 	42.4564 	-1.34187 	0
0.0582784 	-64.9834 	42.4597 	-1.3271 	0
0.0588497 	-65.085 	42.463 	-1.31232 	0
0.0594211 	-65.1866 	42.4664 	-1.29755 	0
0.0599925 	-65.2882 	42.4697 	-1.28278 	0
0.0605638 	-65.3898 	42.4731 	-1.26801 	0
0.0611352 	-65.4914 	42.4764 	-1.25324 	0
0.0617065 	-65.593 	42.4798 	-1.23847 	0
0.0622779 	-65.6946 	42.4831 	-1.2237 	0
0.0628492 	-65.7962 	42.4864 	-1.20893 	0
0.0634206 	-65.9066 	42.4901 	-1.19487 	0
0.063992 	-66.0147 	42.4938 	-1.18165 	0
0.0645633 	-66.0934 	42.4969 	-1.16787 	0
0.0651347 	-66.1721 	42.4999 	-1.1541 	0
0.065706 	-66.2507 	42.503 	-1.14032 	0
0.0662774 	-66.3294 	42.506 	-1.12655 	0
0.0668487 	-66.4081 	42.5091 	-1.11277 	0
0.0674201 	-66.4868 	42.5121 	-1.09899 	0
0.0679915 	-66.5655 	42.5152 	-1.08522 	0
0.0685628 	-66.6442 	42.5183 	-1.07144 	0
0.0691342 	-66.7229 	42.5213 	-1.05767 	0
0.0697055 	-66.8027 	42.5244 	-1.04394 	0
0.0702769 	-66.8999 	42.5282 	-1.03116 	0
0.0708482 	-66.9634 	42.5313 	-1.01776 	0
0.0714196 	-67.0269 	42.5343 	-1.00437 	0
0.071991 	-67.0904 	42.5374 	-0.990971 	0
0.0725623 	-67.1539 	42.5404 	-0.977575 	0
0.0731337 	-67.2174 	42.5434 	-0.964179 	0
0.073705 	-67.2809 	42.5465 	-0.950783 	0
0.0742764 	-67.3444 	42.5495 	-0.937387 	0
0.0748477 	-67.4079 	42.5526 	-0.92399 	0
0.0754191 	-67.4747 	42.5558 	-0.910781 	0
0.0759905 	-67.5467 	42.5594 	-0.898362 	0
0.0765618 	-67.5976 	42.5625 	-0.885562 	0
0.0771332 	-67.6486 	42.5656 	-0.872761 	0
0.0777045 	-67.6996 	42.5687 	-0.859961 	0
0.0782759 	-67.7505 	42.5719 	-0.847161 	0
0.0788472 	-67.8015 	42.575 	-0.83436 	0
0.0794186 	-67.8524 	42.5781 	-0.82156 	0
0.0799899 	-67.9034 	42.5812 	-0.80876 	0
0.0805613 	-67.9646 	42.5849 	-0.796466 	0
0.0811327 	-68.0109 	42.5883 	-0.784178 	0
0.081704 	-68.0527 	42.5917 	-0.771809 	0
0.0822754 	-68.0945 	42.5951 	-0.759439 	0
0.0828467 	-68.1363 	42.5985 	-0.74707 	0
0.0834181 	-68.1781 	42.6018 	-0.7347 	0
0.0839894 	-68.2199 	42.6052 	-0.722331 	0
0.0845608 	-68.2617 	42.6086 	-0.709963 	0
0.0851322 	-68.3111 	42.6128 	-0.69821 	0
0.0857035 	-68.346 	42.6166 	-0.686176 	0
0.0862749 	-68.3808 	42.6204 	-0.674141 	0
0.0868462 	-68.4157 	42.6242 	-0.662107 	0
0.0874176 	-68.4505 	42.628 	-0.650073 	0
0.0879889 	-68.4854 	42.6318 	-0.638039 	0
0.0885603 	-68.5272 	42.6361 	-0.626303 	0
0.0891317 	-68.5584 	42.6406 	-0.614551 	0
0.089703 	-68.5878 	42.645 	-0.602765 	0
0.0902744 	-68.6173 	42.6495 	-0.590978 	0
0.0908457 	-68.6467 	42.6539 	-0.579191 	0
0.0914171 	-68.6762 	42.6584 	-0.567404 	0
0.0919884 	-68.711 	42.6637 	-0.555941 	0
0.0925598 	-68.7361 	42.669 	-0.544352 	0
0.0931312 	-68.7612 	42.6743 	-0.532763 	0
0.0937025 	-68.7864 	42.6796 	-0.521174 	0
0.0942739 	-68.8115 	42.6849 	-0.509586 	0
0.0948452 	-68.8406 	42.6913 	-0.498255 	0
0.0954166 	-68.8623 	42.6978 	-0.486816 	0
0.0959879 	-68.8839 	42.7042 	-0.475378 	0
0.0965593 	-68.9056 	42.7107 	-0.463939 	0
0.0971307 	-68.9311 	42.7179 	-0.452671 	0
0.097702 	-68.9499 	42.7258 	-0.441356 	0
0.0982734 	-68.9687 	42.7338 	-0.430042 	0
0.0988447 	-68.9875 	42.7418 	-0.418727 	0
0.0994161 	-69.0087 	42.7509 	-0.407573 	0
0.0999874 	-69.0251 	42.7607 	-0.396356 	0
0.100559 	-69.0415 	42.7705 	-0.385138 	0
0.10113 	-69.0602 	42.7809 	-0.374028 	0
0.101702 	-69.0746 	42.7929 	-0.362897 	0
0.102273 	-69.089 	42.8049 	-0.351763 	0
0.102844 	-69.105 	42.8179 	-0.340731 	0
0.103416 	-69.1177 	42.8324 	-0.329668 	0
0.103987 	-69.1303 	42.847 	-0.318604 	0
0.104558 	-69.1435 	42.864 	-0.307649 	0
0.10513 	-69.1547 	42.8813 	-0.296635 	0
0.105701 	-69.1664 	42.9007 	-0.285721 	0
0.106272 	-69.1763 	42.9212 	-0.274776 	0
0.106844 	-69.1865 	42.9442 	-0.263903 	0
0.107415 	-69.1956 	42.9682 	-0.25301 	0
0.107986 	-69.2039 	42.9957 	-0.242247 	0
0.108558 	-69.2114 	43.0024 	-0.231472 	0
0.109129 	-69.2167 	42.8913 	-0.218948 	0
0.109701 	-69.2186 	42.4188 	-0.200385 	0
0.110272 	-69.2212 	41.2004 	-0.169899 	0
0.110843 	-69.2283 	39.3346 	-0.133017 	0
0.111415 	-69.2376 	37.1663 	-0.097725 	0
0.111986 	-69.2517 	34.7923 	-0.066592 	0
0.112557 	-69.2724 	32.0336 	-0.0397754 	0
0.113129 	-69.2983 	27.9082 	-0.0167115 	0
0.1137 	-69.3182 	1.17449e-10 	-3.92991e-15 	0
