0 	-156.59 	0 	0 	0
0.000571357 	-156.763 	-6.53574 	-0.0471686 	0
0.00114271 	-157.072 	-6.02796 	-0.113092 	0
0.00171407 	-157.377 	-5.43515 	-0.182071 	0
0.00228543 	-157.659 	-4.78936 	-0.254375 	0
0.00285678 	-157.909 	-4.09053 	-0.328796 	0
0.00342814 	-158.13 	-3.32909 	-0.407215 	0
0.0039995 	-158.32 	-2.50063 	-0.488944 	0
0.00457085 	-158.481 	-1.59724 	-0.575018 	0
0.00514221 	-158.611 	-0.608342 	-0.666737 	0
0.00571357 	-158.707 	0.472679 	-0.7643 	0
0.00628492 	-158.751 	1.65359 	-0.867773 	0
0.00685628 	-158.705 	2.96996 	-0.978377 	0
0.00742764 	-158.576 	4.49116 	-1.09905 	0
0.00799899 	-158.401 	6.24692 	-1.22895 	0
0.00857035 	-158.186 	8.16814 	-1.36295 	0
0.00914171 	-157.938 	10.2457 	-1.4984 	0
0.00971307 	-157.677 	12.4166 	-1.63335 	0
0.0102844 	-157.438 	14.635 	-1.76632 	0
0.0108558 	-157.214 	16.8424 	-1.89679 	0
0.0114271 	-156.914 	19.0389 	-2.02317 	0
0.0119985 	-156.457 	21.3112 	-2.1429 	0
0.0125698 	-155.98 	23.303 	-2.23593 	0
0.0131412 	-155.214 	26.3825 	-2.35383 	0
0.0137126 	-154.502 	29.2845 	-2.44292 	0
0.0142839 	-153.742 	32.4784 	-2.52447 	0
0.0148553 	-152.944 	35.2262 	-2.5888 	0
0.0154266 	-152.106 	36.259 	-2.5993 	0
0.015998 	-151.284 	36.7658 	-2.59079 	0
0.0165693 	-150.45 	37.3004 	-2.58506 	0
0.0171407 	-149.619 	37.7862 	-2.57638 	0
0.0177121 	-148.792 	38.2244 	-2.56511 	0
0.0182834 	-147.95 	38.6339 	-2.55284 	0
0.0188548 	-147.126 	39.0149 	-2.5391 	0
0.0194261 	-146.326 	39.3685 	-2.52406 	0
0.0199975 	-145.487 	39.7115 	-2.50922 	0
0.0205688 	-144.704 	40.0225 	-2.4927 	0
0.0211402 	-143.886 	40.3302 	-2.47666 	0
0.0217116 	-143.12 	40.6112 	-2.45943 	0
0.0222829 	-142.307 	40.8927 	-2.4429 	0
0.0228543 	-141.571 	41.148 	-2.42503 	0
0.0234256 	-140.781 	41.4018 	-2.40795 	0
0.023997 	-140.023 	41.6451 	-2.39053 	0
0.0245683 	-139.297 	41.8737 	-2.3728 	0
0.0251397 	-138.529 	42.1024 	-2.35568 	0
0.0257111 	-137.805 	42.3177 	-2.33809 	0
0.0262824 	-137.106 	42.5209 	-2.32027 	0
0.0268538 	-136.367 	42.7243 	-2.30307 	0
0.0274251 	-135.644 	42.9196 	-2.28562 	0
0.0279965 	-134.988 	43.0845 	-2.26727 	0
0.0285678 	-134.295 	43.2501 	-2.24951 	0
0.0291392 	-133.588 	43.416 	-2.23197 	0
0.0297106 	-132.916 	43.5518 	-2.21307 	0
0.0302819 	-132.294 	43.6444 	-2.19221 	0
0.0308533 	-131.639 	43.7382 	-2.17197 	0
0.0314246 	-130.971 	43.8326 	-2.15197 	0
0.031996 	-130.307 	43.922 	-2.13177 	0
0.0325673 	-129.736 	43.9254 	-2.1081 	0
0.0331387 	-129.159 	43.9289 	-2.08452 	0
0.0337101 	-128.545 	43.9331 	-2.06164 	0
0.0342814 	-127.931 	43.9373 	-2.03876 	0
0.0348528 	-127.324 	43.94 	-2.01587 	0
0.0354241 	-126.813 	43.9183 	-1.99283 	0
0.0359955 	-126.302 	43.8967 	-1.96979 	0
0.0365668 	-125.761 	43.8744 	-1.9473 	0
0.0371382 	-125.213 	43.8521 	-1.92491 	0
0.0377095 	-124.666 	43.8298 	-1.90253 	0
0.0382809 	-124.15 	43.8118 	-1.88064 	0
0.0388523 	-123.697 	43.8026 	-1.85972 	0
0.0394236 	-123.243 	43.7934 	-1.83881 	0
0.039995 	-122.765 	43.7836 	-1.81832 	0
0.0405663 	-122.28 	43.7735 	-1.79796 	0
0.0411377 	-121.796 	43.7635 	-1.7776 	0
0.041709 	-121.311 	43.7534 	-1.75723 	0
0.0422804 	-120.894 	43.7442 	-1.7377 	0
0.0428518 	-120.498 	43.7353 	-1.71842 	0
0.0434231 	-120.102 	43.7264 	-1.69913 	0
0.0439945 	-119.683 	43.7169 	-1.68025 	0
0.0445658 	-119.26 	43.7073 	-1.66144 	0
0.0451372 	-118.837 	43.6978 	-1.64264 	0
0.0457085 	-118.414 	43.6882 	-1.62383 	0
0.0462799 	-118.012 	43.6792 	-1.6053 	0
0.0468513 	-117.671 	43.6718 	-1.58759 	0
0.0474226 	-117.33 	43.6644 	-1.56988 	0
0.047994 	-116.989 	43.657 	-1.55217 	0
0.0485653 	-116.629 	43.6492 	-1.53483 	0
0.0491367 	-116.266 	43.6413 	-1.51752 	0
0.049708 	-115.903 	43.6334 	-1.50022 	0
0.0502794 	-115.54 	43.6254 	-1.48292 	0
0.0508508 	-115.177 	43.6175 	-1.46561 	0
0.0514221 	-114.86 	43.6108 	-1.449 	0
0.0519935 	-114.572 	43.6049 	-1.43282 	0
0.0525648 	-114.285 	43.5989 	-1.41663 	0
0.0531362 	-113.997 	43.593 	-1.40045 	0
0.0537075 	-113.695 	43.5867 	-1.38453 	0
0.0542789 	-113.389 	43.5803 	-1.36868 	0
0.0548503 	-113.083 	43.5739 	-1.35284 	0
0.0554216 	-112.778 	43.5675 	-1.33699 	0
0.055993 	-112.472 	43.5612 	-1.32115 	0
0.0565643 	-112.166 	43.5548 	-1.3053 	0
0.0571357 	-111.914 	43.5498 	-1.29048 	0
0.057707 	-111.682 	43.5453 	-1.27603 	0
0.0582784 	-111.45 	43.5409 	-1.26158 	0
0.0588497 	-111.218 	43.5364 	-1.24714 	0
0.0594211 	-110.981 	43.5318 	-1.23278 	0
0.0599925 	-110.735 	43.527 	-1.21861 	0
0.0605638 	-110.489 	43.5222 	-1.20444 	0
0.0611352 	-110.243 	43.5174 	-1.19026 	0
0.0617065 	-109.997 	43.5126 	-1.17609 	0
0.0622779 	-109.75 	43.5078 	-1.16192 	0
0.0628492 	-109.504 	43.503 	-1.14775 	0
0.0634206 	-109.28 	43.4988 	-1.13391 	0
0.063992 	-109.09 	43.4955 	-1.12059 	0
0.0645633 	-108.9 	43.4923 	-1.10728 	0
0.0651347 	-108.71 	43.4891 	-1.09396 	0
0.065706 	-108.52 	43.4858 	-1.08064 	0
0.0662774 	-108.318 	43.4823 	-1.06755 	0
0.0668487 	-108.117 	43.4788 	-1.05446 	0
0.0674201 	-107.915 	43.4753 	-1.04138 	0
0.0679915 	-107.714 	43.4717 	-1.02829 	0
0.0685628 	-107.513 	43.4682 	-1.0152 	0
0.0691342 	-107.311 	43.4647 	-1.00212 	0
0.0697055 	-107.112 	43.4612 	-0.989043 	0
0.0702769 	-106.951 	43.459 	-0.976249 	0
0.0708482 	-106.791 	43.4568 	-0.963455 	0
0.0714196 	-106.63 	43.4546 	-0.950661 	0
0.071991 	-106.468 	43.4523 	-0.937908 	0
0.0725623 	-106.298 	43.4498 	-0.925317 	0
0.0731337 	-106.128 	43.4474 	-0.912726 	0
0.073705 	-105.958 	43.4449 	-0.900135 	0
0.0742764 	-105.788 	43.4425 	-0.887544 	0
0.0748477 	-105.618 	43.44 	-0.874953 	0
0.0754191 	-105.454 	43.4377 	-0.862429 	0
0.0759905 	-105.32 	43.4365 	-0.850271 	0
0.0765618 	-105.186 	43.4352 	-0.838113 	0
0.0771332 	-105.052 	43.434 	-0.825956 	0
0.0777045 	-104.912 	43.4326 	-0.813942 	0
0.0782759 	-104.77 	43.4311 	-0.801964 	0
0.0788472 	-104.628 	43.4297 	-0.789987 	0
0.0794186 	-104.486 	43.4283 	-0.778009 	0
0.0799899 	-104.344 	43.4268 	-0.766031 	0
0.0805613 	-104.217 	43.426 	-0.754196 	0
0.0811327 	-104.104 	43.4257 	-0.74249 	0
0.081704 	-103.991 	43.4253 	-0.730784 	0
0.0822754 	-103.873 	43.4249 	-0.719177 	0
0.0828467 	-103.754 	43.4245 	-0.707634 	0
0.0834181 	-103.634 	43.424 	-0.696092 	0
0.0839894 	-103.514 	43.4235 	-0.684549 	0
0.0845608 	-103.394 	43.423 	-0.673007 	0
0.0851322 	-103.298 	43.4237 	-0.661643 	0
0.0857035 	-103.201 	43.4243 	-0.65028 	0
0.0862749 	-103.102 	43.4249 	-0.638985 	0
0.0868462 	-102.999 	43.4254 	-0.627773 	0
0.0874176 	-102.897 	43.4259 	-0.616561 	0
0.0879889 	-102.795 	43.4264 	-0.605349 	0
0.0885603 	-102.701 	43.4274 	-0.59418 	0
0.0891317 	-102.618 	43.4291 	-0.583067 	0
0.089703 	-102.533 	43.4308 	-0.571985 	0
0.0902744 	-102.445 	43.4324 	-0.561015 	0
0.0908457 	-102.358 	43.4339 	-0.550046 	0
0.0914171 	-102.27 	43.4355 	-0.539076 	0
0.0919884 	-102.193 	43.438 	-0.528143 	0
0.0925598 	-102.121 	43.4409 	-0.517226 	0
0.0931312 	-102.046 	43.4437 	-0.506414 	0
0.0937025 	-101.97 	43.4465 	-0.495633 	0
0.0942739 	-101.894 	43.4493 	-0.484852 	0
0.0948452 	-101.827 	43.4531 	-0.474081 	0
0.0954166 	-101.765 	43.4574 	-0.463317 	0
0.0959879 	-101.698 	43.4616 	-0.452681 	0
0.0965593 	-101.632 	43.4658 	-0.442044 	0
0.0971307 	-101.57 	43.4707 	-0.431403 	0
0.097702 	-101.516 	43.4766 	-0.420753 	0
0.0982734 	-101.458 	43.4825 	-0.410217 	0
0.0988447 	-101.4 	43.4884 	-0.399694 	0
0.0994161 	-101.348 	43.4954 	-0.389155 	0
0.0999874 	-101.299 	43.5034 	-0.378636 	0
0.100559 	-101.249 	43.5112 	-0.368208 	0
0.10113 	-101.2 	43.5197 	-0.357767 	0
0.101702 	-101.157 	43.5299 	-0.347307 	0
0.102273 	-101.113 	43.5401 	-0.336953 	0
0.102844 	-101.071 	43.5512 	-0.326577 	0
0.103416 	-101.032 	43.564 	-0.31621 	0
0.103987 	-100.993 	43.5768 	-0.305918 	0
0.104558 	-100.959 	43.5921 	-0.295578 	0
0.10513 	-100.924 	43.6077 	-0.285346 	0
0.105701 	-100.893 	43.6254 	-0.275057 	0
0.106272 	-100.862 	43.6442 	-0.26484 	0
0.106844 	-100.834 	43.6654 	-0.254608 	0
0.107415 	-100.806 	43.6876 	-0.24447 	0
0.107986 	-100.782 	43.7132 	-0.234289 	0
0.108558 	-100.759 	43.7409 	-0.22411 	0
0.109129 	-100.737 	43.7636 	-0.214062 	0
0.109701 	-100.717 	43.7157 	-0.203356 	0
0.110272 	-100.694 	43.2579 	-0.186267 	0
0.110843 	-100.679 	41.8351 	-0.153943 	0
0.111415 	-100.673 	39.5868 	-0.114019 	0
0.111986 	-100.673 	36.9034 	-0.0773067 	0
0.112557 	-100.685 	33.838 	-0.0460527 	0
0.113129 	-100.708 	29.4339 	-0.0195957 	0
0.1137 	-100.73 	1.27024e-10 	-4.91304e-15 	0
