0 	9.41176 	0 	0 	0
0.000571357 	9.20111 	8.67339 	-0.0687755 	0
0.00114271 	8.82849 	9.57499 	-0.156105 	0
0.00171407 	8.46383 	10.2674 	-0.245337 	0
0.00228543 	8.14366 	10.9233 	-0.333857 	0
0.00285678 	7.86782 	11.5901 	-0.421865 	0
0.00342814 	7.63477 	12.2886 	-0.508054 	0
0.0039995 	7.43349 	13.0323 	-0.592697 	0
0.00457085 	7.25646 	13.828 	-0.674796 	0
0.00514221 	7.09415 	14.6847 	-0.754586 	0
0.00571357 	6.94005 	15.6025 	-0.830837 	0
0.00628492 	6.78666 	16.5854 	-0.90378 	0
0.00685628 	6.6271 	17.6344 	-0.973121 	0
0.00742764 	6.47643 	18.7492 	-1.038 	0
0.00799899 	6.36759 	19.9534 	-1.0962 	0
0.00857035 	6.24916 	21.282 	-1.14931 	0
0.00914171 	6.07115 	22.7043 	-1.19377 	0
0.00971307 	5.83574 	24.1853 	-1.23344 	0
0.0102844 	5.54784 	25.6733 	-1.26798 	0
0.0108558 	5.22448 	27.1125 	-1.29715 	0
0.0114271 	4.88042 	28.5068 	-1.32187 	0
0.0119985 	4.52094 	29.9142 	-1.34214 	0
0.0125698 	4.20851 	31.1316 	-1.35547 	0
0.0131412 	3.71634 	33.0188 	-1.36675 	0
0.0137126 	3.24605 	34.6991 	-1.36869 	0
0.0142839 	2.72014 	35.229 	-1.37693 	0
0.0148553 	2.18764 	35.6169 	-1.38523 	0
0.0154266 	1.64721 	35.9827 	-1.39251 	0
0.015998 	1.11124 	36.3284 	-1.39899 	0
0.0165693 	0.571337 	36.6617 	-1.40486 	0
0.0171407 	0.0276536 	36.9821 	-1.41008 	0
0.0177121 	-0.519508 	37.29 	-1.41464 	0
0.0182834 	-1.06984 	37.5877 	-1.41865 	0
0.0188548 	-1.60736 	37.8731 	-1.42243 	0
0.0194261 	-2.15728 	38.1492 	-1.42544 	0
0.0199975 	-2.71412 	38.4211 	-1.42802 	0
0.0205688 	-3.24855 	38.6756 	-1.43042 	0
0.0211402 	-3.80784 	38.9306 	-1.43208 	0
0.0217116 	-4.34175 	39.1689 	-1.43373 	0
0.0222829 	-4.89944 	39.4097 	-1.43471 	0
0.0228543 	-5.43503 	39.6287 	-1.43538 	0
0.0234256 	-5.96813 	39.8461 	-1.43605 	0
0.023997 	-6.52697 	40.0542 	-1.43537 	0
0.0245683 	-7.05542 	40.2405 	-1.43482 	0
0.0251397 	-7.5936 	40.4285 	-1.43395 	0
0.0257111 	-8.13954 	40.5938 	-1.4317 	0
0.0262824 	-8.66074 	40.7328 	-1.42926 	0
0.0268538 	-9.18216 	40.872 	-1.42681 	0
0.0274251 	-9.73292 	41.0052 	-1.42262 	0
0.0279965 	-10.2411 	41.0804 	-1.41774 	0
0.0285678 	-10.7492 	41.1555 	-1.41287 	0
0.0291392 	-11.2692 	41.2338 	-1.40742 	0
0.0297106 	-11.79 	41.2893 	-1.40045 	0
0.0302819 	-12.276 	41.3029 	-1.39301 	0
0.0308533 	-12.7621 	41.3165 	-1.38557 	0
0.0314246 	-13.2514 	41.3307 	-1.37791 	0
0.031996 	-13.766 	41.3487 	-1.36842 	0
0.0325673 	-14.222 	41.3383 	-1.36 	0
0.0331387 	-14.678 	41.3278 	-1.35158 	0
0.0337101 	-15.134 	41.3173 	-1.34315 	0
0.0342814 	-15.5968 	41.307 	-1.33413 	0
0.0348528 	-16.0754 	41.2985 	-1.32359 	0
0.0354241 	-16.4998 	41.3054 	-1.31574 	0
0.0359955 	-16.9243 	41.3123 	-1.30789 	0
0.0365668 	-17.3487 	41.3192 	-1.30004 	0
0.0371382 	-17.7732 	41.3261 	-1.29219 	0
0.0377095 	-18.2118 	41.3327 	-1.28282 	0
0.0382809 	-18.639 	41.3413 	-1.27349 	0
0.0388523 	-19.0319 	41.3546 	-1.26548 	0
0.0394236 	-19.4248 	41.3679 	-1.25748 	0
0.039995 	-19.8177 	41.3811 	-1.24947 	0
0.0405663 	-20.2106 	41.3944 	-1.24146 	0
0.0411377 	-20.6085 	41.4078 	-1.23278 	0
0.041709 	-21.0157 	41.4214 	-1.22283 	0
0.0422804 	-21.3847 	41.4302 	-1.21407 	0
0.0428518 	-21.7424 	41.4376 	-1.20566 	0
0.0434231 	-22.1001 	41.4451 	-1.19724 	0
0.0439945 	-22.4578 	41.4525 	-1.18883 	0
0.0445658 	-22.8155 	41.4599 	-1.18041 	0
0.0451372 	-23.1737 	41.4673 	-1.1719 	0
0.0457085 	-23.5405 	41.4751 	-1.16168 	0
0.0462799 	-23.8959 	41.4829 	-1.15188 	0
0.0468513 	-24.2159 	41.4909 	-1.1434 	0
0.0474226 	-24.536 	41.499 	-1.13492 	0
0.047994 	-24.856 	41.507 	-1.12644 	0
0.0485653 	-25.1761 	41.5151 	-1.11796 	0
0.0491367 	-25.4961 	41.5231 	-1.10948 	0
0.049708 	-25.8162 	41.5312 	-1.101 	0
0.0502794 	-26.1393 	41.5393 	-1.09138 	0
0.0508508 	-26.4637 	41.5475 	-1.08124 	0
0.0514221 	-26.7613 	41.555 	-1.07203 	0
0.0519935 	-27.0423 	41.5622 	-1.06339 	0
0.0525648 	-27.3233 	41.5695 	-1.05475 	0
0.0531362 	-27.6043 	41.5767 	-1.04611 	0
0.0537075 	-27.8853 	41.5839 	-1.03747 	0
0.0542789 	-28.1663 	41.5911 	-1.02883 	0
0.0548503 	-28.4473 	41.5983 	-1.02019 	0
0.0554216 	-28.7284 	41.6056 	-1.0114 	0
0.055993 	-29.0098 	41.6128 	-1.00127 	0
0.0565643 	-29.2913 	41.6201 	-0.991147 	0
0.0571357 	-29.5383 	41.6267 	-0.982251 	0
0.057707 	-29.7724 	41.633 	-0.973817 	0
0.0582784 	-30.0066 	41.6394 	-0.965383 	0
0.0588497 	-30.2407 	41.6458 	-0.956949 	0
0.0594211 	-30.4748 	41.6521 	-0.948515 	0
0.0599925 	-30.7089 	41.6585 	-0.940081 	0
0.0605638 	-30.943 	41.6649 	-0.931647 	0
0.0611352 	-31.1771 	41.6712 	-0.923213 	0
0.0617065 	-31.411 	41.6776 	-0.914638 	0
0.0622779 	-31.6427 	41.6839 	-0.904921 	0
0.0628492 	-31.8744 	41.6903 	-0.895204 	0
0.0634206 	-32.093 	41.6964 	-0.885984 	0
0.063992 	-32.2909 	41.7022 	-0.877556 	0
0.0645633 	-32.4888 	41.708 	-0.869128 	0
0.0651347 	-32.6868 	41.7138 	-0.860699 	0
0.065706 	-32.8847 	41.7196 	-0.852271 	0
0.0662774 	-33.0826 	41.7254 	-0.843843 	0
0.0668487 	-33.2805 	41.7312 	-0.835414 	0
0.0674201 	-33.4784 	41.737 	-0.826986 	0
0.0679915 	-33.6763 	41.7428 	-0.818558 	0
0.0685628 	-33.8709 	41.7485 	-0.809257 	0
0.0691342 	-34.0646 	41.7542 	-0.799696 	0
0.0697055 	-34.2573 	41.76 	-0.790176 	0
0.0702769 	-34.4292 	41.7655 	-0.781514 	0
0.0708482 	-34.6012 	41.7711 	-0.772853 	0
0.0714196 	-34.7732 	41.7767 	-0.764192 	0
0.071991 	-34.9452 	41.7822 	-0.75553 	0
0.0725623 	-35.1171 	41.7878 	-0.746869 	0
0.0731337 	-35.2891 	41.7934 	-0.738208 	0
0.073705 	-35.4611 	41.7989 	-0.729546 	0
0.0742764 	-35.6303 	41.8044 	-0.72033 	0
0.0748477 	-35.797 	41.8099 	-0.710622 	0
0.0754191 	-35.9606 	41.8153 	-0.701084 	0
0.0759905 	-36.1069 	41.8207 	-0.692465 	0
0.0765618 	-36.2532 	41.8261 	-0.683846 	0
0.0771332 	-36.3995 	41.8314 	-0.675227 	0
0.0777045 	-36.5458 	41.8368 	-0.666608 	0
0.0782759 	-36.692 	41.8422 	-0.657989 	0
0.0788472 	-36.8383 	41.8475 	-0.64937 	0
0.0794186 	-36.9813 	41.8528 	-0.640178 	0
0.0799899 	-37.1222 	41.8581 	-0.630604 	0
0.0805613 	-37.2549 	41.8634 	-0.62155 	0
0.0811327 	-37.3804 	41.8687 	-0.612964 	0
0.081704 	-37.5059 	41.8741 	-0.604377 	0
0.0822754 	-37.6314 	41.8795 	-0.59579 	0
0.0828467 	-37.7569 	41.8849 	-0.587203 	0
0.0834181 	-37.8824 	41.8903 	-0.578616 	0
0.0839894 	-38.0036 	41.8955 	-0.569311 	0
0.0845608 	-38.1237 	41.9008 	-0.559839 	0
0.0851322 	-38.2321 	41.9064 	-0.551295 	0
0.0857035 	-38.3405 	41.912 	-0.542752 	0
0.0862749 	-38.4489 	41.9176 	-0.534208 	0
0.0868462 	-38.5573 	41.9232 	-0.525665 	0
0.0874176 	-38.6656 	41.9288 	-0.517109 	0
0.0879889 	-38.769 	41.9343 	-0.507729 	0
0.0885603 	-38.8683 	41.94 	-0.498729 	0
0.0891317 	-38.9625 	41.9461 	-0.490217 	0
0.089703 	-39.0567 	41.9521 	-0.481704 	0
0.0902744 	-39.1509 	41.9582 	-0.473191 	0
0.0908457 	-39.2447 	41.9643 	-0.464608 	0
0.0914171 	-39.3341 	41.9702 	-0.455298 	0
0.0919884 	-39.4185 	41.9768 	-0.446582 	0
0.0925598 	-39.5007 	41.9836 	-0.438106 	0
0.0931312 	-39.583 	41.9904 	-0.42963 	0
0.0937025 	-39.6653 	41.9972 	-0.421154 	0
0.0942739 	-39.7436 	42.0039 	-0.411972 	0
0.0948452 	-39.8173 	42.0115 	-0.4033 	0
0.0954166 	-39.8895 	42.0194 	-0.394852 	0
0.0959879 	-39.9617 	42.0273 	-0.386403 	0
0.0965593 	-40.0322 	42.0351 	-0.377649 	0
0.0971307 	-40.0988 	42.0434 	-0.368737 	0
0.097702 	-40.1624 	42.0527 	-0.36032 	0
0.0982734 	-40.2259 	42.062 	-0.351902 	0
0.0988447 	-40.2878 	42.0713 	-0.343138 	0
0.0994161 	-40.3457 	42.0815 	-0.334418 	0
0.0999874 	-40.4019 	42.0926 	-0.326027 	0
0.100559 	-40.458 	42.1037 	-0.317603 	0
0.10113 	-40.5102 	42.1153 	-0.308683 	0
0.101702 	-40.5601 	42.1286 	-0.300318 	0
0.102273 	-40.6098 	42.1418 	-0.291915 	0
0.102844 	-40.6559 	42.1559 	-0.28311 	0
0.103416 	-40.7004 	42.1718 	-0.274774 	0
0.103987 	-40.7437 	42.1875 	-0.26613 	0
0.104558 	-40.7838 	42.2057 	-0.2577 	0
0.10513 	-40.8232 	42.2244 	-0.249269 	0
0.105701 	-40.8594 	42.2451 	-0.240721 	0
0.106272 	-40.8947 	42.2671 	-0.232305 	0
0.106844 	-40.9272 	42.2915 	-0.22389 	0
0.107415 	-40.9584 	42.3154 	-0.215418 	0
0.107986 	-40.987 	42.3078 	-0.207248 	0
0.108558 	-41.0114 	42.1287 	-0.195962 	0
0.109129 	-41.0325 	41.64 	-0.179581 	0
0.109701 	-41.052 	40.5906 	-0.154521 	0
0.110272 	-41.0731 	39.0197 	-0.124262 	0
0.110843 	-41.0933 	37.1983 	-0.0951628 	0
0.111415 	-41.113 	35.2402 	-0.0685627 	0
0.111986 	-41.1342 	33.1325 	-0.0460336 	0
0.112557 	-41.1568 	30.6147 	-0.0269543 	0
0.113129 	-41.1785 	26.7401 	-0.0110262 	0
0.1137 	-41.1918 	1.13753e-10 	-2.78331e-15 	0
