0 	-9.67175 	0 	0 	0
0.000571357 	-10.0252 	4.06662 	-0.101968 	0
0.00114271 	-10.6001 	4.84418 	-0.224247 	0
0.00171407 	-11.1401 	5.5257 	-0.348298 	0
0.00228543 	-11.5987 	6.21096 	-0.471514 	0
0.00285678 	-11.98 	6.93246 	-0.594346 	0
0.00342814 	-12.2906 	7.70668 	-0.715263 	0
0.0039995 	-12.5489 	8.54576 	-0.834799 	0
0.00457085 	-12.7683 	9.45661 	-0.952034 	0
0.00514221 	-12.9621 	10.4464 	-1.06668 	0
0.00571357 	-13.1426 	11.5168 	-1.17793 	0
0.00628492 	-13.3192 	12.6716 	-1.28616 	0
0.00685628 	-13.4347 	13.9212 	-1.39026 	0
0.00742764 	-13.4863 	15.3036 	-1.48885 	0
0.00799899 	-13.5947 	16.8247 	-1.57866 	0
0.00857035 	-13.775 	18.4655 	-1.66495 	0
0.00914171 	-14.0188 	20.1658 	-1.74154 	0
0.00971307 	-14.3121 	21.918 	-1.81471 	0
0.0102844 	-14.6706 	23.656 	-1.88036 	0
0.0108558 	-15.0831 	25.3301 	-1.93814 	0
0.0114271 	-15.524 	26.9601 	-1.98963 	0
0.0119985 	-15.9853 	28.6245 	-2.03585 	0
0.0125698 	-16.384 	30.0781 	-2.07066 	0
0.0131412 	-17.014 	32.3264 	-2.11103 	0
0.0137126 	-17.6407 	34.2584 	-2.13621 	0
0.0142839 	-18.3071 	34.9102 	-2.14455 	0
0.0148553 	-18.9743 	35.3401 	-2.14827 	0
0.0154266 	-19.6385 	35.7522 	-2.15047 	0
0.015998 	-20.3029 	36.1455 	-2.15227 	0
0.0165693 	-20.9644 	36.516 	-2.15258 	0
0.0171407 	-21.6217 	36.8693 	-2.15173 	0
0.0177121 	-22.2742 	37.2084 	-2.14991 	0
0.0182834 	-22.9213 	37.535 	-2.14713 	0
0.0188548 	-23.5683 	37.8448 	-2.14429 	0
0.0194261 	-24.2096 	38.143 	-2.14071 	0
0.0199975 	-24.8387 	38.4381 	-2.13576 	0
0.0205688 	-25.4768 	38.7114 	-2.13194 	0
0.0211402 	-26.0919 	38.9869 	-2.12566 	0
0.0217116 	-26.7195 	39.2425 	-2.121 	0
0.0222829 	-27.3219 	39.5021 	-2.1139 	0
0.0228543 	-27.9353 	39.7399 	-2.10815 	0
0.0234256 	-28.5383 	39.9777 	-2.10157 	0
0.023997 	-29.1238 	40.2062 	-2.09357 	0
0.0245683 	-29.7232 	40.416 	-2.08686 	0
0.0251397 	-30.2992 	40.6296 	-2.07844 	0
0.0257111 	-30.8679 	40.8213 	-2.06925 	0
0.0262824 	-31.4478 	40.9902 	-2.06067 	0
0.0268538 	-32.01 	41.1628 	-2.05099 	0
0.0274251 	-32.5477 	41.3263 	-2.03952 	0
0.0279965 	-33.1022 	41.4328 	-2.02815 	0
0.0285678 	-33.6567 	41.5394 	-2.01679 	0
0.0291392 	-34.1738 	41.6547 	-2.00332 	0
0.0297106 	-34.6844 	41.7385 	-1.98887 	0
0.0302819 	-35.2038 	41.7729 	-1.97403 	0
0.0308533 	-35.7232 	41.8074 	-1.95918 	0
0.0314246 	-36.2119 	41.8469 	-1.94257 	0
0.031996 	-36.6799 	41.8871 	-1.92482 	0
0.0325673 	-37.1551 	41.8798 	-1.9084 	0
0.0331387 	-37.6303 	41.8725 	-1.89198 	0
0.0337101 	-38.1054 	41.8652 	-1.87556 	0
0.0342814 	-38.5374 	41.8588 	-1.85651 	0
0.0348528 	-38.9604 	41.8532 	-1.83716 	0
0.0354241 	-39.3889 	41.8568 	-1.82182 	0
0.0359955 	-39.8174 	41.8604 	-1.80648 	0
0.0365668 	-40.2459 	41.8641 	-1.79115 	0
0.0371382 	-40.6556 	41.8668 	-1.77474 	0
0.0377095 	-41.0312 	41.868 	-1.7564 	0
0.0382809 	-41.4092 	41.8731 	-1.7393 	0
0.0388523 	-41.7921 	41.886 	-1.72466 	0
0.0394236 	-42.175 	41.8989 	-1.71002 	0
0.039995 	-42.5579 	41.9118 	-1.69537 	0
0.0405663 	-42.9361 	41.9246 	-1.6805 	0
0.0411377 	-43.2661 	41.936 	-1.66328 	0
0.041709 	-43.5961 	41.9475 	-1.64606 	0
0.0422804 	-43.931 	41.9558 	-1.63098 	0
0.0428518 	-44.2674 	41.9632 	-1.61653 	0
0.0434231 	-44.6038 	41.9705 	-1.60208 	0
0.0439945 	-44.9402 	41.9779 	-1.58763 	0
0.0445658 	-45.2766 	41.9853 	-1.57318 	0
0.0451372 	-45.5666 	41.9917 	-1.55672 	0
0.0457085 	-45.8515 	41.9981 	-1.54004 	0
0.0462799 	-46.1375 	42.0047 	-1.52405 	0
0.0468513 	-46.427 	42.012 	-1.51016 	0
0.0474226 	-46.7164 	42.0194 	-1.49626 	0
0.047994 	-47.0058 	42.0267 	-1.48237 	0
0.0485653 	-47.2953 	42.034 	-1.46848 	0
0.0491367 	-47.5847 	42.0414 	-1.45459 	0
0.049708 	-47.8417 	42.048 	-1.43942 	0
0.0502794 	-48.0823 	42.0542 	-1.42361 	0
0.0508508 	-48.3229 	42.0604 	-1.40781 	0
0.0514221 	-48.5655 	42.0667 	-1.39351 	0
0.0519935 	-48.8093 	42.0732 	-1.38014 	0
0.0525648 	-49.0531 	42.0796 	-1.36677 	0
0.0531362 	-49.297 	42.086 	-1.3534 	0
0.0537075 	-49.5408 	42.0924 	-1.34004 	0
0.0542789 	-49.7846 	42.0988 	-1.32667 	0
0.0548503 	-50.0186 	42.105 	-1.31295 	0
0.0554216 	-50.2173 	42.1104 	-1.29799 	0
0.055993 	-50.416 	42.1158 	-1.28303 	0
0.0565643 	-50.6147 	42.1212 	-1.26807 	0
0.0571357 	-50.8107 	42.1267 	-1.25496 	0
0.057707 	-51.0057 	42.1322 	-1.24254 	0
0.0582784 	-51.2007 	42.1377 	-1.23012 	0
0.0588497 	-51.3956 	42.1432 	-1.21771 	0
0.0594211 	-51.5906 	42.1487 	-1.20529 	0
0.0599925 	-51.7856 	42.1542 	-1.19287 	0
0.0605638 	-51.9806 	42.1596 	-1.18046 	0
0.0611352 	-52.1604 	42.1648 	-1.16755 	0
0.0617065 	-52.3162 	42.1694 	-1.15386 	0
0.0622779 	-52.472 	42.174 	-1.14017 	0
0.0628492 	-52.6278 	42.1786 	-1.12648 	0
0.0634206 	-52.7846 	42.1833 	-1.11349 	0
0.063992 	-52.9432 	42.1882 	-1.10162 	0
0.0645633 	-53.1018 	42.1931 	-1.08976 	0
0.0651347 	-53.2604 	42.198 	-1.07789 	0
0.065706 	-53.419 	42.2029 	-1.06602 	0
0.0662774 	-53.5776 	42.2078 	-1.05416 	0
0.0668487 	-53.7362 	42.2127 	-1.04229 	0
0.0674201 	-53.8932 	42.2176 	-1.03037 	0
0.0679915 	-54.0175 	42.2217 	-1.01746 	0
0.0685628 	-54.1419 	42.2258 	-1.00455 	0
0.0691342 	-54.2663 	42.2299 	-0.991632 	0
0.0697055 	-54.3911 	42.2341 	-0.978771 	0
0.0702769 	-54.5246 	42.2388 	-0.967001 	0
0.0708482 	-54.6581 	42.2434 	-0.955232 	0
0.0714196 	-54.7916 	42.2481 	-0.943462 	0
0.071991 	-54.9251 	42.2528 	-0.931693 	0
0.0725623 	-55.0585 	42.2575 	-0.919924 	0
0.0731337 	-55.192 	42.2621 	-0.908154 	0
0.073705 	-55.3059 	42.2664 	-0.8958 	0
0.0742764 	-55.4089 	42.2703 	-0.883127 	0
0.0748477 	-55.512 	42.2743 	-0.870453 	0
0.0754191 	-55.6162 	42.2783 	-0.857975 	0
0.0759905 	-55.727 	42.2829 	-0.846564 	0
0.0765618 	-55.8377 	42.2874 	-0.835153 	0
0.0771332 	-55.9485 	42.2919 	-0.823742 	0
0.0777045 	-56.0593 	42.2965 	-0.812331 	0
0.0782759 	-56.17 	42.301 	-0.800921 	0
0.0788472 	-56.2657 	42.3052 	-0.789062 	0
0.0794186 	-56.3502 	42.3091 	-0.77687 	0
0.0799899 	-56.4347 	42.313 	-0.764677 	0
0.0805613 	-56.5237 	42.3173 	-0.753037 	0
0.0811327 	-56.6169 	42.3219 	-0.741891 	0
0.081704 	-56.7102 	42.3265 	-0.730745 	0
0.0822754 	-56.8034 	42.3311 	-0.719599 	0
0.0828467 	-56.8966 	42.3356 	-0.708453 	0
0.0834181 	-56.9748 	42.3399 	-0.69685 	0
0.0839894 	-57.0452 	42.3439 	-0.685009 	0
0.0845608 	-57.1156 	42.348 	-0.673171 	0
0.0851322 	-57.1949 	42.3529 	-0.662241 	0
0.0857035 	-57.2742 	42.3578 	-0.651312 	0
0.0862749 	-57.3535 	42.3626 	-0.640382 	0
0.0868462 	-57.4328 	42.3675 	-0.629453 	0
0.0874176 	-57.4972 	42.372 	-0.618046 	0
0.0879889 	-57.5566 	42.3764 	-0.606485 	0
0.0885603 	-57.6199 	42.3813 	-0.595271 	0
0.0891317 	-57.688 	42.3867 	-0.584502 	0
0.089703 	-57.7561 	42.3921 	-0.573733 	0
0.0902744 	-57.8242 	42.3975 	-0.562964 	0
0.0908457 	-57.8795 	42.4026 	-0.551765 	0
0.0914171 	-57.9303 	42.4075 	-0.540411 	0
0.0919884 	-57.9869 	42.4134 	-0.52957 	0
0.0925598 	-58.0458 	42.4195 	-0.518935 	0
0.0931312 	-58.1047 	42.4257 	-0.5083 	0
0.0937025 	-58.1563 	42.4317 	-0.4974 	0
0.0942739 	-58.1999 	42.4375 	-0.486214 	0
0.0948452 	-58.2491 	42.4443 	-0.475499 	0
0.0954166 	-58.3004 	42.4516 	-0.464966 	0
0.0959879 	-58.3517 	42.4589 	-0.454434 	0
0.0965593 	-58.3909 	42.4658 	-0.443429 	0
0.0971307 	-58.4313 	42.4734 	-0.432594 	0
0.097702 	-58.4762 	42.4821 	-0.422151 	0
0.0982734 	-58.521 	42.4908 	-0.411708 	0
0.0988447 	-58.5552 	42.4992 	-0.400806 	0
0.0994161 	-58.5919 	42.5087 	-0.390182 	0
0.0999874 	-58.6313 	42.5192 	-0.379809 	0
0.100559 	-58.6664 	42.5296 	-0.36923 	0
0.10113 	-58.6968 	42.5404 	-0.358504 	0
0.101702 	-58.7317 	42.5531 	-0.348193 	0
0.102273 	-58.7629 	42.5656 	-0.3377 	0
0.102844 	-58.7904 	42.579 	-0.327102 	0
0.103416 	-58.8213 	42.5942 	-0.316847 	0
0.103987 	-58.8461 	42.6091 	-0.306249 	0
0.104558 	-58.8728 	42.6267 	-0.29595 	0
0.10513 	-58.8972 	42.6446 	-0.28554 	0
0.105701 	-58.9202 	42.6645 	-0.27519 	0
0.106272 	-58.9421 	42.6855 	-0.264846 	0
0.106844 	-58.963 	42.7092 	-0.254593 	0
0.107415 	-58.9813 	42.7337 	-0.244212 	0
0.107986 	-59.0005 	42.7585 	-0.234211 	0
0.108558 	-59.0157 	42.7245 	-0.223392 	0
0.109129 	-59.0284 	42.5106 	-0.209805 	0
0.109701 	-59.0384 	41.8349 	-0.188613 	0
0.110272 	-59.0491 	40.4391 	-0.156564 	0
0.110843 	-59.0618 	38.5647 	-0.121709 	0
0.111415 	-59.0759 	36.4603 	-0.0888238 	0
0.111986 	-59.0937 	34.1801 	-0.0603785 	0
0.112557 	-59.1162 	31.509 	-0.0359198 	0
0.113129 	-59.1416 	27.4699 	-0.0149732 	0
0.1137 	-59.1596 	1.1568e-10 	-3.63788e-15 	0
