0 	-196.078 	0 	0 	0
0.000571357 	-196.017 	-4.00032 	0.26042 	0
0.00114271 	-196.002 	-4.17522 	0.45411 	0
0.00171407 	-196.058 	-4.0276 	0.606364 	0
0.00228543 	-196.158 	-3.78684 	0.733713 	0
0.00285678 	-196.284 	-3.50057 	0.842129 	0
0.00342814 	-196.422 	-3.1836 	0.933514 	0
0.0039995 	-196.561 	-2.84307 	1.00932 	0
0.00457085 	-196.695 	-2.48403 	1.06988 	0
0.00514221 	-196.819 	-2.10588 	1.11491 	0
0.00571357 	-196.928 	-1.7123 	1.14379 	0
0.00628492 	-197.021 	-1.30067 	1.15534 	0
0.00685628 	-197.091 	-0.865428 	1.14726 	0
0.00742764 	-197.124 	-0.396512 	1.11609 	0
0.00799899 	-197.089 	0.154543 	1.05227 	0
0.00857035 	-196.968 	0.824652 	0.951816 	0
0.00914171 	-196.723 	1.72155 	0.799223 	0
0.00971307 	-196.365 	2.9338 	0.596572 	0
0.0102844 	-195.904 	4.6525 	0.344765 	0
0.0108558 	-195.389 	6.93502 	0.0658637 	0
0.0114271 	-194.836 	9.76219 	-0.211601 	0
0.0119985 	-194.236 	13.138 	-0.46448 	0
0.0125698 	-193.68 	16.3201 	-0.63975 	0
0.0131412 	-192.741 	21.5145 	-0.79244 	0
0.0137126 	-191.897 	26.2306 	-0.819066 	0
0.0142839 	-191.19 	29.9253 	-0.822416 	0
0.0148553 	-190.543 	32.486 	-0.862978 	0
0.0154266 	-189.828 	34.6577 	-0.905122 	0
0.015998 	-189.058 	36.0163 	-0.936975 	0
0.0165693 	-188.263 	36.8125 	-0.960953 	0
0.0171407 	-187.45 	37.4382 	-0.980957 	0
0.0177121 	-186.623 	37.9987 	-0.998701 	0
0.0182834 	-185.783 	38.5089 	-1.01464 	0
0.0188548 	-184.938 	38.969 	-1.02863 	0
0.0194261 	-184.078 	39.3891 	-1.04102 	0
0.0199975 	-183.219 	39.7921 	-1.05274 	0
0.0205688 	-182.347 	40.1497 	-1.06244 	0
0.0211402 	-181.476 	40.5018 	-1.0719 	0
0.0217116 	-180.601 	40.8176 	-1.07975 	0
0.0222829 	-179.728 	41.1336 	-1.08762 	0
0.0228543 	-178.847 	41.4148 	-1.09369 	0
0.0234256 	-177.972 	41.6939 	-1.09974 	0
0.023997 	-177.092 	41.9593 	-1.10501 	0
0.0245683 	-176.22 	42.2061 	-1.10947 	0
0.0251397 	-175.349 	42.4529 	-1.11392 	0
0.0257111 	-174.475 	42.6845 	-1.11741 	0
0.0262824 	-173.611 	42.9029 	-1.12028 	0
0.0268538 	-172.748 	43.1213 	-1.12315 	0
0.0274251 	-171.884 	43.3333 	-1.12565 	0
0.0279965 	-171.033 	43.5221 	-1.1271 	0
0.0285678 	-170.184 	43.711 	-1.12863 	0
0.0291392 	-169.336 	43.8999 	-1.13016 	0
0.0297106 	-168.491 	44.0644 	-1.13053 	0
0.0302819 	-167.662 	44.1949 	-1.12964 	0
0.0308533 	-166.835 	44.3256 	-1.12879 	0
0.0314246 	-166.007 	44.4562 	-1.12793 	0
0.031996 	-165.181 	44.5812 	-1.12686 	0
0.0325673 	-164.39 	44.6089 	-1.12242 	0
0.0331387 	-163.604 	44.6372 	-1.11823 	0
0.0337101 	-162.817 	44.6655 	-1.11404 	0
0.0342814 	-162.031 	44.6937 	-1.10985 	0
0.0348528 	-161.249 	44.7189 	-1.10552 	0
0.0354241 	-160.523 	44.6968 	-1.09936 	0
0.0359955 	-159.801 	44.6748 	-1.09348 	0
0.0365668 	-159.079 	44.6528 	-1.0876 	0
0.0371382 	-158.358 	44.6308 	-1.08172 	0
0.0377095 	-157.636 	44.6089 	-1.07583 	0
0.0382809 	-156.935 	44.589 	-1.06967 	0
0.0388523 	-156.279 	44.5735 	-1.06323 	0
0.0394236 	-155.625 	44.558 	-1.05695 	0
0.039995 	-154.971 	44.5425 	-1.05068 	0
0.0405663 	-154.316 	44.5271 	-1.04441 	0
0.0411377 	-153.662 	44.5116 	-1.03813 	0
0.041709 	-153.008 	44.4961 	-1.03186 	0
0.0422804 	-152.405 	44.482 	-1.02499 	0
0.0428518 	-151.821 	44.4684 	-1.01832 	0
0.0434231 	-151.236 	44.4547 	-1.01167 	0
0.0439945 	-150.652 	44.4411 	-1.00503 	0
0.0445658 	-150.068 	44.4275 	-0.998378 	0
0.0451372 	-149.484 	44.4138 	-0.991731 	0
0.0457085 	-148.9 	44.4002 	-0.985083 	0
0.0462799 	-148.333 	44.387 	-0.978272 	0
0.0468513 	-147.819 	44.3753 	-0.971059 	0
0.0474226 	-147.307 	44.3637 	-0.964095 	0
0.047994 	-146.795 	44.352 	-0.957132 	0
0.0485653 	-146.282 	44.3403 	-0.950169 	0
0.0491367 	-145.77 	44.3287 	-0.943205 	0
0.049708 	-145.258 	44.317 	-0.936242 	0
0.0502794 	-144.746 	44.3053 	-0.929278 	0
0.0508508 	-144.233 	44.2937 	-0.922315 	0
0.0514221 	-143.765 	44.2832 	-0.915036 	0
0.0519935 	-143.324 	44.2734 	-0.90772 	0
0.0525648 	-142.884 	44.2637 	-0.90055 	0
0.0531362 	-142.443 	44.254 	-0.89338 	0
0.0537075 	-142.003 	44.2443 	-0.886211 	0
0.0542789 	-141.563 	44.2345 	-0.879041 	0
0.0548503 	-141.123 	44.2248 	-0.871872 	0
0.0554216 	-140.683 	44.2151 	-0.864702 	0
0.055993 	-140.242 	44.2053 	-0.857533 	0
0.0565643 	-139.802 	44.1956 	-0.850363 	0
0.0571357 	-139.419 	44.1874 	-0.843042 	0
0.057707 	-139.058 	44.1798 	-0.83578 	0
0.0582784 	-138.697 	44.1722 	-0.828655 	0
0.0588497 	-138.337 	44.1645 	-0.82153 	0
0.0594211 	-137.976 	44.1569 	-0.814405 	0
0.0599925 	-137.615 	44.1493 	-0.80728 	0
0.0605638 	-137.255 	44.1416 	-0.800155 	0
0.0611352 	-136.894 	44.134 	-0.79303 	0
0.0617065 	-136.533 	44.1264 	-0.785905 	0
0.0622779 	-136.173 	44.1188 	-0.77878 	0
0.0628492 	-135.812 	44.1111 	-0.771655 	0
0.0634206 	-135.475 	44.1042 	-0.764426 	0
0.063992 	-135.176 	44.0983 	-0.757059 	0
0.0645633 	-134.876 	44.0923 	-0.749885 	0
0.0651347 	-134.577 	44.0864 	-0.74271 	0
0.065706 	-134.278 	44.0805 	-0.735536 	0
0.0662774 	-133.979 	44.0746 	-0.728361 	0
0.0668487 	-133.679 	44.0687 	-0.721187 	0
0.0674201 	-133.38 	44.0628 	-0.714012 	0
0.0679915 	-133.081 	44.0569 	-0.706838 	0
0.0685628 	-132.782 	44.0509 	-0.699663 	0
0.0691342 	-132.483 	44.045 	-0.692489 	0
0.0697055 	-132.185 	44.0392 	-0.685296 	0
0.0702769 	-131.931 	44.0346 	-0.677732 	0
0.0708482 	-131.676 	44.0301 	-0.670353 	0
0.0714196 	-131.421 	44.0256 	-0.662985 	0
0.071991 	-131.166 	44.021 	-0.655618 	0
0.0725623 	-130.911 	44.0165 	-0.64825 	0
0.0731337 	-130.656 	44.012 	-0.640882 	0
0.073705 	-130.401 	44.0074 	-0.633515 	0
0.0742764 	-130.146 	44.0029 	-0.626147 	0
0.0748477 	-129.891 	43.9983 	-0.61878 	0
0.0754191 	-129.642 	43.994 	-0.611388 	0
0.0759905 	-129.428 	43.9908 	-0.603897 	0
0.0765618 	-129.214 	43.9876 	-0.59655 	0
0.0771332 	-129 	43.9844 	-0.589202 	0
0.0777045 	-128.785 	43.9811 	-0.581855 	0
0.0782759 	-128.571 	43.9779 	-0.574507 	0
0.0788472 	-128.357 	43.9747 	-0.56716 	0
0.0794186 	-128.142 	43.9715 	-0.559813 	0
0.0799899 	-127.928 	43.9683 	-0.552465 	0
0.0805613 	-127.731 	43.9657 	-0.545042 	0
0.0811327 	-127.549 	43.9637 	-0.537664 	0
0.081704 	-127.367 	43.9617 	-0.530337 	0
0.0822754 	-127.185 	43.9597 	-0.52301 	0
0.0828467 	-127.004 	43.9576 	-0.515683 	0
0.0834181 	-126.822 	43.9556 	-0.508356 	0
0.0839894 	-126.64 	43.9536 	-0.501029 	0
0.0845608 	-126.458 	43.9516 	-0.493702 	0
0.0851322 	-126.303 	43.9508 	-0.48629 	0
0.0857035 	-126.147 	43.9499 	-0.47899 	0
0.0862749 	-125.991 	43.9491 	-0.47169 	0
0.0868462 	-125.836 	43.9483 	-0.46439 	0
0.0874176 	-125.68 	43.9474 	-0.45709 	0
0.0879889 	-125.524 	43.9466 	-0.44979 	0
0.0885603 	-125.378 	43.9463 	-0.442436 	0
0.0891317 	-125.244 	43.9467 	-0.435128 	0
0.089703 	-125.11 	43.947 	-0.42785 	0
0.0902744 	-124.976 	43.9474 	-0.420572 	0
0.0908457 	-124.842 	43.9478 	-0.413294 	0
0.0914171 	-124.708 	43.9482 	-0.406016 	0
0.0919884 	-124.587 	43.9495 	-0.398676 	0
0.0925598 	-124.471 	43.9512 	-0.391421 	0
0.0931312 	-124.355 	43.9529 	-0.384166 	0
0.0937025 	-124.239 	43.9547 	-0.376911 	0
0.0942739 	-124.123 	43.9564 	-0.369656 	0
0.0948452 	-124.019 	43.9592 	-0.362349 	0
0.0954166 	-123.918 	43.9624 	-0.355114 	0
0.0959879 	-123.817 	43.9656 	-0.347878 	0
0.0965593 	-123.716 	43.9688 	-0.340643 	0
0.0971307 	-123.62 	43.9727 	-0.333367 	0
0.097702 	-123.532 	43.9777 	-0.326143 	0
0.0982734 	-123.444 	43.9826 	-0.318927 	0
0.0988447 	-123.357 	43.9876 	-0.311711 	0
0.0994161 	-123.275 	43.9937 	-0.304458 	0
0.0999874 	-123.198 	44.0007 	-0.297261 	0
0.100559 	-123.121 	44.0077 	-0.290065 	0
0.10113 	-123.047 	44.0153 	-0.28284 	0
0.101702 	-122.979 	44.0246 	-0.27565 	0
0.102273 	-122.912 	44.0339 	-0.268469 	0
0.102844 	-122.847 	44.0441 	-0.261262 	0
0.103416 	-122.788 	44.0561 	-0.254105 	0
0.103987 	-122.729 	44.068 	-0.246948 	0
0.104558 	-122.675 	44.0823 	-0.239765 	0
0.10513 	-122.623 	44.0971 	-0.232613 	0
0.105701 	-122.574 	44.1139 	-0.22546 	0
0.106272 	-122.528 	44.1319 	-0.218349 	0
0.106844 	-122.486 	44.1521 	-0.2112 	0
0.107415 	-122.445 	44.1735 	-0.204064 	0
0.107986 	-122.408 	44.198 	-0.196982 	0
0.108558 	-122.374 	44.2245 	-0.189883 	0
0.109129 	-122.343 	44.2535 	-0.182772 	0
0.109701 	-122.314 	44.2822 	-0.175726 	0
0.110272 	-122.288 	44.2385 	-0.16814 	0
0.110843 	-122.262 	43.6456 	-0.152504 	0
0.111415 	-122.247 	41.7908 	-0.118058 	0
0.111986 	-122.242 	38.8665 	-0.0784141 	0
0.112557 	-122.249 	35.4494 	-0.0451416 	0
0.113129 	-122.269 	30.7586 	-0.0188476 	0
0.1137 	-122.29 	1.35483e-10 	-4.93844e-15 	0
